#Time 	Sensor1         Sensor2         Target          Time            Vel             
#================================================================

15      	29.67, -15.18, -7.20 	-0.28, 0.35, -6.70 	-3.42, 9.40 	13,21,7,928		0.00,0.00	0,0 	0
21      	29.69, -15.18, -7.18 	-0.22, 0.35, -6.69 	-3.42, 9.40 	13,21,7,938		3.21,9.62	0,0 	0
30      	29.69, -15.18, -7.18 	-0.26, 0.35, -6.69 	-3.42, 9.40 	13,21,7,948		0.00,4.28	0,0 	0
38      	29.69, -15.19, -7.18 	-0.28, 0.33, -6.68 	-3.42, 9.40 	13,21,7,957		1.33,3.57	0,0 	0
47      	29.66, -15.22, -7.19 	-0.29, 0.36, -6.69 	-3.42, 9.40 	13,21,7,967		4.79,3.74	0,0 	0
56      	29.65, -15.21, -7.19 	-0.27, 0.37, -6.70 	-3.42, 9.40 	13,21,7,977		1.60,2.43	0,0 	0
65      	29.65, -15.22, -7.18 	-0.28, 0.37, -6.69 	-3.42, 9.40 	13,21,7,987		1.18,1.07	0,0 	0
73      	29.65, -15.23, -7.18 	-0.28, 0.38, -6.71 	-3.42, 9.40 	13,21,7,996		1.33,1.34	0,0 	0
82      	29.68, -15.22, -7.19 	-0.30, 0.37, -6.70 	-3.42, 9.40 	13,21,8,6		3.42,2.43	0,0 	0
91      	29.70, -15.22, -7.18 	-0.30, 0.36, -6.70 	-3.42, 9.40 	13,21,8,16		2.14,1.19	0,0 	0
99      	29.66, -15.25, -7.18 	-0.31, 0.34, -6.68 	-3.42, 9.40 	13,21,8,25		6.26,2.91	0,0 	0
108     	29.68, -15.22, -7.16 	-0.33, 0.35, -6.68 	-3.42, 9.40 	13,21,8,35		4.15,2.46	0,0 	0
117     	29.68, -15.24, -7.15 	-0.31, 0.36, -6.69 	-3.42, 9.40 	13,21,8,45		2.37,2.43	0,0 	0
125     	29.66, -15.26, -7.15 	-0.31, 0.36, -6.69 	-3.42, 9.40 	13,21,8,54		3.59,0.00	0,0 	0
134     	29.65, -15.28, -7.15 	-0.33, 0.37, -6.68 	-3.42, 9.40 	13,21,8,64		2.60,2.46	0,0 	0
143     	29.65, -15.28, -7.16 	-0.33, 0.36, -6.68 	-3.42, 9.40 	13,21,8,74		0.00,1.19	0,0 	0
151     	29.66, -15.29, -7.15 	-0.33, 0.36, -6.69 	-3.42, 9.40 	13,21,8,83		1.80,0.00	0,0 	0
160     	29.66, -15.29, -7.15 	-0.34, 0.38, -6.68 	-3.42, 9.40 	13,21,8,93		0.00,2.62	0,0 	0
169     	29.67, -15.27, -7.16 	-0.34, 0.38, -6.69 	-3.42, 9.40 	13,21,8,103		2.60,0.00	0,0 	0
177     	29.69, -15.26, -7.16 	-0.32, 0.39, -6.69 	-3.42, 9.40 	13,21,8,112		2.75,2.73	0,0 	0
186     	29.67, -15.24, -7.16 	-0.34, 0.38, -6.68 	-3.42, 9.40 	13,21,8,122		3.19,2.43	0,0 	0
195     	29.67, -15.24, -7.16 	-0.32, 0.37, -6.68 	-3.42, 9.40 	13,21,8,132		0.00,2.46	0,0 	0
203     	29.71, -15.21, -7.16 	-0.32, 0.38, -6.70 	-3.42, 9.40 	13,21,8,141		7.23,1.34	0,0 	0
212     	29.71, -15.23, -7.16 	-0.30, 0.38, -6.69 	-3.42, 9.40 	13,21,8,151		2.37,2.14	0,0 	0
221     	29.71, -15.23, -7.16 	-0.31, 0.39, -6.69 	-3.42, 9.40 	13,21,8,161		0.00,1.61	0,0 	0
229     	29.71, -15.25, -7.15 	-0.31, 0.39, -6.69 	-3.42, 9.40 	13,21,8,170		2.66,0.00	0,0 	0
238     	29.72, -15.24, -7.15 	-0.31, 0.38, -6.69 	-3.42, 9.40 	13,21,8,180		1.60,1.19	0,0 	0
247     	29.73, -15.22, -7.16 	-0.31, 0.39, -6.68 	-3.42, 9.40 	13,21,8,190		2.60,1.19	0,0 	0
256     	29.72, -15.22, -7.17 	-0.32, 0.37, -6.68 	-3.42, 9.40 	13,21,8,200		1.07,2.59	0,0 	0
264     	29.74, -15.19, -7.16 	-0.32, 0.37, -6.68 	-3.42, 9.40 	13,21,8,209		4.67,0.00	0,0 	0
273     	29.74, -15.20, -7.17 	-0.32, 0.39, -6.70 	-3.42, 9.40 	13,21,8,219		1.18,2.38	0,0 	0
282     	29.74, -15.20, -7.17 	-0.35, 0.39, -6.69 	-3.42, 9.40 	13,21,8,229		0.00,3.21	0,0 	0
290     	29.74, -15.20, -7.17 	-0.35, 0.39, -6.69 	-3.42, 9.40 	13,21,8,238		0.00,0.00	0,0 	0
299     	29.74, -15.22, -7.16 	-0.35, 0.38, -6.69 	-3.42, 9.40 	13,21,8,248		2.37,1.19	0,0 	0
308     	29.75, -15.21, -7.16 	-0.33, 0.38, -6.69 	-3.42, 9.40 	13,21,8,258		1.60,2.14	0,0 	0
316     	29.74, -15.21, -7.16 	-0.35, 0.37, -6.68 	-3.42, 9.40 	13,21,8,267		1.20,2.73	0,0 	0
325     	29.73, -15.23, -7.16 	-0.35, 0.37, -6.68 	-3.42, 9.40 	13,21,8,276		2.60,0.00	0,0 	0
334     	29.72, -15.22, -7.16 	-0.35, 0.37, -6.68 	-3.42, 9.40 	13,21,8,286		1.60,0.00	0,0 	0
342     	29.73, -15.23, -7.16 	-0.33, 0.36, -6.67 	-3.42, 9.40 	13,21,8,295		1.79,2.77	0,0 	0
351     	29.76, -15.22, -7.15 	-0.33, 0.36, -6.67 	-3.42, 9.40 	13,21,8,305		3.42,0.00	0,0 	0
360     	29.74, -15.24, -7.15 	-0.35, 0.37, -6.66 	-3.42, 9.40 	13,21,8,315		3.19,2.46	0,0 	0
368     	29.73, -15.24, -7.15 	-0.35, 0.37, -6.67 	-3.42, 9.40 	13,21,8,324		1.20,0.00	0,0 	0
377     	29.73, -15.24, -7.16 	-0.33, 0.37, -6.66 	-3.42, 9.40 	13,21,8,334		0.00,2.14	0,0 	0
386     	29.72, -15.26, -7.14 	-0.33, 0.37, -6.66 	-3.42, 9.40 	13,21,8,344		2.60,0.00	0,0 	0
394     	29.72, -15.27, -7.14 	-0.35, 0.36, -6.65 	-3.42, 9.40 	13,21,8,353		1.33,2.73	0,0 	0
403     	29.71, -15.28, -7.14 	-0.33, 0.36, -6.65 	-3.42, 9.40 	13,21,8,364		1.60,2.14	0,0 	0
412     	29.71, -15.24, -7.14 	-0.33, 0.38, -6.66 	-3.42, 9.40 	13,21,8,373		4.74,2.38	0,0 	0
420     	29.71, -15.24, -7.15 	-0.32, 0.38, -6.66 	-3.42, 9.40 	13,21,8,382		0.00,1.20	0,0 	0
429     	29.73, -15.23, -7.15 	-0.33, 0.38, -6.65 	-3.42, 9.40 	13,21,8,392		2.45,1.07	0,0 	0
438     	29.72, -15.22, -7.14 	-0.33, 0.38, -6.65 	-3.42, 9.40 	13,21,8,402		1.60,0.00	0,0 	0
446     	29.72, -15.22, -7.15 	-0.33, 0.38, -6.65 	-3.42, 9.40 	13,21,8,412		0.00,0.00	0,0 	0
455     	29.72, -15.23, -7.15 	-0.33, 0.38, -6.65 	-3.42, 9.40 	13,21,8,421		1.18,0.00	0,0 	0
464     	29.74, -15.23, -7.15 	-0.33, 0.38, -6.65 	-3.42, 9.40 	13,21,8,431		2.14,0.00	0,0 	0
473     	29.75, -15.23, -7.14 	-0.33, 0.38, -6.65 	-3.42, 9.40 	13,21,8,441		1.07,0.00	0,0 	0
481     	29.75, -15.21, -7.15 	-0.33, 0.39, -6.64 	-3.42, 9.40 	13,21,8,450		2.66,1.34	0,0 	0
490     	29.74, -15.21, -7.14 	-0.33, 0.38, -6.64 	-3.42, 9.40 	13,21,8,460		1.07,1.19	0,0 	0
499     	29.74, -15.21, -7.14 	-0.32, 0.38, -6.66 	-3.42, 9.40 	13,21,8,470		0.00,1.07	0,0 	0
507     	29.74, -15.21, -7.14 	-0.33, 0.39, -6.66 	-3.42, 9.40 	13,21,8,479		0.00,1.81	0,0 	0
516     	29.74, -15.21, -7.14 	-0.32, 0.39, -6.66 	-3.42, 9.40 	13,21,8,489		0.00,1.07	0,0 	0
525     	29.74, -15.20, -7.15 	-0.33, 0.39, -6.66 	-3.42, 9.40 	13,21,8,499		1.18,1.07	0,0 	0
533     	29.73, -15.19, -7.15 	-0.32, 0.39, -6.66 	-3.42, 9.40 	13,21,8,508		1.80,1.20	0,0 	0
542     	29.73, -15.19, -7.15 	-0.31, 0.39, -6.66 	-3.42, 9.40 	13,21,8,518		0.00,1.07	0,0 	0
551     	29.75, -15.17, -7.15 	-0.31, 0.39, -6.66 	-3.42, 9.40 	13,21,8,528		3.19,0.00	0,0 	0
559     	29.75, -15.17, -7.14 	-0.31, 0.39, -6.66 	-3.42, 9.40 	13,21,8,537		0.00,0.00	0,0 	0
568     	29.75, -15.17, -7.14 	-0.31, 0.39, -6.66 	-3.42, 9.40 	13,21,8,547		0.00,0.00	0,0 	0
577     	29.73, -15.18, -7.14 	-0.31, 0.40, -6.68 	-3.42, 9.40 	13,21,8,557		2.45,1.19	0,0 	0
585     	29.74, -15.21, -7.12 	-0.36, 0.39, -6.66 	-3.42, 9.40 	13,21,8,566		4.17,6.14	0,0 	0
594     	29.74, -15.21, -7.12 	-0.36, 0.40, -6.66 	-3.42, 9.40 	13,21,8,576		0.00,1.19	0,0 	0
603     	29.74, -15.24, -7.13 	-0.36, 0.40, -6.66 	-3.42, 9.40 	13,21,8,586		3.55,0.00	0,0 	0
611     	29.75, -15.22, -7.13 	-0.36, 0.40, -6.66 	-3.42, 9.40 	13,21,8,595		2.92,0.00	0,0 	0
620     	29.75, -15.23, -7.13 	-0.36, 0.41, -6.68 	-3.42, 9.40 	13,21,8,605		1.18,1.19	0,0 	0
629     	29.75, -15.24, -7.13 	-0.34, 0.40, -6.67 	-3.42, 9.40 	13,21,8,615		1.18,2.46	0,0 	0
639     	29.78, -15.25, -7.12 	-0.34, 0.40, -6.67 	-3.42, 9.40 	13,21,8,626		3.08,0.00	0,0 	0
646     	29.78, -15.24, -7.11 	-0.34, 0.40, -6.67 	-3.42, 9.40 	13,21,8,634		1.52,0.00	0,0 	0
655     	29.78, -15.24, -7.11 	-0.34, 0.40, -6.67 	-3.42, 9.40 	13,21,8,644		0.00,0.00	0,0 	0
664     	29.78, -15.24, -7.11 	-0.33, 0.41, -6.66 	-3.42, 9.40 	13,21,8,654		0.00,1.59	0,0 	0
672     	29.78, -15.24, -7.11 	-0.33, 0.41, -6.66 	-3.42, 9.40 	13,21,8,663		0.00,0.00	0,0 	0
681     	29.75, -15.22, -7.13 	-0.37, 0.40, -6.66 	-3.42, 9.40 	13,21,8,673		3.99,4.42	0,0 	0
690     	29.73, -15.25, -7.13 	-0.37, 0.40, -6.65 	-3.42, 9.40 	13,21,8,683		4.15,0.00	0,0 	0
698     	29.73, -15.25, -7.13 	-0.37, 0.42, -6.67 	-3.42, 9.40 	13,21,8,692		0.00,2.67	0,0 	0
707     	29.73, -15.25, -7.13 	-0.37, 0.42, -6.67 	-3.42, 9.40 	13,21,8,702		0.00,0.00	0,0 	0
716     	29.72, -15.23, -7.14 	-0.37, 0.41, -6.67 	-3.42, 9.40 	13,21,8,712		2.60,1.19	0,0 	0
724     	29.77, -15.23, -7.14 	-0.37, 0.40, -6.66 	-3.42, 9.40 	13,21,8,721		6.02,1.34	0,0 	0
733     	29.75, -15.23, -7.14 	-0.37, 0.41, -6.67 	-3.42, 9.40 	13,21,8,731		2.14,1.19	0,0 	0
742     	29.75, -15.25, -7.14 	-0.37, 0.41, -6.67 	-3.42, 9.40 	13,21,8,741		2.37,0.00	0,0 	0
750     	29.76, -15.26, -7.13 	-0.37, 0.41, -6.67 	-3.42, 9.40 	13,21,8,750		1.79,0.00	0,0 	0
759     	29.76, -15.27, -7.13 	-0.37, 0.41, -6.67 	-3.42, 9.40 	13,21,8,760		1.18,0.00	0,0 	0
768     	29.77, -15.27, -7.14 	-0.37, 0.39, -6.67 	-3.42, 9.40 	13,21,8,770		1.07,2.38	0,0 	0
776     	29.75, -15.27, -7.13 	-0.36, 0.39, -6.66 	-3.42, 9.40 	13,21,8,779		2.41,1.20	0,0 	0
785     	29.74, -15.28, -7.13 	-0.36, 0.39, -6.66 	-3.42, 9.40 	13,21,8,789		1.60,0.00	0,0 	0
794     	29.72, -15.26, -7.13 	-0.37, 0.40, -6.66 	-3.42, 9.40 	13,21,8,799		3.19,1.61	0,0 	0
804     	29.72, -15.25, -7.14 	-0.36, 0.41, -6.68 	-3.42, 9.40 	13,21,8,810		1.07,1.43	0,0 	0
811     	29.76, -15.23, -7.16 	-0.36, 0.41, -6.68 	-3.42, 9.40 	13,21,8,818		6.29,0.00	0,0 	0
820     	29.78, -15.21, -7.15 	-0.35, 0.42, -6.68 	-3.42, 9.40 	13,21,8,828		3.19,1.59	0,0 	0
829     	29.76, -15.22, -7.15 	-0.35, 0.42, -6.67 	-3.42, 9.40 	13,21,8,838		2.45,0.00	0,0 	0
837     	29.75, -15.24, -7.14 	-0.39, 0.42, -6.67 	-3.42, 9.40 	13,21,8,847		2.92,4.81	0,0 	0
846     	29.75, -15.25, -7.13 	-0.40, 0.41, -6.67 	-3.42, 9.40 	13,21,8,857		1.18,1.59	0,0 	0
855     	29.76, -15.26, -7.13 	-0.40, 0.41, -6.67 	-3.42, 9.40 	13,21,8,867		1.60,0.00	0,0 	0
863     	29.73, -15.27, -7.12 	-0.41, 0.43, -6.67 	-3.42, 9.40 	13,21,8,876		3.85,2.95	0,0 	0
872     	29.73, -15.28, -7.12 	-0.41, 0.42, -6.66 	-3.42, 9.40 	13,21,8,886		1.18,1.19	0,0 	0
881     	29.70, -15.30, -7.13 	-0.39, 0.43, -6.66 	-3.42, 9.40 	13,21,8,896		3.99,2.43	0,0 	0
889     	29.71, -15.28, -7.13 	-0.39, 0.42, -6.65 	-3.42, 9.40 	13,21,8,905		2.92,1.34	0,0 	0
898     	29.71, -15.28, -7.12 	-0.39, 0.42, -6.65 	-3.42, 9.40 	13,21,8,915		0.00,0.00	0,0 	0
907     	29.72, -15.28, -7.14 	-0.39, 0.42, -6.66 	-3.42, 9.40 	13,21,8,925		1.07,0.00	0,0 	0
915     	29.76, -15.27, -7.14 	-0.39, 0.43, -6.67 	-3.42, 9.40 	13,21,8,934		5.00,1.34	0,0 	0
924     	29.75, -15.27, -7.15 	-0.39, 0.43, -6.67 	-3.42, 9.40 	13,21,8,944		1.07,0.00	0,0 	0
933     	29.77, -15.30, -7.12 	-0.39, 0.42, -6.65 	-3.42, 9.40 	13,21,8,954		4.15,1.19	0,0 	0
941     	29.73, -15.33, -7.14 	-0.39, 0.42, -6.65 	-3.42, 9.40 	13,21,8,963		5.51,0.00	0,0 	0
950     	29.71, -15.34, -7.14 	-0.39, 0.42, -6.65 	-3.42, 9.40 	13,21,8,973		2.45,0.00	0,0 	0
959     	29.72, -15.35, -7.14 	-0.39, 0.42, -6.65 	-3.42, 9.40 	13,21,8,983		1.60,0.00	0,0 	0
967     	29.73, -15.33, -7.13 	-0.39, 0.42, -6.65 	-3.42, 9.40 	13,21,8,992		2.92,0.00	0,0 	0
976     	29.71, -15.31, -7.13 	-0.39, 0.42, -6.65 	-3.42, 9.40 	13,21,9,2		2.45,0.00	0,0 	0
985     	29.71, -15.31, -7.13 	-0.39, 0.42, -6.65 	-3.42, 9.40 	13,21,9,12		0.00,0.00	0,0 	0
994     	29.71, -15.31, -7.13 	-0.39, 0.42, -6.65 	-3.42, 9.40 	13,21,9,22		0.00,0.00	0,0 	0
1002    	29.74, -15.29, -7.13 	-0.39, 0.42, -6.65 	-3.42, 9.40 	13,21,9,31		4.49,0.00	1000,1 	0
1011    	29.74, -15.30, -7.13 	-0.39, 0.42, -6.65 	-3.42, 9.40 	13,21,9,41		1.18,0.00	1000,1 	0
1020    	29.72, -15.33, -7.13 	-0.39, 0.42, -6.65 	-3.42, 9.40 	13,21,9,51		3.19,0.00	1000,1 	0
1028    	29.72, -15.33, -7.12 	-0.44, 0.42, -6.65 	-3.42, 9.40 	13,21,9,60		0.00,6.02	1000,1 	0
1037    	29.72, -15.33, -7.12 	-0.44, 0.43, -6.65 	-3.42, 9.40 	13,21,9,70		0.00,1.19	1000,1 	0
1046    	29.74, -15.30, -7.12 	-0.42, 0.44, -6.67 	-3.42, 9.40 	13,21,9,80		3.19,2.43	1000,1 	0
1054    	29.70, -15.34, -7.13 	-0.42, 0.45, -6.66 	-3.42, 9.40 	13,21,9,89		6.26,1.34	1000,1 	0
1063    	29.70, -15.33, -7.14 	-0.41, 0.45, -6.67 	-3.42, 9.40 	13,21,9,99		1.60,1.07	1000,1 	0
1072    	29.69, -15.30, -7.15 	-0.41, 0.45, -6.67 	-3.42, 9.40 	13,21,9,109		2.60,0.00	1000,1 	0
1080    	29.70, -15.30, -7.15 	-0.41, 0.47, -6.67 	-3.42, 9.40 	13,21,9,118		2.41,1.34	1000,1 	0
1089    	29.73, -15.28, -7.14 	-0.41, 0.45, -6.67 	-3.42, 9.40 	13,21,9,128		3.99,1.19	1000,1 	0
1098    	29.70, -15.30, -7.15 	-0.40, 0.45, -6.67 	-3.42, 9.40 	13,21,9,138		3.99,1.07	1000,1 	0
1106    	29.70, -15.30, -7.15 	-0.40, 0.45, -6.67 	-3.42, 9.40 	13,21,9,147		0.00,0.00	1000,1 	0
1115    	29.70, -15.30, -7.15 	-0.40, 0.44, -6.66 	-3.42, 9.40 	13,21,9,157		0.00,1.19	1000,1 	0
1124    	29.70, -15.30, -7.15 	-0.40, 0.44, -6.66 	-3.42, 9.40 	13,21,9,167		0.00,0.00	1000,1 	0
1132    	29.70, -15.30, -7.15 	-0.40, 0.45, -6.66 	-3.42, 9.40 	13,21,9,176		0.00,1.34	1000,1 	0
1141    	29.69, -15.31, -7.15 	-0.40, 0.45, -6.65 	-3.42, 9.40 	13,21,9,186		2.45,0.00	1000,1 	0
1150    	29.69, -15.30, -7.15 	-0.40, 0.47, -6.66 	-3.42, 9.40 	13,21,9,196		1.18,1.19	1000,1 	0
1158    	29.71, -15.26, -7.15 	-0.44, 0.47, -6.66 	-3.42, 9.40 	13,21,9,205		6.44,4.81	1000,1 	0
1167    	29.70, -15.28, -7.15 	-0.44, 0.48, -6.67 	-3.42, 9.40 	13,21,9,215		3.19,1.19	1000,1 	0
1176    	29.68, -15.26, -7.17 	-0.44, 0.47, -6.67 	-3.42, 9.40 	13,21,9,225		3.19,1.19	1000,1 	0
1185    	29.71, -15.23, -7.17 	-0.48, 0.48, -6.67 	-3.42, 9.40 	13,21,9,235		5.56,4.46	1000,1 	0
1193    	29.72, -15.21, -7.17 	-0.48, 0.48, -6.67 	-3.42, 9.40 	13,21,9,244		2.92,0.00	1000,1 	0
1202    	29.73, -15.23, -7.16 	-0.46, 0.48, -6.66 	-3.42, 9.40 	13,21,9,254		2.60,2.14	1000,1 	0
1211    	29.70, -15.28, -7.16 	-0.46, 0.49, -6.66 	-3.42, 9.40 	13,21,9,264		6.74,1.19	1000,1 	0
1219    	29.69, -15.28, -7.15 	-0.46, 0.48, -6.66 	-3.42, 9.40 	13,21,9,273		2.41,1.34	1000,1 	0
1228    	29.70, -15.29, -7.14 	-0.48, 0.49, -6.66 	-3.42, 9.40 	13,21,9,283		1.60,3.44	1000,1 	0
1237    	29.70, -15.29, -7.14 	-0.49, 0.50, -6.66 	-3.42, 9.40 	13,21,9,293		1.07,1.19	1000,1 	0
1245    	29.69, -15.27, -7.15 	-0.47, 0.49, -6.66 	-3.42, 9.40 	13,21,9,302		3.59,2.77	1000,1 	0
1254    	29.70, -15.26, -7.16 	-0.50, 0.50, -6.66 	-3.42, 9.40 	13,21,9,312		1.60,4.46	1000,1 	0
1263    	29.69, -15.23, -7.16 	-0.49, 0.50, -6.67 	-3.42, 9.40 	13,21,9,322		3.71,1.07	1000,1 	0
1271    	29.69, -15.23, -7.18 	-0.49, 0.50, -6.67 	-3.42, 9.40 	13,21,9,331		0.00,1.20	1000,1 	0
1280    	29.68, -15.26, -7.17 	-0.49, 0.50, -6.65 	-3.42, 9.40 	13,21,9,341		3.71,0.00	1000,1 	0
1289    	29.68, -15.27, -7.16 	-0.48, 0.50, -6.66 	-3.42, 9.40 	13,21,9,351		1.18,1.07	1000,1 	0
1297    	29.67, -15.30, -7.16 	-0.46, 0.49, -6.65 	-3.42, 9.40 	13,21,9,360		4.17,2.77	1000,1 	0
1306    	29.66, -15.33, -7.15 	-0.48, 0.49, -6.65 	-3.42, 9.40 	13,21,9,370		2.60,2.14	1000,1 	0
1315    	29.66, -15.34, -7.15 	-0.47, 0.50, -6.67 	-3.42, 9.40 	13,21,9,380		1.18,1.59	1000,1 	0
1323    	29.66, -15.33, -7.15 	-0.50, 0.52, -6.66 	-3.42, 9.40 	13,21,9,389		1.33,5.54	1000,1 	0
1332    	29.66, -15.31, -7.17 	-0.51, 0.52, -6.67 	-3.42, 9.40 	13,21,9,399		1.18,1.07	1000,1 	0
1341    	29.62, -15.31, -7.19 	-0.54, 0.53, -6.68 	-3.42, 9.40 	13,21,9,409		4.28,3.44	1000,1 	0
1350    	29.66, -15.29, -7.18 	-0.54, 0.54, -6.66 	-3.42, 9.40 	13,21,9,419		4.89,1.19	1000,1 	0
1358    	29.67, -15.25, -7.18 	-0.58, 0.54, -6.66 	-3.42, 9.40 	13,21,9,428		5.46,4.81	1000,1 	0
1367    	29.67, -15.24, -7.18 	-0.57, 0.54, -6.68 	-3.42, 9.40 	13,21,9,438		1.18,1.07	1000,1 	0
1376    	29.64, -15.24, -7.20 	-0.55, 0.54, -6.69 	-3.42, 9.40 	13,21,9,448		3.21,2.14	1000,1 	0
1384    	29.65, -15.24, -7.21 	-0.57, 0.54, -6.68 	-3.42, 9.40 	13,21,9,457		1.20,2.41	1000,1 	0
1393    	29.63, -15.26, -7.21 	-0.61, 0.57, -6.69 	-3.42, 9.40 	13,21,9,467		3.19,5.61	1000,1 	0
1402    	29.60, -15.28, -7.20 	-0.62, 0.58, -6.69 	-3.42, 9.40 	13,21,9,477		3.99,1.61	1000,1 	0
1410    	29.55, -15.28, -7.21 	-0.63, 0.58, -6.69 	-3.42, 9.40 	13,21,9,486		6.02,1.20	1000,1 	0
1419    	29.54, -15.28, -7.22 	-0.62, 0.58, -6.68 	-3.42, 9.40 	13,21,9,496		1.07,1.07	1000,1 	0
1428    	29.52, -15.26, -7.23 	-0.65, 0.60, -6.68 	-3.42, 9.40 	13,21,9,506		3.19,3.44	1000,1 	0
1436    	29.55, -15.23, -7.24 	-0.64, 0.61, -6.69 	-3.42, 9.40 	13,21,9,515		5.39,1.78	1000,1 	0
1445    	29.58, -15.19, -7.26 	-0.70, 0.59, -6.68 	-3.42, 9.40 	13,21,9,525		5.72,6.81	1000,1 	0
1454    	29.60, -15.15, -7.29 	-0.70, 0.61, -6.68 	-3.42, 9.40 	13,21,9,535		4.15,2.38	1000,1 	0
1462    	29.57, -15.12, -7.30 	-0.68, 0.62, -6.69 	-3.42, 9.40 	13,21,9,544		5.38,2.73	1000,1 	0
1471    	29.56, -15.07, -7.33 	-0.70, 0.64, -6.71 	-3.42, 9.40 	13,21,9,554		6.01,3.22	1000,1 	0
1480    	29.48, -15.11, -7.33 	-0.69, 0.63, -6.70 	-3.42, 9.40 	13,21,9,564		9.79,1.61	1000,1 	0
1488    	29.45, -15.09, -7.36 	-0.74, 0.62, -6.69 	-3.42, 9.40 	13,21,9,573		4.49,6.14	1000,1 	0
1497    	29.42, -15.06, -7.37 	-0.75, 0.67, -6.74 	-3.42, 9.40 	13,21,9,583		5.56,6.05	1000,1 	0
1506    	29.37, -14.98, -7.44 	-0.74, 0.69, -6.71 	-3.42, 9.40 	13,21,9,593		9.86,2.59	1000,1 	0
1514    	29.29, -14.91, -7.50 	-0.73, 0.70, -6.75 	-3.42, 9.40 	13,21,9,602		13.40,1.78	1000,1 	0
1523    	29.27, -14.78, -7.57 	-0.74, 0.67, -6.71 	-3.42, 9.40 	13,21,9,612		14.36,3.71	1000,1 	0
1532    	29.26, -14.65, -7.69 	-0.71, 0.64, -6.72 	-3.42, 9.40 	13,21,9,622		14.25,4.83	1000,1 	0
1541    	29.27, -14.48, -7.76 	-0.62, 0.64, -6.73 	-3.42, 9.40 	13,21,9,632		18.97,9.62	1000,1 	0
1549    	29.25, -14.36, -7.83 	-0.50, 0.57, -6.73 	-3.42, 9.40 	13,21,9,641		16.16,17.68	1000,1 	0
1558    	29.17, -14.22, -7.92 	-0.41, 0.56, -6.74 	-3.42, 9.40 	13,21,9,651		18.15,9.71	1000,1 	0
1567    	29.11, -14.10, -8.00 	-0.29, 0.55, -6.74 	-3.42, 9.40 	13,21,9,661		14.52,12.90	1000,1 	0
1575    	29.02, -13.95, -8.08 	-0.29, 0.52, -6.73 	-3.42, 9.40 	13,21,9,670		21.56,4.01	1000,1 	0
1584    	28.96, -13.79, -8.19 	-0.23, 0.52, -6.75 	-3.42, 9.40 	13,21,9,680		19.27,7.49	1000,1 	0
1593    	28.83, -13.67, -8.31 	-0.17, 0.56, -6.81 	-3.42, 9.40 	13,21,9,690		19.05,7.93	1000,1 	0
1601    	28.74, -13.53, -8.42 	-0.20, 0.61, -6.88 	-3.42, 9.40 	13,21,9,699		20.42,7.64	1000,1 	0
1610    	28.72, -13.37, -8.57 	-0.22, 0.71, -6.94 	-3.42, 9.40 	13,21,9,709		18.04,10.94	1000,1 	0
1619    	28.74, -13.12, -8.68 	-0.23, 0.78, -7.01 	-3.42, 9.40 	13,21,9,719		28.60,8.40	1000,1 	0
1627    	28.76, -12.86, -8.76 	-0.28, 0.85, -7.05 	-3.42, 9.40 	13,21,9,728		32.06,10.10	1000,1 	0
1636    	28.74, -12.69, -8.85 	-0.27, 0.93, -7.09 	-3.42, 9.40 	13,21,9,738		19.06,9.55	1000,1 	0
1645    	28.74, -12.58, -8.92 	-0.26, 1.03, -7.12 	-3.42, 9.40 	13,21,9,748		13.02,10.73	1000,1 	0
1653    	28.72, -12.52, -8.96 	-0.27, 1.15, -7.16 	-3.42, 9.40 	13,21,9,757		7.57,14.77	1000,1 	0
1662    	28.68, -12.45, -9.02 	-0.36, 1.22, -7.20 	-3.42, 9.40 	13,21,9,767		9.32,13.65	1000,1 	0
1671    	28.53, -12.39, -9.09 	-0.46, 1.37, -7.26 	-3.42, 9.40 	13,21,9,777		17.11,19.91	1000,1 	0
1679    	28.43, -12.29, -9.20 	-0.62, 1.59, -7.36 	-3.42, 9.40 	13,21,9,786		18.78,33.17	1000,1 	0
1688    	28.33, -12.13, -9.30 	-0.79, 1.84, -7.48 	-3.42, 9.40 	13,21,9,796		20.73,33.66	1000,1 	0
1697    	28.24, -11.95, -9.38 	-0.87, 2.06, -7.59 	-3.42, 9.40 	13,21,9,806		22.31,26.50	1000,1 	0
1705    	28.20, -11.78, -9.42 	-0.97, 2.24, -7.69 	-3.42, 9.40 	13,21,9,815		22.14,25.87	1000,1 	0
1714    	28.15, -11.62, -9.47 	-1.08, 2.38, -7.77 	-3.42, 9.40 	13,21,9,825		18.54,19.55	1000,1 	0
1723    	28.12, -11.45, -9.51 	-1.11, 2.45, -7.87 	-3.42, 9.40 	13,21,9,835		19.21,8.37	1000,1 	0
1732    	28.04, -11.32, -9.56 	-1.18, 2.55, -7.96 	-3.42, 9.40 	13,21,9,845		16.58,13.14	1000,1 	0
1740    	28.00, -11.18, -9.59 	-1.27, 2.69, -8.07 	-3.42, 9.40 	13,21,9,854		17.97,20.61	1000,1 	0
1749    	27.84, -11.14, -9.58 	-1.42, 2.78, -8.14 	-3.42, 9.40 	13,21,9,864		18.80,20.31	1000,1 	0
1758    	27.74, -11.08, -9.60 	-1.66, 2.86, -8.18 	-3.42, 9.40 	13,21,9,874		12.23,27.10	1000,1 	0
1766    	27.61, -11.01, -9.62 	-1.83, 2.88, -8.25 	-3.42, 9.40 	13,21,9,883		19.26,21.86	1000,1 	0
1775    	27.51, -10.93, -9.62 	-1.95, 2.97, -8.32 	-3.42, 9.40 	13,21,9,893		13.53,16.08	1000,1 	0
1785    	27.45, -10.79, -9.65 	-2.09, 3.07, -8.40 	-3.42, 9.40 	13,21,9,904		16.37,17.47	1000,1 	0
1792    	27.45, -10.68, -9.66 	-2.20, 3.21, -8.48 	-3.42, 9.40 	13,21,9,912		15.22,25.14	1000,1 	0
1801    	27.43, -10.58, -9.67 	-2.35, 3.29, -8.55 	-3.42, 9.40 	13,21,9,922		10.87,19.70	1000,1 	0
1810    	27.45, -10.49, -9.68 	-2.45, 3.40, -8.57 	-3.42, 9.40 	13,21,9,932		10.87,16.10	1000,1 	0
1818    	27.42, -10.43, -9.64 	-2.54, 3.49, -8.61 	-3.42, 9.40 	13,21,9,941		7.57,15.33	1000,1 	0
1827    	27.37, -10.36, -9.64 	-2.61, 3.57, -8.64 	-3.42, 9.40 	13,21,9,951		9.86,12.88	1000,1 	0
1836    	27.31, -10.28, -9.64 	-2.71, 3.64, -8.67 	-3.42, 9.40 	13,21,9,961		10.48,12.94	1000,1 	0
1844    	27.29, -10.17, -9.62 	-2.75, 3.71, -8.70 	-3.42, 9.40 	13,21,9,970		14.84,10.59	1000,1 	0
1853    	27.21, -10.10, -9.62 	-2.83, 3.82, -8.74 	-3.42, 9.40 	13,21,9,980		11.96,14.74	1000,1 	0
1862    	27.11, -10.03, -9.58 	-2.86, 3.96, -8.77 	-3.42, 9.40 	13,21,9,990		13.53,15.82	1000,1 	0
1870    	27.02, -10.01, -9.56 	-2.93, 4.05, -8.76 	-3.42, 9.40 	13,21,9,999		11.16,13.71	1000,1 	0
1879    	26.99, -9.93, -9.54 	-2.96, 4.11, -8.78 	-3.42, 9.40 	13,21,10,9		9.33,8.37	1000,1 	0
1888    	26.98, -9.82, -9.53 	-3.03, 4.20, -8.78 	-3.42, 9.40 	13,21,10,19		13.07,12.19	1000,1 	0
1896    	26.99, -9.66, -9.51 	-3.02, 4.29, -8.76 	-3.42, 9.40 	13,21,10,28		20.01,12.07	1000,1 	0
1905    	26.95, -9.51, -9.47 	-3.04, 4.38, -8.75 	-3.42, 9.40 	13,21,10,38		17.11,9.77	1000,1 	0
1914    	26.91, -9.43, -9.44 	-3.05, 4.50, -8.75 	-3.42, 9.40 	13,21,10,48		9.32,13.13	1000,1 	0
1924    	26.93, -9.30, -9.38 	-3.05, 4.60, -8.71 	-3.42, 9.40 	13,21,10,58		12.93,10.69	1000,1 	0
1932    	26.86, -9.23, -9.35 	-3.06, 4.73, -8.67 	-3.42, 9.40 	13,21,10,67		12.56,16.10	1000,1 	0
1941    	26.79, -9.19, -9.28 	-3.11, 4.91, -8.60 	-3.42, 9.40 	13,21,10,77		8.86,20.97	1000,1 	0
1950    	26.67, -9.18, -9.25 	-3.16, 5.10, -8.51 	-3.42, 9.40 	13,21,10,87		13.96,20.97	1000,1 	0
1958    	26.58, -9.11, -9.23 	-3.29, 5.31, -8.38 	-3.42, 9.40 	13,21,10,96		13.46,31.17	1000,1 	0
1967    	26.54, -9.05, -9.20 	-3.34, 5.58, -8.31 	-3.42, 9.40 	13,21,10,106		8.29,30.26	1000,1 	0
1977    	26.50, -8.98, -9.18 	-3.32, 5.78, -8.20 	-3.42, 9.40 	13,21,10,117		7.46,20.38	1000,1 	0
1984    	26.50, -8.94, -9.18 	-3.33, 5.96, -8.09 	-3.42, 9.40 	13,21,10,125		6.24,26.02	1000,1 	0
1993    	26.50, -8.89, -9.18 	-3.32, 6.13, -7.99 	-3.42, 9.40 	13,21,10,135		5.92,19.02	1000,1 	0
2002    	26.50, -8.88, -9.15 	-3.32, 6.28, -7.90 	-3.42, 9.40 	13,21,10,145		1.18,16.65	1000,1 	0
2010    	26.49, -8.85, -9.13 	-3.25, 6.45, -7.81 	-3.42, 9.40 	13,21,10,154		4.17,22.86	1000,1 	0
2019    	26.45, -8.87, -9.10 	-3.16, 6.58, -7.71 	-3.42, 9.40 	13,21,10,164		4.89,17.08	1000,1 	0
2028    	26.39, -8.81, -9.09 	-3.12, 6.68, -7.61 	-3.42, 9.40 	13,21,10,174		8.73,11.88	1000,1 	0
2036    	26.34, -8.76, -9.08 	-3.10, 6.84, -7.53 	-3.42, 9.40 	13,21,10,183		8.97,20.15	1000,1 	0
2045    	26.34, -8.71, -9.07 	-3.07, 7.02, -7.47 	-3.42, 9.40 	13,21,10,193		5.92,20.40	1000,1 	0
2054    	26.32, -8.65, -9.09 	-2.99, 7.19, -7.40 	-3.42, 9.40 	13,21,10,203		6.29,21.17	1000,1 	0
2062    	26.29, -8.60, -9.07 	-3.02, 7.35, -7.29 	-3.42, 9.40 	13,21,10,212		7.57,20.69	1000,1 	0
2071    	26.30, -8.56, -9.08 	-3.07, 7.53, -7.24 	-3.42, 9.40 	13,21,10,222		4.86,20.97	1000,1 	0
2080    	26.30, -8.54, -9.07 	-3.03, 7.68, -7.21 	-3.42, 9.40 	13,21,10,232		2.37,17.39	1000,1 	0
2088    	26.33, -8.52, -9.05 	-2.92, 7.82, -7.20 	-3.42, 9.40 	13,21,10,241		4.49,21.68	1000,1 	0
2097    	26.35, -8.49, -9.02 	-2.86, 7.95, -7.18 	-3.42, 9.40 	13,21,10,251		3.19,16.00	1000,1 	0
2106    	26.34, -8.50, -9.01 	-2.86, 8.02, -7.16 	-3.42, 9.40 	13,21,10,261		1.60,8.32	1000,1 	0
2115    	26.31, -8.47, -9.01 	-2.92, 8.11, -7.15 	-3.42, 9.40 	13,21,10,271		4.79,12.19	1000,1 	0
2123    	26.29, -8.44, -9.01 	-2.94, 8.16, -7.13 	-3.42, 9.40 	13,21,10,280		4.66,7.14	1000,1 	0
2132    	26.29, -8.39, -9.00 	-2.98, 8.22, -7.12 	-3.42, 9.40 	13,21,10,290		5.92,7.37	1000,1 	0
2141    	26.26, -8.37, -9.00 	-2.99, 8.29, -7.12 	-3.42, 9.40 	13,21,10,300		4.89,8.40	1000,1 	0
2149    	26.26, -8.36, -9.01 	-3.03, 8.34, -7.11 	-3.42, 9.40 	13,21,10,309		1.80,8.29	1000,1 	0
2158    	26.26, -8.32, -9.02 	-3.06, 8.38, -7.11 	-3.42, 9.40 	13,21,10,319		3.71,4.83	1000,1 	0
2168    	26.25, -8.31, -9.01 	-3.04, 8.43, -7.12 	-3.42, 9.40 	13,21,10,330		1.44,5.65	1000,1 	0
2175    	26.25, -8.31, -9.01 	-3.01, 8.47, -7.12 	-3.42, 9.40 	13,21,10,338		0.00,7.32	1000,1 	0
2184    	26.26, -8.31, -9.00 	-3.01, 8.50, -7.12 	-3.42, 9.40 	13,21,10,348		2.14,3.56	1000,1 	0
2193    	26.24, -8.29, -9.00 	-3.02, 8.54, -7.12 	-3.42, 9.40 	13,21,10,358		3.99,3.74	1000,1 	0
2201    	26.26, -8.27, -9.00 	-3.01, 8.54, -7.11 	-3.42, 9.40 	13,21,10,367		3.59,1.20	1000,1 	0
2210    	26.24, -8.28, -9.00 	-3.00, 8.55, -7.11 	-3.42, 9.40 	13,21,10,377		2.45,1.59	1000,1 	0
2219    	26.24, -8.27, -9.00 	-3.00, 8.57, -7.10 	-3.42, 9.40 	13,21,10,387		1.18,2.38	1000,1 	0
2227    	26.24, -8.27, -9.00 	-3.01, 8.59, -7.10 	-3.42, 9.40 	13,21,10,396		0.00,2.95	1000,1 	0
2236    	26.26, -8.25, -8.99 	-3.01, 8.59, -7.09 	-3.42, 9.40 	13,21,10,406		3.19,0.00	1000,1 	0
2245    	26.23, -8.28, -8.99 	-3.02, 8.60, -7.09 	-3.42, 9.40 	13,21,10,416		4.79,1.61	1000,1 	0
2253    	26.25, -8.26, -9.00 	-3.00, 8.62, -7.09 	-3.42, 9.40 	13,21,10,425		3.59,3.57	1000,1 	0
2262    	26.24, -8.26, -9.00 	-3.01, 8.64, -7.08 	-3.42, 9.40 	13,21,10,435		1.07,2.38	1000,1 	0
2271    	26.23, -8.28, -8.98 	-3.01, 8.65, -7.07 	-3.42, 9.40 	13,21,10,445		2.60,1.61	1000,1 	0
2280    	26.26, -8.27, -8.98 	-3.02, 8.72, -7.08 	-3.42, 9.40 	13,21,10,455		3.42,7.22	1000,1 	0
2288    	26.26, -8.27, -8.97 	-3.03, 8.75, -7.06 	-3.42, 9.40 	13,21,10,464		1.20,4.20	1000,1 	0
2297    	26.22, -8.27, -8.97 	-3.06, 8.77, -7.03 	-3.42, 9.40 	13,21,10,474		5.35,4.02	1000,1 	0
2306    	26.25, -8.25, -8.97 	-3.11, 8.85, -6.99 	-3.42, 9.40 	13,21,10,484		3.99,9.95	1000,1 	0
2314    	26.24, -8.25, -8.97 	-3.20, 8.91, -6.94 	-3.42, 9.40 	13,21,10,493		1.20,13.57	1000,1 	0
2323    	26.24, -8.21, -8.98 	-3.25, 9.00, -6.89 	-3.42, 9.40 	13,21,10,503		4.74,10.97	1000,1 	0
2332    	26.25, -8.20, -8.98 	-3.31, 9.10, -6.86 	-3.42, 9.40 	13,21,10,513		1.60,12.55	1000,1 	0
2340    	26.27, -8.17, -8.99 	-3.35, 9.17, -6.83 	-3.42, 9.40 	13,21,10,522		3.59,10.59	1000,1 	0
2349    	26.26, -8.16, -9.00 	-3.35, 9.27, -6.83 	-3.42, 9.40 	13,21,10,532		1.60,10.69	1000,1 	0
2359    	26.27, -8.15, -8.99 	-3.32, 9.34, -6.82 	-3.42, 9.40 	13,21,10,543		2.20,7.98	1000,1 	0
2366    	26.30, -8.14, -9.00 	-3.37, 9.36, -6.80 	-3.42, 9.40 	13,21,10,551		4.40,7.56	1000,1 	0
2375    	26.33, -8.12, -9.00 	-3.38, 9.42, -6.79 	-3.42, 9.40 	13,21,10,561		3.99,6.05	1000,1 	0
2384    	26.36, -8.11, -8.99 	-3.40, 9.46, -6.79 	-3.42, 9.40 	13,21,10,571		3.42,5.24	1000,1 	0
2392    	26.37, -8.13, -8.98 	-3.42, 9.47, -6.79 	-3.42, 9.40 	13,21,10,580		2.92,3.87	1000,1 	0
2401    	26.37, -8.16, -8.96 	-3.45, 9.50, -6.78 	-3.42, 9.40 	13,21,10,590		3.55,4.83	1000,1 	0
2410    	26.36, -8.14, -8.96 	-3.49, 9.56, -6.79 	-3.42, 9.40 	13,21,10,600		2.60,7.37	1000,1 	0
2418    	26.36, -8.15, -8.96 	-3.49, 9.59, -6.79 	-3.42, 9.40 	13,21,10,609		1.33,4.01	1000,1 	0
2427    	26.37, -8.13, -8.97 	-3.53, 9.59, -6.80 	-3.42, 9.40 	13,21,10,619		2.60,4.28	1000,1 	0
2436    	26.40, -8.09, -8.98 	-3.50, 9.59, -6.80 	-3.42, 9.40 	13,21,10,629		5.72,3.21	1000,1 	0
2444    	26.44, -8.07, -8.98 	-3.51, 9.61, -6.81 	-3.42, 9.40 	13,21,10,638		5.51,2.95	1000,1 	0
2453    	26.48, -8.06, -8.97 	-3.52, 9.61, -6.81 	-3.42, 9.40 	13,21,10,648		4.44,1.07	1000,1 	0
2462    	26.50, -8.05, -8.96 	-3.55, 9.62, -6.81 	-3.42, 9.40 	13,21,10,658		2.45,3.44	1000,1 	0
2471    	26.56, -8.04, -8.95 	-3.55, 9.62, -6.80 	-3.42, 9.40 	13,21,10,668		7.59,0.00	1000,1 	0
2479    	26.53, -8.06, -8.93 	-3.54, 9.61, -6.80 	-3.42, 9.40 	13,21,10,677		4.49,1.81	1000,1 	0
2488    	26.56, -8.11, -8.89 	-3.56, 9.62, -6.80 	-3.42, 9.40 	13,21,10,687		6.73,2.46	1000,1 	0
2497    	26.53, -8.13, -8.89 	-3.57, 9.61, -6.79 	-3.42, 9.40 	13,21,10,697		3.99,1.59	1000,1 	0
2505    	26.56, -8.14, -8.89 	-3.56, 9.61, -6.80 	-3.42, 9.40 	13,21,10,706		3.85,1.20	1000,1 	0
2514    	26.56, -8.15, -8.90 	-3.56, 9.62, -6.80 	-3.42, 9.40 	13,21,10,716		1.18,1.19	1000,1 	0
2523    	26.55, -8.14, -8.91 	-3.56, 9.63, -6.80 	-3.42, 9.40 	13,21,10,726		1.60,1.19	1000,1 	0
2531    	26.57, -8.13, -8.91 	-3.55, 9.65, -6.81 	-3.42, 9.40 	13,21,10,735		2.75,2.91	1000,1 	0
2540    	26.60, -8.12, -8.91 	-3.52, 9.63, -6.80 	-3.42, 9.40 	13,21,10,745		3.42,4.02	1000,1 	0
2550    	26.62, -8.12, -8.92 	-3.50, 9.64, -6.82 	-3.42, 9.40 	13,21,10,756		1.93,2.19	1000,1 	0
2557    	26.65, -8.13, -8.91 	-3.50, 9.64, -6.82 	-3.42, 9.40 	13,21,10,764		4.40,0.00	1000,1 	0
2566    	26.65, -8.15, -8.90 	-3.52, 9.62, -6.80 	-3.42, 9.40 	13,21,10,774		2.37,3.17	1000,1 	0
2575    	26.66, -8.15, -8.91 	-3.54, 9.62, -6.79 	-3.42, 9.40 	13,21,10,784		1.07,2.14	1000,1 	0
2583    	26.64, -8.18, -8.90 	-3.55, 9.60, -6.78 	-3.42, 9.40 	13,21,10,793		4.67,2.91	1000,1 	0
2592    	26.65, -8.17, -8.90 	-3.56, 9.61, -6.77 	-3.42, 9.40 	13,21,10,803		1.60,1.61	1000,1 	0
2601    	26.66, -8.14, -8.91 	-3.56, 9.62, -6.78 	-3.42, 9.40 	13,21,10,813		3.71,1.19	1000,1 	0
2609    	26.66, -8.14, -8.91 	-3.55, 9.62, -6.79 	-3.42, 9.40 	13,21,10,822		0.00,1.20	1000,1 	0
2618    	26.69, -8.13, -8.90 	-3.54, 9.62, -6.79 	0.00, -0.00 	13,21,10,842		3.42,1.07	1000,1 	0
2626    	26.66, -8.14, -8.92 	-3.54, 9.64, -6.79 	0.00, -0.00 	13,21,10,851		15.40,10.69	1000,1 	0
2635    	26.67, -8.16, -8.91 	-3.53, 9.65, -6.79 	0.00, -0.00 	13,21,10,861		7.79,4.76	1000,1 	0
2644    	26.72, -8.16, -8.91 	-3.53, 9.63, -6.79 	0.00, -0.00 	13,21,10,871		24.08,10.69	1000,1 	0
2653    	26.71, -8.19, -8.90 	-3.53, 9.65, -6.80 	0.00, -0.00 	13,21,10,881		11.70,10.69	1000,1 	0
2661    	26.72, -8.19, -8.92 	-3.54, 9.65, -6.79 	0.00, -0.00 	13,21,10,890		4.82,4.81	1000,1 	0
2670    	26.72, -8.20, -8.89 	-3.54, 9.64, -6.79 	0.00, -0.00 	13,21,10,900		5.33,5.35	1000,1 	0
2679    	26.72, -8.19, -8.89 	-3.54, 9.63, -6.79 	0.00, -0.00 	13,21,10,910		5.33,5.35	1000,1 	0
2687    	26.72, -8.19, -8.90 	-3.54, 9.63, -6.79 	0.00, -0.00 	13,21,10,919		0.00,0.00	1000,1 	0
2696    	26.75, -8.20, -8.90 	-3.54, 9.64, -6.79 	0.00, -0.00 	13,21,10,929		10.26,3.56	1000,1 	0
2705    	26.72, -8.21, -8.89 	-3.54, 9.64, -6.79 	0.00, -0.00 	13,21,10,939		15.40,0.00	1000,1 	0
2713    	26.76, -8.21, -8.89 	-3.54, 9.65, -6.79 	0.00, -0.00 	13,21,10,948		19.27,5.35	1000,1 	0
2722    	26.75, -8.22, -8.89 	-3.55, 9.65, -6.80 	0.00, -0.00 	13,21,10,958		4.79,3.21	1000,1 	0
2732    	26.75, -8.22, -8.89 	-3.53, 9.66, -6.79 	0.00, -0.00 	13,21,10,969		0.00,10.94	1000,1 	0
2739    	26.75, -8.22, -8.89 	-3.53, 9.65, -6.80 	0.00, -0.00 	13,21,10,977		0.00,10.69	1000,1 	0
2748    	26.79, -8.23, -8.87 	-3.54, 9.65, -6.80 	0.00, -0.00 	13,21,10,987		13.32,3.21	1000,1 	0
2757    	26.77, -8.24, -8.88 	-3.54, 9.65, -6.79 	0.00, -0.00 	13,21,10,997		11.01,0.00	1000,1 	0
2765    	26.77, -8.25, -8.88 	-3.55, 9.64, -6.79 	0.00, -0.00 	13,21,11,6		5.33,7.14	1000,1 	0
2774    	26.76, -8.25, -8.89 	-3.52, 9.65, -6.80 	0.00, -0.00 	13,21,11,16		3.21,10.21	1000,1 	0
2783    	26.77, -8.26, -8.88 	-3.51, 9.64, -6.80 	0.00, -0.00 	13,21,11,26		7.18,7.25	1000,1 	0
2791    	26.79, -8.26, -8.88 	-3.52, 9.65, -6.79 	0.00, -0.00 	13,21,11,35		9.63,7.25	1000,1 	0
2800    	26.80, -8.28, -8.87 	-3.52, 9.64, -6.79 	0.00, -0.00 	13,21,11,45		9.57,3.56	1000,1 	0
2809    	26.79, -8.27, -8.88 	-3.53, 9.65, -6.79 	0.00, -0.00 	13,21,11,55		7.18,7.25	1000,1 	0
2818    	26.83, -8.27, -8.88 	-3.53, 9.64, -6.79 	0.00, -0.00 	13,21,11,65		19.27,5.35	1000,1 	0
2826    	26.83, -8.28, -8.88 	-3.54, 9.65, -6.79 	0.00, -0.00 	13,21,11,74		5.33,7.25	1000,1 	0
2835    	26.83, -8.31, -8.87 	-3.55, 9.65, -6.79 	0.00, -0.00 	13,21,11,84		15.98,4.81	1000,1 	0
2844    	26.84, -8.36, -8.86 	-3.56, 9.65, -6.79 	0.00, -0.00 	13,21,11,94		21.84,4.81	1000,1 	0
2852    	26.83, -8.33, -8.87 	-3.57, 9.63, -6.78 	0.00, -0.00 	13,21,11,103		11.69,11.66	1000,1 	0
2861    	26.83, -8.33, -8.86 	-3.57, 9.64, -6.79 	0.00, -0.00 	13,21,11,113		0.00,5.35	1000,1 	0
2870    	26.82, -8.34, -8.87 	-3.57, 9.64, -6.79 	0.00, -0.00 	13,21,11,123		7.18,0.00	1000,1 	0
2878    	26.82, -8.34, -8.86 	-3.57, 9.64, -6.79 	0.00, -0.00 	13,21,11,132		0.00,0.00	1000,1 	0
2887    	26.84, -8.33, -8.87 	-3.58, 9.64, -6.79 	0.00, -0.00 	13,21,11,142		11.01,4.81	1000,1 	0
2896    	26.85, -8.33, -8.87 	-3.58, 9.62, -6.78 	0.00, -0.00 	13,21,11,152		4.82,10.69	1000,1 	0
2904    	26.89, -8.33, -8.86 	-3.58, 9.64, -6.80 	0.00, -0.00 	13,21,11,161		19.27,10.69	1000,1 	0
2913    	26.87, -8.34, -8.86 	-3.58, 9.63, -6.79 	0.00, -0.00 	13,21,11,171		7.34,3.56	1000,1 	0
2923    	26.91, -8.32, -8.87 	-3.56, 9.65, -6.80 	0.00, -0.00 	13,21,11,182		22.02,14.28	1000,1 	0
2930    	26.91, -8.33, -8.86 	-3.56, 9.64, -6.79 	0.00, -0.00 	13,21,11,190		10.65,10.69	1000,1 	0
2939    	26.90, -8.31, -8.87 	-3.56, 9.64, -6.79 	0.00, -0.00 	13,21,11,200		7.79,0.00	1000,1 	0
2948    	26.91, -8.31, -8.86 	-3.55, 9.63, -6.79 	0.00, -0.00 	13,21,11,210		4.82,7.25	1000,1 	0
2956    	26.92, -8.32, -8.86 	-3.55, 9.63, -6.79 	0.00, -0.00 	13,21,11,219		7.18,0.00	1000,1 	0
2965    	26.92, -8.32, -8.86 	-3.55, 9.62, -6.79 	0.00, -0.00 	13,21,11,229		0.00,3.56	1000,1 	0
2974    	26.93, -8.30, -8.87 	-3.54, 9.63, -6.79 	0.00, -0.00 	13,21,11,239		11.70,7.14	1000,1 	0
2982    	26.91, -8.31, -8.86 	-3.54, 9.63, -6.79 	0.00, -0.00 	13,21,11,248		11.01,0.00	1000,1 	0
2991    	26.91, -8.32, -8.87 	-3.55, 9.62, -6.78 	0.00, -0.00 	13,21,11,258		3.55,4.76	1000,1 	0
3000    	26.91, -8.33, -8.86 	-3.56, 9.62, -6.79 	0.00, -0.00 	13,21,11,268		5.33,4.81	1000,1 	0
3009    	26.92, -8.34, -8.86 	-3.57, 9.63, -6.79 	0.00, -0.00 	13,21,11,278		7.18,7.25	1000,1 	0
3017    	26.93, -8.34, -8.85 	-3.58, 9.63, -6.79 	0.00, -0.00 	13,21,11,287		4.82,4.81	1000,1 	0
3026    	26.92, -8.38, -8.85 	-3.58, 9.63, -6.79 	0.00, -0.00 	13,21,11,297		16.70,0.00	1000,1 	0
3035    	26.92, -8.39, -8.85 	-3.56, 9.64, -6.79 	0.00, -0.00 	13,21,11,307		5.33,10.94	1000,1 	0
3043    	26.92, -8.40, -8.85 	-3.55, 9.64, -6.78 	0.00, -0.00 	13,21,11,316		5.33,4.81	1000,1 	0
3052    	26.95, -8.39, -8.85 	-3.56, 9.63, -6.78 	0.00, -0.00 	13,21,11,326		15.40,7.14	1000,1 	0
3061    	26.94, -8.38, -8.86 	-3.54, 9.63, -6.79 	0.00, -0.00 	13,21,11,336		7.18,9.62	1000,1 	0
3069    	26.96, -8.38, -8.86 	-3.55, 9.63, -6.79 	0.00, -0.00 	13,21,11,345		9.63,4.81	1000,1 	0
3080    	26.98, -8.38, -8.86 	-3.54, 9.63, -6.79 	0.00, -0.00 	13,21,11,356		6.42,3.21	1000,1 	0
3088    	27.00, -8.38, -8.85 	-3.54, 9.63, -6.79 	0.00, -0.00 	13,21,11,365		inf,nan	1000,1 	0
3096    	27.01, -8.38, -8.85 	-3.54, 9.64, -6.79 	0.00, -0.00 	13,21,11,374		9.63,10.69	1000,1 	0
3105    	26.99, -8.40, -8.85 	-3.55, 9.63, -6.79 	0.00, -0.00 	13,21,11,384		14.37,7.14	1000,1 	0
3115    	27.02, -8.41, -8.85 	-3.55, 9.63, -6.79 	0.00, -0.00 	13,21,11,395		30.80,0.00	1000,1 	0
3122    	27.02, -8.43, -8.84 	-3.55, 9.62, -6.79 	0.00, -0.00 	13,21,11,403		inf,inf	1000,1 	0
3131    	27.01, -8.43, -8.85 	-3.56, 9.62, -6.79 	0.00, -0.00 	13,21,11,413		4.82,4.81	1000,1 	0
3140    	27.01, -8.44, -8.84 	-3.56, 9.63, -6.79 	0.00, -0.00 	13,21,11,423		10.66,10.69	1000,1 	0
3148    	27.02, -8.43, -8.85 	-3.56, 9.62, -6.79 	0.00, -0.00 	13,21,11,432		14.37,10.69	1000,1 	0
3157    	27.03, -8.39, -8.85 	-3.55, 9.62, -6.79 	0.00, -0.00 	13,21,11,442		21.85,4.81	1000,1 	0
3166    	27.04, -8.39, -8.85 	-3.55, 9.63, -6.79 	0.00, -0.00 	13,21,11,452		9.63,10.69	1000,1 	0
3174    	27.05, -8.37, -8.86 	-3.56, 9.62, -6.79 	0.00, -0.00 	13,21,11,461		23.39,14.28	1000,1 	0
3183    	27.05, -8.38, -8.86 	-3.55, 9.62, -6.78 	0.00, -0.00 	13,21,11,471		7.18,4.81	1000,1 	0
3192    	27.05, -8.39, -8.86 	-3.54, 9.62, -6.79 	0.00, -0.00 	13,21,11,481		14.37,9.62	1000,1 	0
3201    	27.06, -8.37, -8.85 	-3.56, 9.62, -6.78 	0.00, -0.00 	13,21,11,491		28.74,19.25	1000,1 	0
3209    	27.06, -8.38, -8.85 	-3.53, 9.63, -6.79 	0.00, -0.00 	13,21,11,500		10.66,30.64	1000,1 	0
3218    	27.05, -8.40, -8.84 	-3.54, 9.63, -6.79 	0.00, -0.00 	13,21,11,510		28.74,9.62	1000,1 	0
3227    	27.05, -8.40, -8.85 	-3.55, 9.63, -6.79 	0.00, -0.00 	13,21,11,520		9.63,9.62	1000,1 	0
3235    	27.06, -8.40, -8.85 	-3.55, 9.65, -6.78 	0.00, -0.00 	13,21,11,529		9.63,21.38	1000,1 	0
3244    	27.07, -8.41, -8.85 	-3.53, 9.65, -6.79 	0.00, -0.00 	13,21,11,539		14.36,19.25	1000,1 	0
3253    	27.06, -8.39, -8.85 	-3.55, 9.64, -6.79 	0.00, -0.00 	13,21,11,549		23.38,21.88	1000,1 	0
3261    	27.07, -8.40, -8.85 	-3.56, 9.65, -6.79 	0.00, -0.00 	13,21,11,558		14.36,14.49	1000,1 	0
3270    	27.11, -8.40, -8.85 	-3.53, 9.64, -6.79 	0.00, -0.00 	13,21,11,568		19.27,15.47	1000,1 	0
3279    	27.10, -8.40, -8.85 	-3.51, 9.62, -6.79 	0.00, -0.00 	13,21,11,578		9.63,28.99	1000,1 	0
3287    	27.12, -8.38, -8.85 	-3.53, 9.62, -6.78 	0.00, -0.00 	13,21,11,587		28.74,19.25	1000,1 	0
3296    	27.10, -8.40, -8.85 	-3.53, 9.61, -6.78 	0.00, -0.00 	13,21,11,597		14.37,5.35	1000,1 	0
3306    	27.12, -8.40, -8.84 	-3.53, 9.60, -6.77 	0.00, -0.00 	13,21,11,608		19.27,10.69	1000,1 	0
3313    	27.12, -8.39, -8.85 	-3.53, 9.62, -6.77 	0.00, -0.00 	13,21,11,616		inf,inf	1000,1 	0
3322    	27.12, -8.39, -8.85 	-3.56, 9.63, -6.78 	0.00, -0.00 	13,21,11,626		0.00,15.47	1000,1 	0
3331    	27.11, -8.39, -8.85 	-3.54, 9.63, -6.79 	0.00, -0.00 	13,21,11,636		9.63,19.25	1000,1 	0
3339    	27.11, -8.39, -8.85 	-3.54, 9.63, -6.78 	0.00, -0.00 	13,21,11,645		0.00,0.00	1000,1 	0
3348    	27.15, -8.38, -8.84 	-3.54, 9.62, -6.77 	0.00, -0.00 	13,21,11,655		19.99,5.35	1000,1 	0
3357    	27.14, -8.40, -8.83 	-3.53, 9.62, -6.78 	0.00, -0.00 	13,21,11,665		23.39,9.62	1000,1 	0
3366    	27.14, -8.40, -8.84 	-3.49, 9.62, -6.77 	0.00, -0.00 	13,21,11,675		0.00,38.50	1000,1 	0
3374    	27.15, -8.42, -8.83 	-3.51, 9.62, -6.77 	0.00, -0.00 	13,21,11,684		23.38,19.25	1000,1 	0
3383    	27.17, -8.43, -8.83 	-3.52, 9.62, -6.78 	0.00, -0.00 	13,21,11,694		22.01,9.62	1000,1 	0
3392    	27.13, -8.48, -8.82 	-3.52, 9.59, -6.78 	0.00, -0.00 	13,21,11,704		65.77,32.07	1000,1 	0
3400    	27.16, -8.48, -8.83 	-3.56, 9.59, -6.76 	0.00, -0.00 	13,21,11,713		28.90,38.50	1000,1 	0
3409    	27.16, -8.50, -8.83 	-3.55, 9.59, -6.76 	0.00, -0.00 	13,21,11,723		21.31,9.62	1000,1 	0
3418    	27.16, -8.50, -8.82 	-3.58, 9.58, -6.76 	0.00, -0.00 	13,21,11,733		0.00,30.64	1000,1 	0
3426    	27.15, -8.49, -8.83 	-3.56, 9.58, -6.75 	0.00, -0.00 	13,21,11,742		14.36,19.25	1000,1 	0
3435    	27.14, -8.50, -8.84 	-3.52, 9.56, -6.75 	0.00, -0.00 	13,21,11,752		14.37,44.32	1000,1 	0
3444    	27.15, -8.50, -8.84 	-3.46, 9.52, -6.76 	0.00, -0.00 	13,21,11,762		9.63,66.48	1000,1 	0
3452    	27.16, -8.49, -8.84 	-3.43, 9.48, -6.75 	0.00, -0.00 	13,21,11,771		14.37,51.96	1000,1 	0
3461    	27.18, -8.50, -8.84 	-3.41, 9.41, -6.74 	0.00, -0.00 	13,21,11,781		11.01,38.78	1000,1 	0
3470    	27.18, -8.55, -8.83 	-3.37, 9.34, -6.73 	0.00, -0.00 	13,21,11,791		42.62,80.77	1000,1 	0
3478    	27.20, -8.54, -8.83 	-3.33, 9.26, -6.72 	0.00, -0.00 	13,21,11,800		22.03,94.33	1000,1 	0
3487    	27.22, -8.56, -8.83 	-3.26, 9.17, -6.71 	0.00, -0.00 	13,21,11,810		14.36,54.84	1000,1 	0
3497    	27.19, -8.58, -8.84 	-3.21, 9.00, -6.70 	0.00, -0.00 	13,21,11,821		35.92,178.41	1000,1 	0
3504    	27.19, -8.59, -8.83 	-3.03, 8.73, -6.67 	0.00, -0.00 	13,21,11,829		inf,inf	1000,1 	0
3513    	27.23, -8.57, -8.83 	-2.87, 8.43, -6.64 	0.00, -0.00 	13,21,11,839		22.02,171.66	1000,1 	0
3522    	27.24, -8.54, -8.85 	-2.63, 8.11, -6.63 	0.00, -0.00 	13,21,11,849		33.39,403.87	1000,1 	0
3530    	27.27, -8.56, -8.85 	-2.54, 7.89, -6.63 	0.00, -0.00 	13,21,11,858		35.90,231.93	1000,1 	0
3539    	27.27, -8.60, -8.85 	-2.40, 7.66, -6.62 	0.00, -0.00 	13,21,11,868		21.31,136.42	1000,1 	0
3548    	27.31, -8.64, -8.84 	-2.25, 7.45, -6.64 	0.00, -0.00 	13,21,11,878		64.29,256.76	1000,1 	0
3557    	27.34, -8.66, -8.83 	-2.14, 7.27, -6.64 	0.00, -0.00 	13,21,11,888		35.90,211.72	1000,1 	0
3565    	27.36, -8.65, -8.82 	-2.15, 7.09, -6.67 	0.00, -0.00 	13,21,11,897		22.02,181.87	1000,1 	0
3574    	27.37, -8.74, -8.82 	-2.17, 6.95, -6.69 	0.00, -0.00 	13,21,11,907		85.77,140.03	1000,1 	0
3583    	27.37, -8.78, -8.83 	-2.16, 6.81, -6.74 	0.00, -0.00 	13,21,11,917		42.62,138.99	1000,1 	0
3591    	27.38, -8.86, -8.82 	-2.11, 6.70, -6.78 	0.00, -0.00 	13,21,11,926		75.19,122.28	1000,1 	0
3600    	27.41, -8.91, -8.81 	-2.03, 6.56, -6.78 	0.00, -0.00 	13,21,11,936		60.59,159.91	1000,1 	0
3609    	27.45, -8.96, -8.83 	-2.04, 6.47, -6.79 	0.00, -0.00 	13,21,11,946		65.73,96.56	1000,1 	0
3617    	27.51, -8.97, -8.83 	-1.99, 6.34, -6.82 	0.00, -0.00 	13,21,11,955		58.77,137.71	1000,1 	0
3626    	27.57, -8.96, -8.84 	-1.98, 6.22, -6.85 	0.00, -0.00 	13,21,11,965		68.28,118.15	1000,1 	0
3635    	27.59, -8.98, -8.82 	-1.97, 6.07, -6.87 	0.00, -0.00 	13,21,11,975		28.72,150.14	1000,1 	0
3643    	27.63, -9.02, -8.81 	-1.93, 5.91, -6.90 	0.00, -0.00 	13,21,11,984		50.05,165.50	1000,1 	0
3652    	27.69, -9.04, -8.79 	-1.90, 5.80, -6.94 	0.00, -0.00 	13,21,11,994		61.59,111.17	1000,1 	0
3661    	27.71, -9.04, -8.79 	-1.86, 5.66, -7.00 	0.00, -0.00 	13,21,12,4		19.27,144.79	1000,1 	0
3669    	27.76, -9.06, -8.80 	-1.80, 5.50, -7.03 	0.00, -0.00 	13,21,12,13		52.66,171.28	1000,1 	0
3678    	27.74, -9.08, -8.80 	-1.84, 5.30, -7.04 	0.00, -0.00 	13,21,12,23		28.74,206.18	1000,1 	0
3688    	27.78, -9.07, -8.82 	-1.87, 5.13, -7.05 	0.00, -0.00 	13,21,12,34		39.99,174.77	1000,1 	0
3695    	27.80, -9.04, -8.85 	-1.93, 4.99, -7.09 	0.00, -0.00 	13,21,12,42		inf,inf	1000,1 	0
3704    	27.81, -9.01, -8.86 	-1.90, 4.85, -7.11 	0.00, -0.00 	13,21,12,52		33.39,142.39	1000,1 	0
3713    	27.82, -9.02, -8.86 	-1.91, 4.75, -7.14 	0.00, -0.00 	13,21,12,62		22.01,96.56	1000,1 	0
3721    	27.84, -9.01, -8.87 	-1.98, 4.66, -7.14 	0.00, -0.00 	13,21,12,71		22.02,116.62	1000,1 	0
3730    	27.83, -9.03, -8.89 	-1.98, 4.56, -7.15 	0.00, -0.00 	13,21,12,81		23.39,96.23	1000,1 	0
3739    	27.88, -9.05, -8.88 	-1.98, 4.48, -7.18 	0.00, -0.00 	13,21,12,91		52.66,85.93	1000,1 	0
3748    	27.86, -9.10, -8.87 	-1.99, 4.37, -7.19 	0.00, -0.00 	13,21,12,101		56.66,107.20	1000,1 	0
3756    	27.85, -9.10, -8.87 	-2.00, 4.26, -7.19 	0.00, -0.00 	13,21,12,110		inf,inf	1000,1 	0
3765    	27.86, -9.13, -8.88 	-2.05, 4.11, -7.18 	0.00, -0.00 	13,21,12,120		33.38,156.53	1000,1 	0
3774    	27.86, -9.17, -8.87 	-2.08, 4.02, -7.18 	0.00, -0.00 	13,21,12,130		31.96,100.04	1000,1 	0
3782    	27.89, -9.14, -8.87 	-2.05, 3.92, -7.18 	0.00, -0.00 	13,21,12,139		inf,inf	1000,1 	0
3791    	27.90, -9.11, -8.88 	-2.03, 3.84, -7.19 	0.00, -0.00 	13,21,12,149		33.39,87.96	1000,1 	0
3800    	27.88, -9.13, -8.89 	-2.04, 3.72, -7.19 	0.00, -0.00 	13,21,12,159		28.74,117.85	1000,1 	0
3808    	27.92, -9.12, -8.89 	-2.02, 3.66, -7.23 	0.00, -0.00 	13,21,12,168		inf,inf	1000,1 	0
3817    	27.97, -9.13, -8.89 	-1.94, 3.58, -7.24 	0.00, -0.00 	13,21,12,178		49.32,115.95	1000,1 	0
3826    	27.97, -9.13, -8.88 	-1.95, 3.50, -7.25 	0.00, -0.00 	13,21,12,188		0.00,75.31	1000,1 	0
3834    	27.98, -9.16, -8.89 	-1.94, 3.38, -7.26 	0.00, -0.00 	13,21,12,197		23.38,128.81	1000,1 	0
3843    	28.00, -9.18, -8.88 	-1.94, 3.26, -7.24 	0.00, -0.00 	13,21,12,207		28.72,117.61	1000,1 	0
3852    	28.01, -9.20, -8.86 	-1.94, 3.16, -7.24 	0.00, -0.00 	13,21,12,217		23.38,96.22	1000,1 	0
3860    	27.97, -9.20, -8.86 	-1.89, 3.05, -7.27 	0.00, -0.00 	13,21,12,226		38.53,117.91	1000,1 	0
3869    	27.99, -9.24, -8.86 	-1.81, 2.99, -7.30 	0.00, -0.00 	13,21,12,236		46.76,100.96	1000,1 	0
3879    	27.99, -9.21, -8.89 	-1.71, 2.95, -7.35 	0.00, -0.00 	13,21,12,247		31.96,105.91	1000,1 	0
3886    	28.02, -9.20, -8.88 	-1.68, 2.88, -7.37 	0.00, -0.00 	13,21,12,255		inf,inf	1000,1 	0
3895    	28.09, -9.23, -8.88 	-1.59, 2.77, -7.37 	0.00, -0.00 	13,21,12,265		83.41,138.62	1000,1 	0
3904    	28.12, -9.27, -8.88 	-1.48, 2.69, -7.37 	0.00, -0.00 	13,21,12,275		51.48,137.11	1000,1 	0
3913    	28.14, -9.34, -8.86 	-1.40, 2.61, -7.40 	0.00, -0.00 	13,21,12,285		66.75,108.18	1000,1 	0
3921    	28.20, -9.36, -8.85 	-1.31, 2.56, -7.43 	0.00, -0.00 	13,21,12,294		inf,inf	1000,1 	0
3930    	28.25, -9.42, -8.85 	-1.27, 2.50, -7.43 	0.00, -0.00 	13,21,12,304		80.01,66.35	1000,1 	0
3939    	28.29, -9.41, -8.85 	-1.26, 2.39, -7.43 	0.00, -0.00 	13,21,12,314		39.99,118.15	1000,1 	0
3947    	28.28, -9.46, -8.88 	-1.23, 2.33, -7.42 	0.00, -0.00 	13,21,12,323		inf,inf	1000,1 	0
3956    	28.27, -9.49, -8.88 	-1.21, 2.25, -7.42 	0.00, -0.00 	13,21,12,333		23.39,87.96	0,0 	0
3965    	28.31, -9.50, -8.88 	-1.21, 2.18, -7.45 	0.00, -0.00 	13,21,12,343		39.97,64.15	0,0 	0
3973    	28.38, -9.52, -8.87 	-1.19, 2.10, -7.44 	0.00, -0.00 	13,21,12,352		inf,inf	0,0 	0
3982    	28.35, -9.52, -8.90 	-1.12, 2.03, -7.45 	0.00, -0.00 	13,21,12,362		28.90,93.73	0,0 	0
3991    	28.40, -9.49, -8.90 	-1.03, 1.99, -7.46 	0.00, -0.00 	13,21,12,372		57.83,97.18	0,0 	0
3999    	28.44, -9.49, -8.89 	-0.98, 1.91, -7.48 	0.00, -0.00 	13,21,12,381		inf,inf	0,0 	0
4008    	28.48, -9.49, -8.90 	-0.85, 1.84, -7.48 	0.00, -0.00 	13,21,12,391		38.53,146.76	0,0 	0
4017    	28.48, -9.53, -8.89 	-0.81, 1.74, -7.48 	0.00, -0.00 	13,21,12,401		42.62,104.18	0,0 	0
4025    	28.48, -9.57, -8.88 	-0.82, 1.63, -7.48 	0.00, -0.00 	13,21,12,410		42.62,107.20	0,0 	0
4034    	28.49, -9.60, -8.88 	-0.84, 1.50, -7.45 	0.00, -0.00 	13,21,12,420		33.38,140.03	0,0 	0
4043    	28.50, -9.61, -8.86 	-0.84, 1.38, -7.42 	0.00, -0.00 	13,21,12,430		14.36,117.61	0,0 	0
4051    	28.51, -9.61, -8.86 	-0.84, 1.26, -7.38 	0.00, -0.00 	13,21,12,439		9.63,117.61	0,0 	0
4060    	28.52, -9.62, -8.87 	-0.84, 1.16, -7.34 	0.00, -0.00 	13,21,12,449		14.36,96.22	0,0 	0
4070    	28.53, -9.61, -8.87 	-0.81, 1.07, -7.33 	0.00, -0.00 	13,21,12,460		14.37,100.88	0,0 	0
