#Time 	Sensor1         Sensor2         Target          Time            Vel             
#================================================================

16      	29.95, -15.80, -7.50 	-0.09, 1.05, -6.70 	0.00, 10.00 	13,20,40,271		0.00,0.00	0,0 	0
22      	29.95, -15.79, -7.49 	-0.09, 1.05, -6.70 	0.00, 10.00 	13,20,40,281		1.78,0.00	0,0 	0
31      	29.93, -15.84, -7.49 	-0.09, 1.03, -6.69 	0.00, 10.00 	13,20,40,291		5.20,2.38	0,0 	0
39      	29.96, -15.83, -7.48 	-0.09, 1.03, -6.69 	0.00, 10.00 	13,20,40,300		5.00,0.00	0,0 	0
48      	29.95, -15.83, -7.48 	-0.09, 1.03, -6.69 	0.00, 10.00 	13,20,40,310		1.07,0.00	0,0 	0
57      	29.97, -15.79, -7.48 	-0.08, 1.05, -6.70 	0.00, 10.00 	13,20,40,320		4.15,2.59	0,0 	0
65      	29.98, -15.77, -7.49 	-0.12, 1.04, -6.70 	0.00, 10.00 	13,20,40,329		2.92,4.97	0,0 	0
74      	29.96, -15.79, -7.49 	-0.12, 1.06, -6.70 	0.00, 10.00 	13,20,40,339		3.19,2.38	0,0 	0
83      	29.99, -15.80, -7.49 	-0.13, 1.05, -6.69 	0.00, 10.00 	13,20,40,349		3.42,1.59	0,0 	0
91      	29.99, -15.79, -7.48 	-0.08, 1.07, -6.71 	0.00, 10.00 	13,20,40,358		1.33,6.55	0,0 	0
100     	29.99, -15.82, -7.48 	-0.10, 1.05, -6.70 	0.00, 10.00 	13,20,40,368		2.37,3.17	0,0 	0
109     	29.99, -15.82, -7.48 	-0.10, 1.05, -6.68 	0.00, 10.00 	13,20,40,378		0.00,0.00	0,0 	0
118     	30.01, -15.82, -7.48 	-0.11, 1.08, -6.70 	0.00, 10.00 	13,20,40,388		2.14,3.74	0,0 	0
126     	30.00, -15.84, -7.47 	-0.13, 1.04, -6.70 	0.00, 10.00 	13,20,40,397		2.92,5.83	0,0 	0
135     	30.00, -15.85, -7.47 	-0.08, 1.08, -6.70 	0.00, 10.00 	13,20,40,407		1.18,7.10	0,0 	0
144     	30.00, -15.85, -7.47 	-0.14, 1.05, -6.70 	0.00, 10.00 	13,20,40,417		0.00,7.29	0,0 	0
152     	29.98, -15.87, -7.47 	-0.11, 1.05, -6.69 	0.00, 10.00 	13,20,40,426		3.59,3.61	0,0 	0
161     	29.98, -15.89, -7.47 	-0.16, 1.04, -6.68 	0.00, 10.00 	13,20,40,436		2.37,5.46	0,0 	0
171     	30.00, -15.87, -7.47 	-0.12, 1.08, -6.69 	0.00, 10.00 	13,20,40,447		2.87,5.71	0,0 	0
178     	30.02, -15.82, -7.46 	-0.15, 1.06, -6.69 	0.00, 10.00 	13,20,40,455		8.09,5.10	0,0 	0
187     	30.03, -15.83, -7.46 	-0.09, 1.05, -6.71 	0.00, 10.00 	13,20,40,465		1.60,6.54	0,0 	0
196     	30.06, -15.84, -7.45 	-0.12, 1.06, -6.70 	0.00, 10.00 	13,20,40,475		3.42,3.44	0,0 	0
204     	30.05, -15.83, -7.44 	-0.13, 1.08, -6.71 	0.00, 10.00 	13,20,40,484		1.79,2.95	0,0 	0
213     	30.06, -15.84, -7.43 	-0.13, 1.09, -6.70 	0.00, 10.00 	13,20,40,494		1.60,1.19	0,0 	0
222     	30.03, -15.85, -7.42 	-0.08, 1.08, -6.69 	0.00, 10.00 	13,20,40,504		3.42,5.49	0,0 	0
230     	30.03, -15.85, -7.42 	-0.13, 1.08, -6.70 	0.00, 10.00 	13,20,40,513		0.00,6.02	0,0 	0
239     	30.02, -15.84, -7.44 	-0.14, 1.08, -6.70 	0.00, 10.00 	13,20,40,523		1.60,1.07	0,0 	0
248     	30.05, -15.80, -7.44 	-0.14, 1.07, -6.69 	0.00, 10.00 	13,20,40,533		4.79,1.19	0,0 	0
256     	30.06, -15.77, -7.45 	-0.13, 1.08, -6.69 	0.00, 10.00 	13,20,40,542		4.17,1.78	0,0 	0
265     	30.06, -15.78, -7.46 	-0.13, 1.07, -6.68 	0.00, 10.00 	13,20,40,552		1.18,1.19	0,0 	0
274     	30.06, -15.78, -7.44 	-0.12, 1.07, -6.67 	0.00, 10.00 	13,20,40,562		0.00,1.07	0,0 	0
282     	30.08, -15.78, -7.42 	-0.13, 1.10, -6.67 	0.00, 10.00 	13,20,40,571		2.41,4.20	0,0 	0
291     	30.07, -15.79, -7.44 	-0.13, 1.09, -6.67 	0.00, 10.00 	13,20,40,581		1.60,1.19	0,0 	0
300     	30.09, -15.79, -7.43 	-0.12, 1.08, -6.67 	0.00, 10.00 	13,20,40,591		2.14,1.61	0,0 	0
309     	30.11, -15.80, -7.42 	-0.16, 1.08, -6.67 	0.00, 10.00 	13,20,40,601		2.45,4.28	0,0 	0
317     	30.08, -15.78, -7.42 	-0.16, 1.07, -6.68 	0.00, 10.00 	13,20,40,610		4.49,1.34	0,0 	0
326     	30.10, -15.78, -7.42 	-0.16, 1.08, -6.68 	0.00, 10.00 	13,20,40,620		2.14,1.19	0,0 	0
335     	30.11, -15.76, -7.44 	-0.17, 1.09, -6.69 	0.00, 10.00 	13,20,40,630		2.60,1.61	0,0 	0
343     	30.10, -15.75, -7.44 	-0.15, 1.09, -6.69 	0.00, 10.00 	13,20,40,639		1.80,2.41	0,0 	0
352     	30.08, -15.78, -7.44 	-0.15, 1.10, -6.68 	0.00, 10.00 	13,20,40,649		4.15,1.19	0,0 	0
361     	30.08, -15.78, -7.44 	-0.16, 1.10, -6.68 	0.00, 10.00 	13,20,40,659		0.00,1.07	0,0 	0
369     	30.08, -15.79, -7.42 	-0.15, 1.10, -6.68 	0.00, 10.00 	13,20,40,668		1.33,1.20	0,0 	0
378     	30.09, -15.82, -7.42 	-0.15, 1.10, -6.70 	0.00, 10.00 	13,20,40,678		2.60,0.00	0,0 	0
387     	30.06, -15.82, -7.42 	-0.15, 1.10, -6.70 	0.00, 10.00 	13,20,40,688		3.21,0.00	0,0 	0
395     	30.05, -15.86, -7.40 	-0.16, 1.10, -6.69 	0.00, 10.00 	13,20,40,697		5.46,1.20	0,0 	0
404     	30.03, -15.86, -7.40 	-0.15, 1.12, -6.68 	0.00, 10.00 	13,20,40,707		2.14,1.59	0,0 	0
413     	30.01, -15.87, -7.40 	-0.14, 1.12, -6.68 	0.00, 10.00 	13,20,40,717		2.45,1.07	0,0 	0
421     	30.00, -15.87, -7.39 	-0.14, 1.13, -6.69 	0.00, 10.00 	13,20,40,726		1.20,1.34	0,0 	0
430     	30.03, -15.89, -7.40 	-0.14, 1.14, -6.70 	0.00, 10.00 	13,20,40,736		3.99,1.19	0,0 	0
439     	30.05, -15.87, -7.40 	-0.15, 1.13, -6.69 	0.00, 10.00 	13,20,40,746		3.19,1.59	0,0 	0
447     	30.07, -15.87, -7.41 	-0.15, 1.13, -6.68 	0.00, 10.00 	13,20,40,755		2.41,0.00	0,0 	0
456     	30.04, -15.88, -7.40 	-0.15, 1.13, -6.68 	0.00, 10.00 	13,20,40,765		3.42,0.00	0,0 	0
465     	30.04, -15.87, -7.40 	-0.15, 1.13, -6.70 	0.00, 10.00 	13,20,40,775		1.18,0.00	0,0 	0
473     	30.05, -15.89, -7.41 	-0.15, 1.12, -6.70 	0.00, 10.00 	13,20,40,784		2.92,1.34	0,0 	0
482     	30.06, -15.91, -7.40 	-0.16, 1.12, -6.69 	0.00, 10.00 	13,20,40,794		2.60,1.07	0,0 	0
491     	30.04, -15.92, -7.41 	-0.16, 1.12, -6.69 	0.00, 10.00 	13,20,40,804		2.45,0.00	0,0 	0
500     	30.04, -15.92, -7.41 	-0.16, 1.12, -6.69 	0.00, 10.00 	13,20,40,814		0.00,0.00	0,0 	0
508     	30.00, -15.96, -7.40 	-0.23, 1.11, -6.68 	0.00, 10.00 	13,20,40,823		7.18,8.51	0,0 	0
517     	30.03, -15.93, -7.40 	-0.23, 1.13, -6.70 	0.00, 10.00 	13,20,40,833		4.79,2.38	0,0 	0
526     	30.03, -15.92, -7.40 	-0.21, 1.14, -6.70 	0.00, 10.00 	13,20,40,843		1.18,2.43	0,0 	0
534     	30.03, -15.94, -7.40 	-0.22, 1.15, -6.70 	0.00, 10.00 	13,20,40,852		2.66,1.81	0,0 	0
543     	30.03, -15.94, -7.40 	-0.20, 1.14, -6.71 	0.00, 10.00 	13,20,40,862		0.00,2.46	0,0 	0
553     	30.03, -15.95, -7.38 	-0.21, 1.16, -6.71 	0.00, 10.00 	13,20,40,873		1.07,2.36	0,0 	0
560     	30.06, -15.93, -7.38 	-0.21, 1.16, -6.71 	0.00, 10.00 	13,20,40,881		5.13,0.00	0,0 	0
569     	30.05, -15.93, -7.38 	-0.20, 1.16, -6.71 	0.00, 10.00 	13,20,40,891		1.07,1.07	0,0 	0
578     	30.05, -15.93, -7.37 	-0.20, 1.14, -6.69 	0.00, 10.00 	13,20,40,901		0.00,2.38	0,0 	0
586     	30.04, -15.92, -7.37 	-0.20, 1.13, -6.69 	0.00, 10.00 	13,20,40,910		1.80,1.34	0,0 	0
595     	30.05, -15.89, -7.38 	-0.20, 1.14, -6.69 	0.00, 10.00 	13,20,40,920		3.71,1.19	0,0 	0
604     	30.05, -15.89, -7.38 	-0.21, 1.16, -6.69 	0.00, 10.00 	13,20,40,930		0.00,2.62	0,0 	0
612     	30.04, -15.88, -7.38 	-0.22, 1.17, -6.68 	0.00, 10.00 	13,20,40,939		1.80,1.81	0,0 	0
621     	30.02, -15.90, -7.38 	-0.20, 1.16, -6.69 	0.00, 10.00 	13,20,40,949		3.19,2.46	0,0 	0
630     	30.07, -15.88, -7.39 	-0.19, 1.15, -6.69 	0.00, 10.00 	13,20,40,959		5.85,1.61	0,0 	0
638     	30.09, -15.87, -7.38 	-0.19, 1.16, -6.69 	0.00, 10.00 	13,20,40,968		2.75,1.34	0,0 	0
647     	30.10, -15.85, -7.38 	-0.20, 1.16, -6.69 	0.00, 10.00 	13,20,40,978		2.60,1.07	0,0 	0
656     	30.10, -15.89, -7.37 	-0.18, 1.16, -6.68 	0.00, 10.00 	13,20,40,988		4.74,2.14	0,0 	0
665     	30.08, -15.89, -7.37 	-0.23, 1.17, -6.69 	0.00, 10.00 	13,20,40,998		2.14,5.49	0,0 	0
673     	30.07, -15.88, -7.37 	-0.22, 1.17, -6.68 	0.00, 10.00 	13,20,41,7		1.80,1.20	0,0 	0
682     	30.09, -15.86, -7.37 	-0.21, 1.15, -6.68 	0.00, 10.00 	13,20,41,17		3.19,2.62	0,0 	0
691     	30.07, -15.89, -7.38 	-0.23, 1.16, -6.68 	0.00, 10.00 	13,20,41,26		4.15,2.46	0,0 	0
699     	30.06, -15.87, -7.38 	-0.24, 1.16, -6.69 	0.00, 10.00 	13,20,41,36		2.92,1.20	0,0 	0
708     	30.09, -15.88, -7.38 	-0.23, 1.14, -6.69 	0.00, 10.00 	13,20,41,46		3.42,2.62	0,0 	0
718     	30.08, -15.89, -7.38 	-0.23, 1.17, -6.71 	0.00, 10.00 	13,20,41,56		1.44,3.21	0,0 	0
725     	30.08, -15.91, -7.37 	-0.23, 1.16, -6.71 	0.00, 10.00 	13,20,41,65		3.04,1.53	0,0 	0
734     	30.09, -15.89, -7.38 	-0.22, 1.18, -6.70 	0.00, 10.00 	13,20,41,74		2.60,2.59	0,0 	0
743     	30.10, -15.90, -7.37 	-0.22, 1.19, -6.70 	0.00, 10.00 	13,20,41,84		1.60,1.19	0,0 	0
751     	30.11, -15.90, -7.37 	-0.25, 1.19, -6.69 	0.00, 10.00 	13,20,41,94		1.20,3.61	0,0 	0
760     	30.09, -15.90, -7.36 	-0.24, 1.18, -6.70 	0.00, 10.00 	13,20,41,103		2.14,1.61	0,0 	0
769     	30.09, -15.91, -7.36 	-0.26, 1.18, -6.68 	0.00, 10.00 	13,20,41,114		1.18,2.14	0,0 	0
777     	30.09, -15.91, -7.37 	-0.25, 1.17, -6.69 	0.00, 10.00 	13,20,41,122		0.00,1.81	0,0 	0
786     	30.08, -15.91, -7.37 	-0.27, 1.16, -6.68 	0.00, 10.00 	13,20,41,132		1.07,2.43	0,0 	0
795     	30.07, -15.90, -7.37 	-0.26, 1.17, -6.68 	0.00, 10.00 	13,20,41,142		1.60,1.59	0,0 	0
803     	30.06, -15.91, -7.37 	-0.25, 1.17, -6.69 	0.00, 10.00 	13,20,41,151		1.80,1.20	0,0 	0
812     	30.05, -15.91, -7.37 	-0.27, 1.18, -6.70 	0.00, 10.00 	13,20,41,161		1.07,2.46	0,0 	0
821     	30.09, -15.92, -7.35 	-0.25, 1.19, -6.71 	0.00, 10.00 	13,20,41,171		4.44,2.43	0,0 	0
829     	30.08, -15.90, -7.35 	-0.23, 1.17, -6.69 	0.00, 10.00 	13,20,41,180		2.92,3.62	0,0 	0
838     	30.06, -15.91, -7.34 	-0.23, 1.18, -6.69 	0.00, 10.00 	13,20,41,190		2.45,1.19	0,0 	0
847     	30.06, -15.90, -7.34 	-0.23, 1.18, -6.68 	0.00, 10.00 	13,20,41,200		1.18,0.00	0,0 	0
856     	30.05, -15.93, -7.35 	-0.26, 1.19, -6.69 	0.00, 10.00 	13,20,41,210		3.71,3.44	0,0 	0
864     	30.05, -15.92, -7.34 	-0.24, 1.18, -6.68 	0.00, 10.00 	13,20,41,219		1.33,2.77	0,0 	0
873     	30.03, -15.94, -7.35 	-0.26, 1.18, -6.67 	0.00, 10.00 	13,20,41,229		3.19,2.14	0,0 	0
882     	30.03, -15.94, -7.35 	-0.27, 1.18, -6.68 	0.00, 10.00 	13,20,41,239		0.00,1.07	0,0 	0
890     	30.03, -15.94, -7.35 	-0.25, 1.19, -6.69 	0.00, 10.00 	13,20,41,248		0.00,2.73	0,0 	0
899     	30.01, -15.96, -7.36 	-0.25, 1.19, -6.68 	0.00, 10.00 	13,20,41,258		3.19,0.00	0,0 	0
908     	30.04, -15.92, -7.35 	-0.25, 1.19, -6.68 	0.00, 10.00 	13,20,41,268		5.72,0.00	0,0 	0
916     	30.05, -15.90, -7.35 	-0.22, 1.19, -6.68 	0.00, 10.00 	13,20,41,277		2.92,3.61	0,0 	0
925     	30.04, -15.92, -7.37 	-0.21, 1.21, -6.68 	0.00, 10.00 	13,20,41,287		2.60,2.59	0,0 	0
935     	30.03, -15.92, -7.37 	-0.25, 1.19, -6.68 	0.00, 10.00 	13,20,41,298		0.96,4.38	0,0 	0
942     	30.02, -15.95, -7.37 	-0.25, 1.19, -6.68 	0.00, 10.00 	13,20,41,307		4.77,0.00	0,0 	0
951     	30.01, -15.98, -7.35 	-0.23, 1.18, -6.68 	0.00, 10.00 	13,20,41,316		2.60,2.46	0,0 	0
960     	29.98, -15.99, -7.34 	-0.25, 1.19, -6.69 	0.00, 10.00 	13,20,41,326		3.42,2.46	0,0 	0
968     	29.98, -15.99, -7.35 	-0.25, 1.20, -6.69 	0.00, 10.00 	13,20,41,335		0.00,1.34	0,0 	0
977     	29.98, -16.00, -7.35 	-0.25, 1.19, -6.69 	0.00, 10.00 	13,20,41,345		1.18,1.19	0,0 	0
986     	30.00, -15.99, -7.37 	-0.24, 1.18, -6.69 	0.00, 10.00 	13,20,41,355		2.45,1.61	0,0 	0
994     	30.00, -15.99, -7.37 	-0.25, 1.19, -6.70 	0.00, 10.00 	13,20,41,364		0.00,1.81	0,0 	0
1003    	30.02, -15.96, -7.36 	-0.25, 1.19, -6.68 	0.00, 10.00 	13,20,41,374		3.19,0.00	1000,1 	0
1012    	30.06, -15.94, -7.37 	-0.24, 1.19, -6.68 	0.00, 10.00 	13,20,41,384		4.89,1.07	1000,1 	0
1021    	30.06, -15.94, -7.37 	-0.24, 1.19, -6.70 	0.00, 10.00 	13,20,41,394		0.00,0.00	1000,1 	0
1029    	30.02, -15.95, -7.35 	-0.25, 1.19, -6.69 	0.00, 10.00 	13,20,41,403		5.00,1.20	1000,1 	0
1038    	30.00, -15.96, -7.35 	-0.24, 1.19, -6.69 	0.00, 10.00 	13,20,41,413		2.45,1.07	1000,1 	0
1047    	30.01, -15.98, -7.37 	-0.25, 1.20, -6.70 	0.00, 10.00 	13,20,41,423		1.60,1.61	1000,1 	0
1055    	30.00, -15.98, -7.37 	-0.24, 1.20, -6.69 	0.00, 10.00 	13,20,41,432		1.20,1.20	1000,1 	0
1064    	29.99, -15.96, -7.38 	-0.25, 1.19, -6.69 	0.00, 10.00 	13,20,41,442		1.60,1.59	1000,1 	0
1073    	30.01, -15.96, -7.39 	-0.24, 1.19, -6.68 	0.00, 10.00 	13,20,41,452		2.14,1.07	1000,1 	0
1081    	30.02, -15.99, -7.38 	-0.25, 1.19, -6.68 	0.00, 10.00 	13,20,41,461		2.92,1.20	1000,1 	0
1090    	30.05, -15.98, -7.38 	-0.25, 1.21, -6.69 	0.00, 10.00 	13,20,41,471		3.42,2.38	1000,1 	0
1099    	30.05, -15.98, -7.37 	-0.25, 1.20, -6.69 	0.00, 10.00 	13,20,41,481		0.00,1.19	1000,1 	0
1107    	30.04, -15.95, -7.37 	-0.23, 1.20, -6.69 	0.00, 10.00 	13,20,41,490		2.92,2.41	1000,1 	0
1116    	30.04, -15.96, -7.35 	-0.25, 1.20, -6.68 	0.00, 10.00 	13,20,41,500		1.18,2.14	1000,1 	0
1125    	30.02, -15.96, -7.35 	-0.24, 1.21, -6.70 	0.00, 10.00 	13,20,41,510		2.14,1.59	1000,1 	0
1133    	30.02, -15.98, -7.36 	-0.25, 1.20, -6.68 	0.00, 10.00 	13,20,41,519		1.33,1.78	1000,1 	0
1142    	30.00, -15.96, -7.36 	-0.25, 1.20, -6.68 	0.00, 10.00 	13,20,41,529		2.45,0.00	1000,1 	0
1151    	30.00, -15.98, -7.36 	-0.24, 1.19, -6.68 	0.00, 10.00 	13,20,41,539		1.18,1.61	1000,1 	0
1159    	30.00, -15.98, -7.37 	-0.25, 1.20, -6.68 	0.00, 10.00 	13,20,41,548		0.00,1.81	1000,1 	0
1168    	30.03, -15.98, -7.37 	-0.25, 1.22, -6.70 	0.00, 10.00 	13,20,41,558		3.21,2.38	1000,1 	0
1177    	30.03, -15.99, -7.35 	-0.25, 1.21, -6.69 	0.00, 10.00 	13,20,41,568		1.18,1.19	1000,1 	0
1185    	30.01, -16.00, -7.33 	-0.25, 1.21, -6.69 	0.00, 10.00 	13,20,41,577		2.75,0.00	1000,1 	0
1194    	30.04, -15.96, -7.33 	-0.29, 1.21, -6.69 	0.00, 10.00 	13,20,41,587		4.79,4.28	1000,1 	0
1203    	30.01, -16.00, -7.33 	-0.28, 1.21, -6.68 	0.00, 10.00 	13,20,41,597		4.79,1.07	1000,1 	0
1212    	29.99, -16.01, -7.33 	-0.28, 1.22, -6.68 	0.00, 10.00 	13,20,41,607		2.45,1.19	1000,1 	0
1220    	29.97, -16.03, -7.32 	-0.28, 1.23, -6.70 	0.00, 10.00 	13,20,41,616		3.59,1.34	1000,1 	0
1229    	29.97, -16.01, -7.32 	-0.26, 1.22, -6.69 	0.00, 10.00 	13,20,41,626		2.37,2.46	1000,1 	0
1238    	29.96, -16.01, -7.32 	-0.28, 1.23, -6.68 	0.00, 10.00 	13,20,41,636		1.07,2.46	1000,1 	0
1246    	29.96, -16.00, -7.33 	-0.27, 1.23, -6.68 	0.00, 10.00 	13,20,41,645		1.33,1.20	1000,1 	0
1255    	30.00, -15.96, -7.33 	-0.27, 1.23, -6.68 	0.00, 10.00 	13,20,41,655		5.56,0.00	1000,1 	0
1264    	30.00, -15.99, -7.33 	-0.29, 1.23, -6.69 	0.00, 10.00 	13,20,41,665		2.37,2.14	1000,1 	0
1272    	29.99, -16.00, -7.33 	-0.28, 1.23, -6.69 	0.00, 10.00 	13,20,41,674		1.80,1.20	1000,1 	0
1281    	29.99, -16.00, -7.33 	-0.28, 1.22, -6.69 	0.00, 10.00 	13,20,41,684		0.00,1.19	1000,1 	0
1291    	30.00, -16.04, -7.32 	-0.26, 1.23, -6.70 	0.00, 10.00 	13,20,41,695		4.37,2.19	1000,1 	0
1298    	29.99, -16.06, -7.32 	-0.27, 1.23, -6.70 	0.00, 10.00 	13,20,41,703		3.34,1.37	1000,1 	0
1307    	29.98, -16.05, -7.32 	-0.27, 1.22, -6.70 	0.00, 10.00 	13,20,41,713		1.60,1.19	1000,1 	0
1316    	29.96, -16.05, -7.32 	-0.27, 1.23, -6.69 	0.00, 10.00 	13,20,41,723		2.14,1.19	1000,1 	0
1324    	29.97, -16.05, -7.30 	-0.27, 1.23, -6.69 	0.00, 10.00 	13,20,41,732		1.20,0.00	1000,1 	0
1333    	29.97, -16.05, -7.30 	-0.28, 1.23, -6.70 	0.00, 10.00 	13,20,41,742		0.00,1.07	1000,1 	0
1342    	29.99, -16.06, -7.30 	-0.28, 1.23, -6.70 	0.00, 10.00 	13,20,41,752		2.45,0.00	1000,1 	0
1350    	29.99, -16.03, -7.30 	-0.28, 1.23, -6.70 	0.00, 10.00 	13,20,41,761		4.00,0.00	1000,1 	0
1359    	30.00, -16.04, -7.31 	-0.29, 1.23, -6.70 	0.00, 10.00 	13,20,41,771		1.60,1.07	1000,1 	0
1368    	30.04, -16.01, -7.31 	-0.27, 1.23, -6.70 	0.00, 10.00 	13,20,41,781		5.56,2.14	1000,1 	0
1376    	30.04, -16.01, -7.31 	-0.27, 1.23, -6.70 	0.00, 10.00 	13,20,41,790		0.00,0.00	1000,1 	0
1385    	30.03, -16.00, -7.33 	-0.27, 1.23, -6.70 	0.00, 10.00 	13,20,41,800		1.60,0.00	1000,1 	0
1394    	30.03, -16.00, -7.33 	-0.27, 1.23, -6.70 	0.00, 10.00 	13,20,41,810		0.00,0.00	1000,1 	0
1403    	30.03, -15.98, -7.33 	-0.26, 1.24, -6.71 	0.00, 10.00 	13,20,41,820		2.37,1.59	1000,1 	0
1411    	30.03, -15.98, -7.33 	-0.26, 1.24, -6.71 	0.00, 10.00 	13,20,41,829		0.00,0.00	1000,1 	0
1420    	30.03, -15.99, -7.33 	-0.27, 1.24, -6.70 	0.00, 10.00 	13,20,41,839		1.18,1.07	1000,1 	0
1429    	30.02, -15.98, -7.33 	-0.27, 1.24, -6.70 	0.00, 10.00 	13,20,41,849		1.60,0.00	1000,1 	0
1437    	30.04, -15.95, -7.35 	-0.26, 1.24, -6.71 	0.00, 10.00 	13,20,41,858		3.59,1.20	1000,1 	0
1446    	30.05, -15.96, -7.35 	-0.26, 1.24, -6.71 	0.00, 10.00 	13,20,41,868		1.60,0.00	1000,1 	0
1455    	30.06, -15.98, -7.34 	-0.28, 1.24, -6.70 	0.00, 10.00 	13,20,41,878		1.60,2.14	1000,1 	0
1463    	30.04, -15.96, -7.31 	-0.28, 1.24, -6.70 	0.00, 10.00 	13,20,41,887		2.75,0.00	1000,1 	0
1472    	30.05, -16.00, -7.31 	-0.28, 1.24, -6.70 	0.00, 10.00 	13,20,41,897		3.71,0.00	1000,1 	0
1481    	30.07, -16.02, -7.32 	-0.28, 1.24, -6.70 	0.00, 10.00 	13,20,41,907		3.19,0.00	1000,1 	0
1489    	30.07, -16.03, -7.30 	-0.28, 1.22, -6.68 	0.00, 10.00 	13,20,41,916		1.33,2.67	1000,1 	0
1498    	30.05, -16.03, -7.30 	-0.28, 1.23, -6.68 	0.00, 10.00 	13,20,41,926		2.14,1.19	1000,1 	0
1508    	30.05, -16.03, -7.31 	-0.30, 1.24, -6.69 	0.00, 10.00 	13,20,41,937		0.00,2.22	1000,1 	0
1515    	30.09, -16.01, -7.33 	-0.30, 1.26, -6.70 	0.00, 10.00 	13,20,41,945		6.29,1.53	1000,1 	0
1524    	30.08, -15.99, -7.33 	-0.30, 1.26, -6.69 	0.00, 10.00 	13,20,41,955		2.60,0.00	1000,1 	0
1533    	30.09, -15.94, -7.33 	-0.30, 1.24, -6.69 	0.00, 10.00 	13,20,41,965		4.86,1.19	1000,1 	0
1541    	30.07, -15.93, -7.33 	-0.30, 1.26, -6.69 	0.00, 10.00 	13,20,41,974		2.75,1.34	1000,1 	0
1550    	30.06, -15.93, -7.34 	-0.32, 1.27, -6.69 	0.00, 10.00 	13,20,41,984		1.07,2.46	1000,1 	0
1559    	30.09, -15.92, -7.33 	-0.32, 1.27, -6.69 	0.00, 10.00 	13,20,41,994		3.42,0.00	1000,1 	0
1568    	30.09, -15.92, -7.32 	-0.32, 1.27, -6.69 	0.00, 10.00 	13,20,42,4		0.00,0.00	1000,1 	0
1576    	30.07, -15.93, -7.33 	-0.35, 1.27, -6.69 	0.00, 10.00 	13,20,42,13		2.75,3.61	1000,1 	0
1585    	30.04, -15.95, -7.33 	-0.35, 1.28, -6.68 	0.00, 10.00 	13,20,42,23		3.99,1.19	1000,1 	0
1594    	30.02, -15.93, -7.34 	-0.35, 1.31, -6.69 	0.00, 10.00 	13,20,42,33		3.19,3.56	1000,1 	0
1602    	29.99, -15.90, -7.36 	-0.34, 1.31, -6.70 	0.00, 10.00 	13,20,42,42		5.38,1.20	1000,1 	0
1611    	30.00, -15.91, -7.33 	-0.33, 1.32, -6.69 	0.00, 10.00 	13,20,42,52		1.60,1.59	1000,1 	0
1620    	30.01, -15.87, -7.35 	-0.37, 1.34, -6.70 	0.00, 10.00 	13,20,42,62		4.86,4.92	1000,1 	0
1628    	30.02, -15.83, -7.35 	-0.36, 1.35, -6.68 	0.00, 10.00 	13,20,42,71		5.46,1.78	1000,1 	0
1637    	30.01, -15.80, -7.37 	-0.36, 1.40, -6.70 	0.00, 10.00 	13,20,42,81		2.60,4.75	1000,1 	0
1646    	30.00, -15.76, -7.38 	-0.39, 1.41, -6.70 	0.00, 10.00 	13,20,42,91		4.85,3.44	1000,1 	0
1654    	30.02, -15.72, -7.40 	-0.35, 1.43, -6.70 	0.00, 10.00 	13,20,42,100		5.85,5.47	1000,1 	0
1663    	29.95, -15.75, -7.38 	-0.35, 1.44, -6.71 	0.00, 10.00 	13,20,42,110		8.29,1.19	1000,1 	0
1673    	29.95, -15.73, -7.40 	-0.35, 1.47, -6.71 	0.00, 10.00 	13,20,42,121		2.34,3.21	1000,1 	0
1680    	29.94, -15.70, -7.40 	-0.36, 1.47, -6.70 	0.00, 10.00 	13,20,42,129		4.77,1.37	1000,1 	0
1689    	29.90, -15.72, -7.41 	-0.36, 1.51, -6.70 	0.00, 10.00 	13,20,42,139		4.89,4.75	1000,1 	0
1698    	29.91, -15.66, -7.42 	-0.38, 1.54, -6.71 	0.00, 10.00 	13,20,42,149		7.18,4.18	1000,1 	0
1706    	29.85, -15.63, -7.44 	-0.40, 1.57, -6.72 	0.00, 10.00 	13,20,42,158		7.70,3.62	1000,1 	0
1715    	29.90, -15.54, -7.48 	-0.34, 1.61, -6.75 	0.00, 10.00 	13,20,42,168		11.93,7.93	1000,1 	0
1724    	29.93, -15.52, -7.49 	-0.33, 1.64, -6.74 	0.00, 10.00 	13,20,42,178		3.99,3.71	1000,1 	0
1732    	29.92, -15.49, -7.51 	-0.31, 1.70, -6.74 	0.00, 10.00 	13,20,42,187		4.17,8.34	1000,1 	0
1741    	29.91, -15.46, -7.51 	-0.29, 1.73, -6.73 	0.00, 10.00 	13,20,42,197		2.60,3.17	1000,1 	0
1750    	29.90, -15.46, -7.51 	-0.24, 1.79, -6.72 	0.00, 10.00 	13,20,42,207		1.07,8.85	1000,1 	0
1759    	29.85, -15.49, -7.51 	-0.15, 1.83, -6.71 	0.00, 10.00 	13,20,42,217		5.85,11.64	1000,1 	0
1767    	29.82, -15.45, -7.53 	-0.16, 1.92, -6.74 	0.00, 10.00 	13,20,42,226		5.38,10.78	1000,1 	0
1776    	29.79, -15.41, -7.54 	-0.05, 2.00, -6.77 	0.00, 10.00 	13,20,42,236		5.72,15.01	1000,1 	0
1785    	29.72, -15.40, -7.57 	-0.04, 2.12, -6.83 	0.00, 10.00 	13,20,42,246		7.59,13.10	1000,1 	0
1793    	29.73, -15.33, -7.63 	0.03, 2.19, -6.88 	0.00, 10.00 	13,20,42,255		9.40,13.32	1000,1 	0
1802    	29.79, -15.23, -7.66 	0.08, 2.28, -6.93 	0.00, 10.00 	13,20,42,265		12.44,10.83	1000,1 	0
1811    	29.80, -15.12, -7.68 	0.16, 2.41, -6.96 	0.00, 10.00 	13,20,42,275		11.89,16.51	1000,1 	0
1819    	29.84, -15.05, -7.71 	0.20, 2.49, -6.99 	0.00, 10.00 	13,20,42,284		10.50,12.19	1000,1 	0
1828    	29.79, -14.98, -7.72 	0.23, 2.56, -7.00 	0.00, 10.00 	13,20,42,294		8.89,7.77	1000,1 	0
1837    	29.73, -14.91, -7.72 	0.29, 2.66, -7.00 	0.00, 10.00 	13,20,42,304		10.48,13.42	1000,1 	0
1845    	29.63, -14.88, -7.78 	0.37, 2.74, -7.04 	0.00, 10.00 	13,20,42,313		13.83,13.32	1000,1 	0
1854    	29.59, -14.75, -7.83 	0.44, 2.90, -7.08 	0.00, 10.00 	13,20,42,323		14.83,19.65	1000,1 	0
1863    	29.52, -14.69, -7.89 	0.44, 3.03, -7.10 	0.00, 10.00 	13,20,42,333		10.32,15.44	1000,1 	0
1871    	29.51, -14.61, -7.95 	0.45, 3.21, -7.16 	0.00, 10.00 	13,20,42,342		9.40,21.40	1000,1 	0
1880    	29.48, -14.54, -7.99 	0.42, 3.33, -7.19 	0.00, 10.00 	13,20,42,352		8.89,14.66	1000,1 	0
1889    	29.48, -14.46, -8.03 	0.47, 3.49, -7.25 	0.00, 10.00 	13,20,42,362		8.29,18.53	1000,1 	0
1897    	29.47, -14.37, -8.08 	0.47, 3.62, -7.29 	0.00, 10.00 	13,20,42,371		12.05,16.06	1000,1 	0
1906    	29.50, -14.27, -8.11 	0.45, 3.75, -7.32 	0.00, 10.00 	13,20,42,381		11.13,14.66	1000,1 	0
1915    	29.50, -14.19, -8.11 	0.53, 3.86, -7.34 	0.00, 10.00 	13,20,42,391		9.47,15.18	1000,1 	0
1923    	29.44, -14.20, -8.12 	0.48, 3.94, -7.36 	0.00, 10.00 	13,20,42,400		8.53,12.35	1000,1 	0
1933    	29.40, -14.23, -8.13 	0.44, 4.01, -7.37 	0.00, 10.00 	13,20,42,411		5.01,7.53	1000,1 	0
1941    	29.36, -14.22, -8.17 	0.43, 4.10, -7.40 	0.00, 10.00 	13,20,42,420		5.00,12.11	1000,1 	0
1950    	29.31, -14.12, -8.20 	0.38, 4.20, -7.44 	0.00, 10.00 	13,20,42,430		11.92,12.03	1000,1 	0
1958    	29.25, -14.05, -8.20 	0.35, 4.28, -7.48 	0.00, 10.00 	13,20,42,439		11.79,10.08	1000,1 	0
1967    	29.19, -14.00, -8.23 	0.32, 4.37, -7.50 	0.00, 10.00 	13,20,42,449		8.86,11.58	1000,1 	0
1976    	29.16, -13.92, -8.24 	0.30, 4.53, -7.56 	0.00, 10.00 	13,20,42,459		10.00,17.87	1000,1 	0
1984    	29.19, -13.78, -8.26 	0.27, 4.62, -7.60 	0.00, 10.00 	13,20,42,468		17.69,11.79	1000,1 	0
1993    	29.13, -13.72, -8.25 	0.22, 4.74, -7.62 	0.00, 10.00 	13,20,42,478		9.57,14.19	1000,1 	0
2002    	29.11, -13.63, -8.27 	0.19, 4.85, -7.65 	0.00, 10.00 	13,20,42,488		9.71,13.50	1000,1 	0
2010    	29.09, -13.61, -8.29 	0.13, 4.95, -7.67 	0.00, 10.00 	13,20,42,497		3.59,14.12	1000,1 	0
2019    	29.07, -13.56, -8.30 	0.05, 5.09, -7.69 	0.00, 10.00 	13,20,42,507		6.29,17.77	1000,1 	0
2028    	29.03, -13.48, -8.31 	-0.01, 5.20, -7.71 	0.00, 10.00 	13,20,42,517		9.32,13.59	1000,1 	0
2036    	28.98, -13.43, -8.29 	-0.05, 5.35, -7.73 	0.00, 10.00 	13,20,42,526		9.82,19.39	1000,1 	0
2045    	28.90, -13.34, -8.31 	-0.10, 5.49, -7.74 	0.00, 10.00 	13,20,42,536		12.76,16.42	1000,1 	0
2054    	28.91, -13.25, -8.32 	-0.16, 5.61, -7.73 	0.00, 10.00 	13,20,42,546		10.71,15.16	1000,1 	0
2062    	28.91, -13.08, -8.36 	-0.19, 5.73, -7.73 	0.00, 10.00 	13,20,42,555		21.31,16.49	1000,1 	0
2071    	28.94, -13.00, -8.38 	-0.21, 5.86, -7.72 	0.00, 10.00 	13,20,42,565		8.89,14.45	1000,1 	0
2080    	28.94, -12.95, -8.40 	-0.21, 5.98, -7.71 	0.00, 10.00 	13,20,42,575		5.92,13.10	1000,1 	0
2088    	28.92, -12.92, -8.40 	-0.24, 6.11, -7.71 	0.00, 10.00 	13,20,42,584		4.66,16.49	1000,1 	0
2097    	28.94, -12.88, -8.40 	-0.22, 6.16, -7.66 	0.00, 10.00 	13,20,42,594		4.15,6.28	1000,1 	0
2106    	28.93, -12.85, -8.40 	-0.24, 6.25, -7.62 	0.00, 10.00 	13,20,42,604		3.71,9.77	1000,1 	0
2114    	28.90, -12.80, -8.41 	-0.20, 6.31, -7.56 	0.00, 10.00 	13,20,42,613		7.57,9.29	1000,1 	0
2123    	28.88, -12.77, -8.41 	-0.20, 6.36, -7.51 	0.00, 10.00 	13,20,42,623		4.15,5.94	1000,1 	0
2132    	28.92, -12.68, -8.42 	-0.17, 6.47, -7.46 	0.00, 10.00 	13,20,42,633		10.40,12.26	1000,1 	0
2141    	28.90, -12.61, -8.45 	-0.15, 6.54, -7.42 	0.00, 10.00 	13,20,42,643		8.56,7.41	1000,1 	0
2149    	28.91, -12.53, -8.45 	-0.08, 6.60, -7.35 	0.00, 10.00 	13,20,42,652		9.40,11.54	1000,1 	0
2158    	28.90, -12.50, -8.46 	-0.03, 6.69, -7.28 	0.00, 10.00 	13,20,42,662		3.71,12.39	1000,1 	0
2167    	28.85, -12.49, -8.47 	0.04, 6.81, -7.22 	0.00, 10.00 	13,20,42,672		5.48,14.96	1000,1 	0
2175    	28.88, -12.44, -8.46 	0.08, 6.90, -7.15 	0.00, 10.00 	13,20,42,681		7.58,11.66	1000,1 	0
2184    	28.90, -12.41, -8.47 	0.13, 6.97, -7.09 	0.00, 10.00 	13,20,42,691		4.15,10.43	1000,1 	0
2193    	28.88, -12.36, -8.46 	0.13, 7.00, -7.03 	0.00, 10.00 	13,20,42,701		5.20,3.56	1000,1 	0
2201    	28.90, -12.34, -8.46 	0.16, 7.08, -7.00 	0.00, 10.00 	13,20,42,710		3.59,9.98	1000,1 	0
2210    	28.92, -12.29, -8.45 	0.17, 7.12, -6.99 	0.00, 10.00 	13,20,42,720		6.30,4.85	1000,1 	0
2219    	28.93, -12.27, -8.45 	0.16, 7.19, -7.01 	0.00, 10.00 	13,20,42,730		2.60,7.22	1000,1 	0
2227    	28.89, -12.28, -8.46 	0.19, 7.23, -7.03 	0.00, 10.00 	13,20,42,739		5.00,6.40	1000,1 	0
2236    	28.86, -12.29, -8.48 	0.17, 7.29, -7.05 	0.00, 10.00 	13,20,42,749		3.42,7.47	1000,1 	0
2245    	28.89, -12.25, -8.49 	0.18, 7.33, -7.06 	0.00, 10.00 	13,20,42,759		5.72,4.85	1000,1 	0
2253    	28.90, -12.17, -8.51 	0.15, 7.33, -7.07 	0.00, 10.00 	13,20,42,768		9.40,3.61	1000,1 	0
2262    	28.94, -12.11, -8.53 	0.16, 7.39, -7.08 	0.00, 10.00 	13,20,42,778		8.30,6.02	1000,1 	0
2272    	28.95, -12.04, -8.51 	0.18, 7.43, -7.09 	0.00, 10.00 	13,20,42,789		6.47,4.66	1000,1 	0
2279    	28.98, -12.01, -8.52 	0.18, 7.45, -7.11 	0.00, 10.00 	13,20,42,797		6.16,3.05	1000,1 	0
2288    	28.93, -12.01, -8.53 	0.17, 7.48, -7.11 	0.00, 10.00 	13,20,42,807		5.35,3.74	1000,1 	0
2297    	28.94, -11.97, -8.54 	0.17, 7.54, -7.11 	0.00, 10.00 	13,20,42,817		4.86,5.94	1000,1 	0
2305    	28.95, -11.94, -8.56 	0.16, 7.58, -7.12 	0.00, 10.00 	13,20,42,826		4.17,5.50	1000,1 	0
2314    	28.91, -11.95, -8.56 	0.14, 7.65, -7.13 	0.00, 10.00 	13,20,42,836		4.44,7.47	1000,1 	0
2323    	28.85, -11.97, -8.56 	0.16, 7.73, -7.15 	0.00, 10.00 	13,20,42,846		6.85,9.71	1000,1 	0
2332    	28.86, -11.94, -8.57 	0.15, 7.82, -7.16 	0.00, 10.00 	13,20,42,856		3.71,9.58	1000,1 	0
2340    	28.88, -11.88, -8.58 	0.15, 7.93, -7.18 	0.00, 10.00 	13,20,42,865		7.08,14.70	1000,1 	0
2349    	28.88, -11.87, -8.58 	0.16, 8.02, -7.18 	0.00, 10.00 	13,20,42,875		1.18,9.55	1000,1 	0
2358    	28.88, -11.85, -8.60 	0.16, 8.10, -7.19 	0.00, 10.00 	13,20,42,885		2.37,9.50	1000,1 	0
2366    	28.90, -11.86, -8.59 	0.15, 8.20, -7.20 	0.00, 10.00 	13,20,42,894		2.75,12.03	1000,1 	0
2375    	28.90, -11.85, -8.59 	0.15, 8.28, -7.19 	0.00, 10.00 	13,20,42,904		1.18,8.32	1000,1 	0
2384    	28.90, -11.81, -8.56 	0.15, 8.36, -7.18 	0.00, 10.00 	13,20,42,914		4.74,9.50	1000,1 	0
2392    	28.86, -11.80, -8.59 	0.12, 8.46, -7.17 	0.00, 10.00 	13,20,42,923		5.00,12.61	1000,1 	0
2401    	28.85, -11.79, -8.58 	0.08, 8.54, -7.15 	0.00, 10.00 	13,20,42,933		1.60,10.97	1000,1 	0
2410    	28.82, -11.77, -8.56 	0.09, 8.64, -7.15 	0.00, 10.00 	13,20,42,943		3.99,10.87	1000,1 	0
2418    	28.80, -11.76, -8.58 	0.14, 8.76, -7.15 	0.00, 10.00 	13,20,42,952		2.75,15.80	1000,1 	0
2427    	28.79, -11.71, -8.57 	0.19, 8.87, -7.14 	0.00, 10.00 	13,20,42,962		4.85,14.04	1000,1 	0
2436    	28.83, -11.67, -8.58 	0.22, 9.02, -7.14 	0.00, 10.00 	13,20,42,972		6.39,16.89	1000,1 	0
2444    	28.82, -11.66, -8.61 	0.26, 9.15, -7.12 	0.00, 10.00 	13,20,42,981		1.79,17.04	1000,1 	0
2453    	28.86, -11.67, -8.58 	0.27, 9.26, -7.09 	0.00, 10.00 	13,20,42,991		4.44,11.91	1000,1 	0
2463    	28.86, -11.69, -8.56 	0.28, 9.37, -7.04 	0.00, 10.00 	13,20,43,2		2.13,10.72	1000,1 	0
2470    	28.84, -11.72, -8.56 	0.24, 9.48, -7.01 	0.00, 10.00 	13,20,43,10		5.33,17.76	1000,1 	0
2479    	28.85, -11.71, -8.53 	0.23, 9.66, -6.98 	0.00, 10.00 	13,20,43,20		1.60,20.24	1000,1 	0
2488    	28.82, -11.67, -8.55 	0.25, 9.84, -6.95 	0.00, 10.00 	13,20,43,30		5.72,19.10	1000,1 	0
2496    	28.83, -11.63, -8.53 	0.26, 10.02, -6.91 	0.00, 10.00 	13,20,43,39		5.46,22.73	1000,1 	0
2505    	28.79, -11.55, -8.55 	0.22, 10.17, -6.89 	0.00, 10.00 	13,20,43,49		9.32,17.24	1000,1 	0
2514    	28.81, -11.47, -8.57 	0.21, 10.33, -6.90 	0.00, 10.00 	13,20,43,59		9.71,17.87	1000,1 	0
2523    	28.82, -11.43, -8.59 	0.25, 10.48, -6.91 	0.00, 10.00 	13,20,43,69		4.86,17.39	1000,1 	0
2531    	28.88, -11.37, -8.60 	0.31, 10.62, -6.94 	0.00, 10.00 	13,20,43,78		9.83,18.71	1000,1 	0
2540    	28.90, -11.32, -8.61 	0.35, 10.79, -6.96 	0.00, 10.00 	13,20,43,88		6.30,19.42	1000,1 	0
2549    	28.90, -11.28, -8.61 	0.38, 10.95, -6.95 	0.00, 10.00 	13,20,43,98		4.74,18.06	1000,1 	0
2557    	28.92, -11.25, -8.60 	0.37, 11.12, -6.93 	0.00, 10.00 	13,20,43,107		3.59,21.38	1000,1 	0
2566    	28.90, -11.22, -8.60 	0.38, 11.31, -6.92 	0.00, 10.00 	13,20,43,117		4.15,21.39	1000,1 	0
2575    	28.91, -11.18, -8.57 	0.40, 11.48, -6.91 	0.00, 10.00 	13,20,43,127		4.86,19.10	1000,1 	0
2583    	28.87, -11.15, -8.56 	0.39, 11.60, -6.91 	0.00, 10.00 	13,20,43,136		6.26,14.77	1000,1 	0
2592    	28.82, -11.09, -8.57 	0.35, 11.64, -6.90 	0.00, 10.00 	13,20,43,146		7.98,6.44	1000,1 	0
2601    	28.84, -11.02, -8.60 	0.33, 11.67, -6.91 	0.00, 10.00 	13,20,43,156		8.56,4.18	1000,1 	0
2609    	28.84, -10.95, -8.61 	0.34, 11.71, -6.92 	0.00, 10.00 	13,20,43,165		9.32,4.17	1000,1 	0
2618    	28.84, -10.94, -8.60 	0.32, 11.73, -6.91 	0.00, 10.00 	13,20,43,175		1.18,3.22	1000,1 	0
2627    	28.85, -10.92, -8.60 	0.29, 11.73, -6.92 	0.00, 10.00 	13,20,43,185		1.60,3.21	1000,1 	0
2635    	28.91, -10.91, -8.61 	0.26, 11.75, -6.91 	0.00, 10.00 	13,20,43,194		7.35,4.52	1000,1 	0
2644    	28.92, -10.88, -8.60 	0.25, 11.75, -6.92 	0.00, 10.00 	13,20,43,204		3.71,2.14	1000,1 	0
2653    	28.94, -10.84, -8.60 	0.23, 11.75, -6.91 	0.00, 10.00 	13,20,43,214		5.20,2.14	1000,1 	0
2661    	28.93, -10.84, -8.59 	0.16, 11.77, -6.91 	0.00, 10.00 	13,20,43,223		1.20,8.87	1000,1 	0
2670    	28.93, -10.81, -8.59 	0.09, 11.76, -6.90 	0.00, 10.00 	13,20,43,233		3.55,7.56	1000,1 	0
2679    	28.91, -10.82, -8.60 	0.04, 11.78, -6.88 	0.00, 10.00 	13,20,43,243		2.45,5.88	1000,1 	0
2688    	28.91, -10.82, -8.58 	-0.03, 11.81, -6.87 	0.00, 10.00 	13,20,43,253		0.00,8.91	1000,1 	0
2696    	28.90, -10.83, -8.58 	-0.08, 11.81, -6.86 	0.00, 10.00 	13,20,43,262		1.80,6.02	1000,1 	0
2705    	28.86, -10.84, -8.59 	-0.12, 11.82, -6.86 	0.00, 10.00 	13,20,43,272		4.44,4.46	1000,1 	0
2714    	28.86, -10.84, -8.59 	-0.14, 11.81, -6.84 	0.00, 10.00 	13,20,43,282		0.00,2.43	1000,1 	0
2722    	28.88, -10.84, -8.59 	-0.18, 11.81, -6.84 	0.00, 10.00 	13,20,43,291		2.41,4.81	1000,1 	0
2731    	28.89, -10.83, -8.59 	-0.16, 11.80, -6.84 	0.00, 10.00 	13,20,43,301		1.60,2.46	1000,1 	0
2740    	28.86, -10.83, -8.60 	-0.19, 11.80, -6.84 	0.00, 10.00 	13,20,43,311		3.21,3.21	1000,1 	0
2748    	28.87, -10.85, -8.58 	-0.18, 11.80, -6.83 	0.00, 10.00 	13,20,43,320		2.92,1.20	1000,1 	0
2757    	28.85, -10.88, -8.58 	-0.19, 11.80, -6.83 	0.00, 10.00 	13,20,43,330		4.15,1.07	1000,1 	0
2766    	28.85, -10.89, -8.58 	-0.21, 11.77, -6.82 	0.00, 10.00 	13,20,43,340		1.18,3.17	1000,1 	0
2774    	28.85, -10.88, -8.57 	-0.22, 11.77, -6.82 	0.00, 10.00 	13,20,43,349		1.33,1.20	1000,1 	0
2783    	28.83, -10.90, -8.58 	-0.24, 11.79, -6.82 	0.00, 10.00 	13,20,43,359		3.19,2.46	1000,1 	0
2792    	28.82, -10.88, -8.59 	-0.21, 11.80, -6.84 	0.00, 10.00 	13,20,43,369		2.60,3.40	1000,1 	0
2800    	28.80, -10.87, -8.59 	-0.22, 11.81, -6.84 	0.00, 10.00 	13,20,43,378		2.75,1.81	1000,1 	0
2809    	28.82, -10.86, -8.60 	-0.22, 11.80, -6.85 	0.00, 10.00 	13,20,43,388		2.45,1.19	1000,1 	0
2818    	28.83, -10.86, -8.60 	-0.23, 11.80, -6.84 	0.00, 10.00 	13,20,43,398		1.07,1.07	1000,1 	0
2826    	28.81, -10.88, -8.58 	-0.23, 11.81, -6.85 	0.00, 10.00 	13,20,43,407		3.59,1.34	1000,1 	0
2835    	28.83, -10.90, -8.58 	-0.25, 11.77, -6.84 	0.00, 10.00 	13,20,43,417		3.19,4.13	1000,1 	0
2845    	28.83, -10.92, -8.58 	-0.26, 11.75, -6.84 	0.00, 10.00 	13,20,43,428		2.13,2.33	1000,1 	0
2852    	28.79, -10.96, -8.56 	-0.29, 11.72, -6.83 	0.00, 10.00 	13,20,43,436		8.26,7.10	1000,1 	0
2861    	28.77, -11.00, -8.56 	-0.29, 11.70, -6.83 	0.00, 10.00 	13,20,43,446		5.20,2.38	1000,1 	0
2870    	28.75, -11.05, -8.56 	-0.27, 11.71, -6.84 	0.00, 10.00 	13,20,43,456		6.30,2.43	1000,1 	0
2879    	28.76, -11.11, -8.55 	-0.25, 11.69, -6.84 	0.00, 10.00 	13,20,43,466		6.01,3.22	1000,1 	0
2887    	28.74, -11.14, -8.56 	-0.25, 11.66, -6.84 	0.00, 10.00 	13,20,43,475		4.67,4.01	1000,1 	0
2896    	28.75, -11.20, -8.53 	-0.25, 11.61, -6.82 	0.00, 10.00 	13,20,43,485		7.18,4.75	1000,1 	0
2905    	28.79, -11.22, -8.52 	-0.23, 11.58, -6.82 	0.00, 10.00 	13,20,43,495		5.85,4.18	1000,1 	0
2913    	28.84, -11.25, -8.51 	-0.23, 11.55, -6.80 	0.00, 10.00 	13,20,43,504		7.22,4.01	1000,1 	0
2922    	28.85, -11.33, -8.50 	-0.21, 11.52, -6.81 	0.00, 10.00 	13,20,43,514		8.35,4.83	1000,1 	0
2931    	28.85, -11.41, -8.48 	-0.21, 11.49, -6.81 	0.00, 10.00 	13,20,43,524		9.47,3.56	1000,1 	0
2939    	28.82, -11.53, -8.46 	-0.20, 11.42, -6.81 	0.00, 10.00 	13,20,43,533		15.09,8.13	1000,1 	0
2948    	28.82, -11.63, -8.44 	-0.17, 11.38, -6.80 	0.00, 10.00 	13,20,43,543		10.65,5.77	1000,1 	0
2957    	28.81, -11.71, -8.44 	-0.15, 11.29, -6.80 	0.00, 10.00 	13,20,43,553		9.53,9.77	1000,1 	0
2965    	28.82, -11.73, -8.43 	-0.11, 11.20, -6.80 	0.00, 10.00 	13,20,43,562		2.92,13.02	1000,1 	0
2974    	28.79, -11.77, -8.43 	-0.06, 11.08, -6.80 	0.00, 10.00 	13,20,43,572		4.79,14.19	1000,1 	0
2983    	28.80, -11.80, -8.43 	0.00, 10.94, -6.79 	0.00, 10.00 	13,20,43,582		3.71,16.81	1000,1 	0
2991    	28.81, -11.79, -8.43 	0.06, 10.80, -6.78 	0.00, 10.00 	13,20,43,591		1.80,18.91	1000,1 	0
3000    	28.91, -11.74, -8.44 	0.11, 10.66, -6.78 	0.00, 10.00 	13,20,43,601		11.71,16.42	1000,1 	0
3009    	28.89, -11.79, -8.41 	0.14, 10.55, -6.76 	0.00, 10.00 	13,20,43,611		5.20,12.35	1000,1 	0
3017    	28.94, -11.80, -8.42 	0.12, 10.47, -6.77 	0.00, 10.00 	13,20,43,620		6.17,10.92	1000,1 	0
3026    	28.97, -11.81, -8.42 	0.11, 10.41, -6.77 	0.00, 10.00 	13,20,43,630		3.42,6.02	1000,1 	0
3036    	28.99, -11.84, -8.41 	0.13, 10.38, -6.77 	0.00, 10.00 	13,20,43,641		3.73,3.77	1000,1 	0
3043    	28.98, -11.85, -8.42 	0.12, 10.36, -6.78 	0.00, 10.00 	13,20,43,649		2.05,3.33	1000,1 	0
3052    	28.99, -11.87, -8.42 	0.12, 10.34, -6.77 	0.00, 10.00 	13,20,43,659		2.60,2.38	1000,1 	0
3061    	29.01, -11.87, -8.42 	0.12, 10.33, -6.77 	0.00, 10.00 	13,20,43,669		2.14,1.19	1000,1 	0
3070    	29.00, -11.87, -8.43 	0.13, 10.31, -6.77 	0.00, 10.00 	13,20,43,679		1.07,2.62	1000,1 	0
3078    	29.01, -11.83, -8.46 	0.14, 10.30, -6.77 	0.00, 10.00 	13,20,43,688		5.46,1.81	1000,1 	0
3087    	29.05, -11.80, -8.45 	0.15, 10.31, -6.78 	0.00, 10.00 	13,20,43,698		6.43,1.59	1000,1 	0
3096    	29.03, -11.85, -8.43 	0.16, 10.31, -6.77 	0.00, 10.00 	13,20,43,708		6.30,1.07	1000,1 	0
3104    	29.03, -11.88, -8.42 	0.15, 10.31, -6.79 	0.00, 10.00 	13,20,43,717		4.00,1.20	1000,1 	0
3113    	29.05, -11.90, -8.42 	0.15, 10.31, -6.78 	0.00, 10.00 	13,20,43,727		3.19,0.00	1000,1 	0
3122    	29.06, -11.92, -8.42 	0.14, 10.29, -6.77 	0.00, 10.00 	13,20,43,737		1.60,2.59	1000,1 	0
3130    	29.06, -11.94, -8.42 	0.14, 10.30, -6.78 	0.00, 10.00 	13,20,43,746		2.66,1.34	1000,1 	0
3139    	29.05, -11.94, -8.43 	0.17, 10.29, -6.78 	0.00, 10.00 	13,20,43,756		1.07,3.44	1000,1 	0
3148    	29.05, -11.95, -8.44 	0.16, 10.31, -6.78 	0.00, 10.00 	13,20,43,766		1.18,2.62	1000,1 	0
3156    	29.03, -11.92, -8.44 	0.18, 10.32, -6.80 	0.00, 10.00 	13,20,43,775		5.38,2.73	1000,1 	0
3165    	29.04, -11.95, -8.43 	0.18, 10.33, -6.81 	0.00, 10.00 	13,20,43,785		4.15,1.19	1000,1 	0
3174    	29.06, -11.95, -8.44 	0.22, 10.33, -6.80 	0.00, 10.00 	13,20,43,795		2.14,4.28	1000,1 	0
3182    	29.03, -11.95, -8.44 	0.21, 10.33, -6.80 	0.00, 10.00 	13,20,43,804		3.61,1.20	1000,1 	0
3191    	29.05, -11.97, -8.45 	0.21, 10.33, -6.81 	0.00, 10.00 	13,20,43,814		3.19,0.00	1000,1 	0
3200    	29.05, -11.96, -8.43 	0.22, 10.34, -6.81 	0.00, 10.00 	13,20,43,824		1.18,1.59	1000,1 	0
3208    	29.06, -11.96, -8.43 	0.22, 10.32, -6.80 	0.00, 10.00 	13,20,43,833		1.20,2.67	1000,1 	0
3217    	29.05, -11.97, -8.42 	0.22, 10.31, -6.79 	0.00, 10.00 	13,20,43,843		1.60,1.19	1000,1 	0
3227    	29.05, -11.99, -8.42 	0.21, 10.31, -6.79 	0.00, 10.00 	13,20,43,854		2.13,0.96	1000,1 	0
3234    	29.03, -12.00, -8.42 	0.21, 10.31, -6.79 	0.00, 10.00 	13,20,43,862		3.15,0.00	1000,1 	0
3243    	29.03, -12.03, -8.42 	0.21, 10.31, -6.79 	0.00, 10.00 	13,20,43,872		3.55,0.00	1000,1 	0
3252    	29.06, -12.02, -8.42 	0.20, 10.30, -6.79 	0.00, 10.00 	13,20,43,882		3.42,1.59	1000,1 	0
3261    	29.04, -12.04, -8.41 	0.20, 10.30, -6.79 	0.00, 10.00 	13,20,43,892		3.19,0.00	1000,1 	0
3269    	29.06, -12.02, -8.42 	0.21, 10.30, -6.79 	0.00, 10.00 	13,20,43,901		3.59,1.20	1000,1 	0
3278    	29.06, -12.04, -8.42 	0.23, 10.30, -6.80 	0.00, 10.00 	13,20,43,911		2.37,2.14	1000,1 	0
3287    	29.05, -12.06, -8.42 	0.21, 10.29, -6.80 	0.00, 10.00 	13,20,43,921		2.60,2.43	1000,1 	0
3295    	29.05, -12.11, -8.41 	0.22, 10.29, -6.79 	0.00, 10.00 	13,20,43,930		5.33,1.20	1000,1 	0
3304    	29.07, -12.12, -8.41 	0.22, 10.30, -6.79 	0.00, 10.00 	13,20,43,940		2.45,1.19	1000,1 	0
3313    	29.07, -12.15, -8.40 	0.20, 10.29, -6.79 	0.00, 10.00 	13,20,43,950		3.55,2.43	1000,1 	0
3321    	29.04, -12.17, -8.41 	0.19, 10.29, -6.79 	0.00, 10.00 	13,20,43,959		4.49,1.20	1000,1 	0
3330    	29.03, -12.18, -8.41 	0.19, 10.31, -6.80 	0.00, 10.00 	13,20,43,969		1.60,2.38	1000,1 	0
3339    	29.04, -12.17, -8.41 	0.21, 10.30, -6.80 	0.00, 10.00 	13,20,43,979		1.60,2.46	1000,1 	0
3347    	29.05, -12.14, -8.42 	0.20, 10.29, -6.80 	0.00, 10.00 	13,20,43,988		4.17,1.78	1000,1 	0
3356    	29.05, -12.13, -8.42 	0.20, 10.30, -6.81 	0.00, 10.00 	13,20,43,998		1.18,1.19	1000,1 	0
3365    	29.06, -12.14, -8.42 	0.21, 10.31, -6.80 	0.00, 10.00 	13,20,44,8		1.60,1.59	1000,1 	0
3373    	29.09, -12.14, -8.40 	0.21, 10.30, -6.79 	0.00, 10.00 	13,20,44,17		3.61,1.34	1000,1 	0
3382    	29.10, -12.16, -8.39 	0.21, 10.30, -6.79 	0.00, 10.00 	13,20,44,27		2.60,0.00	1000,1 	0
3391    	29.08, -12.17, -8.40 	0.22, 10.29, -6.79 	0.00, 10.00 	13,20,44,37		2.45,1.61	1000,1 	0
3399    	29.05, -12.18, -8.39 	0.20, 10.30, -6.80 	0.00, 10.00 	13,20,44,46		3.85,2.77	1000,1 	0
3408    	29.06, -12.18, -8.39 	0.21, 10.29, -6.79 	0.00, 10.00 	13,20,44,56		1.07,1.61	1000,1 	0
3418    	29.08, -12.17, -8.40 	0.21, 10.30, -6.79 	0.00, 10.00 	13,20,44,67		2.20,1.07	1000,1 	0
3426    	29.08, -12.17, -8.40 	0.19, 10.29, -6.79 	0.00, 10.00 	13,20,44,76		0.00,2.73	1000,1 	0
3434    	29.08, -12.18, -8.38 	0.20, 10.29, -6.79 	0.00, 10.00 	13,20,44,85		1.33,1.20	1000,1 	0
3443    	29.09, -12.18, -8.39 	0.20, 10.29, -6.79 	0.00, 10.00 	13,20,44,95		1.07,0.00	1000,1 	0
3451    	29.11, -12.19, -8.38 	0.21, 10.30, -6.80 	0.00, -0.00 	13,20,44,114		2.45,1.59	1000,1 	0
3460    	29.09, -12.19, -8.38 	0.21, 10.29, -6.80 	0.00, -0.00 	13,20,44,124		1.61,0.89	1000,1 	0
3469    	29.11, -12.18, -8.38 	0.21, 10.30, -6.79 	0.00, -0.00 	13,20,44,134		2.00,0.97	1000,1 	0
3477    	29.13, -12.19, -8.37 	0.21, 10.29, -6.79 	0.00, -0.00 	13,20,44,143		2.00,0.97	1000,1 	0
3486    	29.10, -12.19, -8.38 	0.21, 10.30, -6.80 	0.00, -0.00 	13,20,44,153		2.41,0.89	1000,1 	0
3495    	29.11, -12.21, -8.38 	0.22, 10.29, -6.80 	0.00, -0.00 	13,20,44,163		2.13,1.32	1000,1 	0
3503    	29.08, -12.22, -8.38 	0.22, 10.30, -6.80 	0.00, -0.00 	13,20,44,172		2.80,0.97	1000,1 	0
3512    	29.09, -12.20, -8.39 	0.22, 10.29, -6.80 	0.00, -0.00 	13,20,44,182		1.95,0.89	1000,1 	0
3521    	29.09, -12.20, -8.39 	0.21, 10.30, -6.81 	0.00, -0.00 	13,20,44,192		0.00,1.32	1000,1 	0
3529    	29.12, -12.19, -8.39 	0.21, 10.29, -6.81 	0.00, -0.00 	13,20,44,201		2.80,0.97	1000,1 	0
3538    	29.14, -12.16, -8.40 	0.21, 10.29, -6.81 	0.00, -0.00 	13,20,44,211		3.11,0.00	1000,1 	0
3547    	29.14, -12.16, -8.40 	0.21, 10.29, -6.80 	0.00, -0.00 	13,20,44,221		0.00,0.00	1000,1 	0
3555    	29.17, -12.14, -8.40 	0.19, 10.27, -6.80 	0.00, -0.00 	13,20,44,230		3.27,1.99	1000,1 	0
3564    	29.15, -12.15, -8.39 	0.19, 10.27, -6.80 	0.00, -0.00 	13,20,44,240		1.84,0.00	1000,1 	0
3573    	29.15, -12.16, -8.40 	0.19, 10.27, -6.81 	0.00, -0.00 	13,20,44,250		0.97,0.00	1000,1 	0
3581    	29.15, -12.17, -8.38 	0.19, 10.27, -6.80 	0.00, -0.00 	13,20,44,259		0.97,0.00	1000,1 	0
3590    	29.13, -12.17, -8.39 	0.21, 10.29, -6.80 	0.00, -0.00 	13,20,44,269		1.61,1.82	1000,1 	0
3599    	29.12, -12.16, -8.38 	0.20, 10.29, -6.80 	0.00, -0.00 	13,20,44,279		1.31,0.87	1000,1 	0
3608    	29.16, -12.13, -8.40 	0.21, 10.29, -6.80 	0.00, -0.00 	13,20,44,289		4.55,0.87	1000,1 	0
3616    	29.15, -12.12, -8.39 	0.21, 10.29, -6.81 	0.00, -0.00 	13,20,44,298		1.31,0.00	1000,1 	0
3626    	29.18, -12.11, -8.39 	0.20, 10.29, -6.81 	0.00, -0.00 	13,20,44,309		2.57,0.80	1000,1 	0
3634    	29.18, -12.12, -8.38 	0.18, 10.29, -6.80 	0.00, -0.00 	13,20,44,318		1.07,1.92	1000,1 	0
3642    	29.21, -12.10, -8.39 	0.18, 10.29, -6.80 	0.00, -0.00 	13,20,44,327		3.27,0.00	1000,1 	0
3651    	29.21, -12.11, -8.38 	0.20, 10.29, -6.81 	0.00, -0.00 	13,20,44,337		0.89,1.60	1000,1 	0
3660    	29.20, -12.11, -8.38 	0.19, 10.27, -6.80 	0.00, -0.00 	13,20,44,347		0.88,1.30	1000,1 	0
3668    	29.19, -12.14, -8.38 	0.19, 10.27, -6.80 	0.00, -0.00 	13,20,44,356		3.04,0.00	1000,1 	0
3677    	29.19, -12.13, -8.38 	0.19, 10.27, -6.80 	0.00, -0.00 	13,20,44,366		0.89,0.00	1000,1 	0
3686    	29.15, -12.16, -8.38 	0.19, 10.29, -6.80 	0.00, -0.00 	13,20,44,376		4.55,0.97	1000,1 	0
3694    	29.15, -12.17, -8.39 	0.19, 10.29, -6.80 	0.00, -0.00 	13,20,44,385		0.97,0.00	1000,1 	0
3703    	29.15, -12.19, -8.41 	0.18, 10.29, -6.80 	0.00, -0.00 	13,20,44,395		1.78,0.80	1000,1 	0
3712    	29.14, -12.19, -8.40 	0.18, 10.29, -6.80 	0.00, -0.00 	13,20,44,405		0.88,0.00	1000,1 	0
3720    	29.15, -12.19, -8.39 	0.19, 10.29, -6.80 	0.00, -0.00 	13,20,44,414		0.88,0.87	1000,1 	0
3729    	29.15, -12.19, -8.39 	0.19, 10.29, -6.81 	0.00, -0.00 	13,20,44,424		0.00,0.00	1000,1 	0
3738    	29.14, -12.19, -8.38 	0.18, 10.29, -6.80 	0.00, -0.00 	13,20,44,434		0.80,0.80	1000,1 	0
3746    	29.15, -12.18, -8.38 	0.18, 10.30, -6.80 	0.00, -0.00 	13,20,44,443		1.31,0.97	1000,1 	0
3755    	29.13, -12.17, -8.38 	0.19, 10.29, -6.80 	0.00, -0.00 	13,20,44,453		1.83,1.21	1000,1 	0
3764    	29.12, -12.18, -8.38 	0.19, 10.27, -6.80 	0.00, -0.00 	13,20,44,463		1.31,0.97	1000,1 	0
3773    	29.13, -12.19, -8.38 	0.19, 10.27, -6.80 	0.00, -0.00 	13,20,44,473		1.31,0.00	1000,1 	0
3781    	29.14, -12.16, -8.40 	0.19, 10.27, -6.81 	0.00, -0.00 	13,20,44,482		3.04,0.00	1000,1 	0
3791    	29.15, -12.15, -8.40 	0.20, 10.30, -6.81 	0.00, -0.00 	13,20,44,493		1.20,1.94	1000,1 	0
3799    	29.16, -12.17, -8.38 	0.20, 10.30, -6.81 	0.00, -0.00 	13,20,44,502		2.34,0.00	1000,1 	0
3807    	29.16, -12.15, -8.39 	0.20, 10.30, -6.81 	0.00, -0.00 	13,20,44,511		1.94,0.00	1000,1 	0
3816    	29.18, -12.14, -8.40 	0.20, 10.29, -6.81 	0.00, -0.00 	13,20,44,521		1.84,0.89	1000,1 	0
3825    	29.16, -12.17, -8.38 	0.19, 10.29, -6.80 	0.00, -0.00 	13,20,44,531		3.39,0.87	1000,1 	0
3833    	29.16, -12.18, -8.38 	0.19, 10.29, -6.80 	0.00, -0.00 	13,20,44,540		0.97,0.00	1000,1 	0
3842    	29.17, -12.18, -8.39 	0.18, 10.29, -6.80 	0.00, -0.00 	13,20,44,550		0.80,0.80	1000,1 	0
3851    	29.16, -12.18, -8.39 	0.19, 10.29, -6.80 	0.00, -0.00 	13,20,44,560		0.88,0.87	1000,1 	0
3859    	29.15, -12.20, -8.38 	0.18, 10.29, -6.81 	0.00, -0.00 	13,20,44,569		2.13,0.87	1000,1 	0
3868    	29.14, -12.21, -8.38 	0.21, 10.30, -6.80 	0.00, -0.00 	13,20,44,579		1.20,2.55	1000,1 	0
3877    	29.14, -12.22, -8.38 	0.20, 10.29, -6.81 	0.00, -0.00 	13,20,44,589		0.97,1.30	1000,1 	0
3885    	29.15, -12.20, -8.38 	0.20, 10.29, -6.81 	0.00, -0.00 	13,20,44,598		2.13,0.00	1000,1 	0
3894    	29.18, -12.18, -8.40 	0.19, 10.30, -6.81 	0.00, -0.00 	13,20,44,608		2.99,1.21	1000,1 	0
3903    	29.18, -12.18, -8.40 	0.19, 10.29, -6.80 	0.00, -0.00 	13,20,44,618		0.00,0.97	1000,1 	0
3913    	29.16, -12.19, -8.39 	0.19, 10.29, -6.80 	0.00, -0.00 	13,20,44,629		2.00,0.00	1000,1 	0
3921    	29.16, -12.20, -8.38 	0.19, 10.29, -6.80 	0.00, -0.00 	13,20,44,637		1.07,0.00	1000,1 	0
3930    	29.16, -12.21, -8.38 	0.19, 10.29, -6.80 	0.00, -0.00 	13,20,44,647		0.97,0.00	1000,1 	0
3939    	29.16, -12.21, -8.36 	0.20, 10.30, -6.80 	0.00, -0.00 	13,20,44,656		0.00,1.43	1000,1 	0
3948    	29.18, -12.21, -8.36 	0.20, 10.30, -6.80 	0.00, -0.00 	13,20,44,666		1.93,0.00	1000,1 	0
3957    	29.16, -12.18, -8.37 	0.20, 10.30, -6.81 	0.00, -0.00 	13,20,44,676		4.15,0.00	0,0 	0
3966    	29.17, -12.18, -8.38 	0.20, 10.30, -6.80 	0.00, -0.00 	13,20,44,686		1.07,0.00	0,0 	0
3974    	29.16, -12.17, -8.38 	0.19, 10.30, -6.81 	0.00, -0.00 	13,20,44,695		1.60,1.07	0,0 	0
3984    	29.15, -12.15, -8.39 	0.18, 10.30, -6.80 	0.00, -0.00 	13,20,44,706		2.34,0.96	0,0 	0
3992    	29.17, -12.14, -8.38 	0.20, 10.30, -6.81 	0.00, -0.00 	13,20,44,715		2.75,2.41	0,0 	0
4000    	29.20, -12.14, -8.38 	0.20, 10.29, -6.80 	0.00, -0.00 	13,20,44,724		3.21,1.19	0,0 	0
4009    	29.19, -12.14, -8.37 	0.19, 10.29, -6.80 	0.00, -0.00 	13,20,44,734		0.96,0.96	0,0 	0
4018    	29.18, -12.14, -8.38 	0.19, 10.30, -6.80 	0.00, -0.00 	13,20,44,744		1.07,1.19	0,0 	0
4026    	29.18, -12.15, -8.37 	0.18, 10.30, -6.80 	0.00, -0.00 	13,20,44,753		1.18,1.07	0,0 	0
4035    	29.17, -12.17, -8.38 	0.18, 10.29, -6.80 	0.00, -0.00 	13,20,44,763		2.34,1.07	0,0 	0
4044    	29.16, -12.15, -8.39 	0.17, 10.29, -6.80 	0.00, -0.00 	13,20,44,773		2.60,1.07	0,0 	0
4052    	29.14, -12.16, -8.39 	0.18, 10.29, -6.80 	0.00, -0.00 	13,20,44,782		2.45,1.07	0,0 	0
4061    	29.14, -12.15, -8.39 	0.17, 10.29, -6.81 	0.00, -0.00 	13,20,44,792		1.07,0.96	0,0 	0
4070    	29.16, -12.15, -8.38 	0.19, 10.29, -6.80 	0.00, -0.00 	13,20,44,802		2.14,2.14	0,0 	0
4078    	29.17, -12.15, -8.38 	0.18, 10.29, -6.80 	0.00, -0.00 	13,20,44,811		1.07,1.07	0,0 	0
4087    	29.19, -12.14, -8.39 	0.17, 10.29, -6.80 	0.00, -0.00 	13,20,44,821		2.20,0.96	0,0 	0
4096    	29.21, -12.13, -8.38 	0.17, 10.29, -6.80 	0.00, -0.00 	13,20,44,831		2.45,0.00	0,0 	0
4104    	29.18, -12.15, -8.36 	0.18, 10.29, -6.79 	0.00, -0.00 	13,20,44,840		3.99,1.07	0,0 	0
4113    	29.20, -12.16, -8.37 	0.18, 10.27, -6.79 	0.00, -0.00 	13,20,44,850		2.20,1.07	0,0 	0
4122    	29.17, -12.18, -8.37 	0.17, 10.29, -6.80 	0.00, -0.00 	13,20,44,860		3.59,1.45	0,0 	0
4130    	29.17, -12.20, -8.36 	0.17, 10.29, -6.80 	0.00, -0.00 	13,20,44,869		2.37,0.00	0,0 	0
4139    	29.17, -12.20, -8.36 	0.19, 10.29, -6.80 	0.00, -0.00 	13,20,44,879		0.00,1.92	0,0 	0
4148    	29.16, -12.19, -8.38 	0.18, 10.29, -6.81 	0.00, -0.00 	13,20,44,889		1.44,0.96	0,0 	0
4157    	29.19, -12.16, -8.38 	0.16, 10.26, -6.79 	0.00, -0.00 	13,20,44,899		4.79,3.17	0,0 	0
4165    	29.18, -12.16, -8.38 	0.10, 10.22, -6.79 	0.00, -0.00 	13,20,44,908		1.07,7.93	0,0 	0
4174    	29.20, -12.15, -8.38 	0.06, 10.18, -6.77 	0.00, -0.00 	13,20,44,918		2.20,5.71	0,0 	0
4183    	29.23, -12.15, -8.37 	0.04, 10.13, -6.76 	0.00, -0.00 	13,20,44,928		3.21,6.28	0,0 	0
4191    	29.23, -12.16, -8.37 	0.03, 10.06, -6.74 	0.00, -0.00 	13,20,44,937		1.18,7.41	0,0 	0
4200    	29.18, -12.19, -8.37 	0.02, 9.98, -6.73 	0.00, -0.00 	13,20,44,947		5.78,8.59	0,0 	0
4209    	29.18, -12.21, -8.37 	0.02, 9.91, -6.71 	0.00, -0.00 	13,20,44,957		2.37,7.13	0,0 	0
4217    	29.18, -12.22, -8.38 	0.02, 9.84, -6.72 	0.00, -0.00 	13,20,44,966		1.18,8.32	0,0 	0
4226    	29.21, -12.21, -8.37 	0.02, 9.75, -6.72 	0.00, -0.00 	13,20,44,976		3.08,8.55	0,0 	0
4235    	29.20, -12.22, -8.36 	0.00, 9.58, -6.71 	0.00, -0.00 	13,20,44,986		1.60,19.10	0,0 	0
4243    	29.21, -12.21, -8.37 	-0.03, 9.34, -6.71 	0.00, -0.00 	13,20,44,995		1.60,27.46	0,0 	0
4252    	29.17, -12.21, -8.38 	-0.06, 8.98, -6.69 	0.00, -0.00 	13,20,45,5		3.85,35.43	0,0 	0
4261    	29.19, -12.22, -8.36 	-0.15, 8.60, -6.68 	0.00, -0.00 	13,20,45,15		2.45,43.69	0,0 	0
4269    	29.18, -12.26, -8.36 	-0.17, 8.34, -6.64 	0.00, -0.00 	13,20,45,24		3.71,28.64	0,0 	0
4278    	29.17, -12.26, -8.35 	-0.24, 8.11, -6.60 	0.00, -0.00 	13,20,45,34		0.96,24.37	0,0 	0
4287    	29.19, -12.27, -8.37 	-0.31, 7.88, -6.58 	0.00, -0.00 	13,20,45,44		2.45,26.25	0,0 	0
4295    	29.17, -12.30, -8.35 	-0.31, 7.67, -6.57 	0.00, -0.00 	13,20,45,53		4.15,23.76	0,0 	0
4304    	29.16, -12.33, -8.36 	-0.28, 7.47, -6.57 	0.00, -0.00 	13,20,45,63		3.34,20.56	0,0 	0
4313    	29.17, -12.33, -8.35 	-0.24, 7.24, -6.56 	0.00, -0.00 	13,20,45,73		0.96,22.84	0,0 	0
4322    	29.15, -12.33, -8.35 	-0.22, 7.04, -6.56 	0.00, -0.00 	13,20,45,83		2.14,22.70	0,0 	0
4330    	29.19, -12.31, -8.36 	-0.15, 6.85, -6.58 	0.00, -0.00 	13,20,45,92		4.89,22.76	0,0 	0
4339    	29.20, -12.31, -8.37 	-0.09, 6.67, -6.64 	0.00, -0.00 	13,20,45,102		0.96,18.48	0,0 	0
4348    	29.20, -12.31, -8.34 	-0.08, 6.48, -6.69 	0.00, -0.00 	13,20,45,112		0.00,21.38	0,0 	0
4356    	29.22, -12.33, -8.34 	-0.12, 6.30, -6.71 	0.00, -0.00 	13,20,45,121		3.19,20.58	0,0 	0
4366    	29.22, -12.35, -8.33 	-0.14, 6.16, -6.73 	0.00, -0.00 	13,20,45,132		2.13,14.00	0,0 	0
4374    	29.20, -12.41, -8.33 	-0.18, 6.03, -6.74 	0.00, -0.00 	13,20,45,141		7.08,16.67	0,0 	0
4382    	29.21, -12.44, -8.30 	-0.21, 5.93, -6.72 	0.00, -0.00 	13,20,45,150		3.71,12.26	0,0 	0
4391    	29.18, -12.43, -8.31 	-0.26, 5.80, -6.71 	0.00, -0.00 	13,20,45,160		3.08,13.99	0,0 	0
4400    	29.12, -12.46, -8.32 	-0.28, 5.77, -6.74 	0.00, -0.00 	13,20,45,170		7.34,4.13	0,0 	0
4408    	29.11, -12.45, -8.33 	-0.33, 5.70, -6.75 	0.00, -0.00 	13,20,45,179		1.60,8.85	0,0 	0
4417    	29.10, -12.42, -8.33 	-0.33, 5.64, -6.78 	0.00, -0.00 	13,20,45,189		3.34,6.42	0,0 	0
4426    	29.11, -12.43, -8.32 	-0.32, 5.53, -6.78 	0.00, -0.00 	13,20,45,199		1.60,11.94	0,0 	0
4434    	29.08, -12.45, -8.31 	-0.32, 5.45, -6.81 	0.00, -0.00 	13,20,45,208		3.99,9.50	0,0 	0
4443    	29.09, -12.47, -8.32 	-0.28, 5.34, -6.81 	0.00, -0.00 	13,20,45,218		2.34,11.42	0,0 	0
4452    	29.07, -12.51, -8.31 	-0.28, 5.26, -6.85 	0.00, -0.00 	13,20,45,228		5.20,8.32	0,0 	0
4460    	29.10, -12.57, -8.29 	-0.25, 5.16, -6.86 	0.00, -0.00 	13,20,45,237		6.73,12.35	0,0 	0
4469    	29.09, -12.60, -8.27 	-0.26, 5.06, -6.88 	0.00, -0.00 	13,20,45,247		3.34,9.66	0,0 	0
4478    	29.04, -12.65, -8.27 	-0.23, 4.92, -6.89 	0.00, -0.00 	13,20,45,257		7.98,15.82	0,0 	0
4486    	29.03, -12.66, -8.27 	-0.26, 4.78, -6.90 	0.00, -0.00 	13,20,45,266		1.60,15.96	0,0 	0
4495    	29.04, -12.68, -8.27 	-0.30, 4.69, -6.90 	0.00, -0.00 	13,20,45,276		2.34,10.31	0,0 	0
4504    	29.03, -12.69, -8.27 	-0.36, 4.57, -6.91 	0.00, -0.00 	13,20,45,286		1.44,13.02	0,0 	0
4513    	29.01, -12.71, -8.25 	-0.38, 4.43, -6.90 	0.00, -0.00 	13,20,45,296		3.19,15.56	0,0 	0
4521    	29.06, -12.70, -8.26 	-0.36, 4.35, -6.92 	0.00, -0.00 	13,20,45,305		5.48,9.77	0,0 	0
4530    	29.06, -12.70, -8.24 	-0.34, 4.27, -6.93 	0.00, -0.00 	13,20,45,315		0.00,7.76	0,0 	0
4539    	29.07, -12.75, -8.24 	-0.29, 4.16, -6.93 	0.00, -0.00 	13,20,45,325		4.85,13.10	0,0 	0
4547    	29.09, -12.76, -8.24 	-0.32, 4.08, -6.93 	0.00, -0.00 	13,20,45,334		2.45,9.98	0,0 	0
4556    	29.11, -12.80, -8.22 	-0.35, 3.98, -6.90 	0.00, -0.00 	13,20,45,344		4.68,10.00	0,0 	0
4565    	29.12, -12.80, -8.21 	-0.35, 3.90, -6.91 	0.00, -0.00 	13,20,45,354		1.07,9.50	0,0 	0
4573    	29.12, -12.81, -8.21 	-0.32, 3.85, -6.93 	0.00, -0.00 	13,20,45,363		1.18,5.77	0,0 	0
4582    	29.12, -12.83, -8.18 	-0.33, 3.79, -6.92 	0.00, -0.00 	13,20,45,373		2.13,6.47	0,0 	0
4591    	29.08, -12.86, -8.18 	-0.33, 3.73, -6.93 	0.00, -0.00 	13,20,45,383		5.56,7.19	0,0 	0
4599    	29.10, -12.90, -8.17 	-0.32, 3.64, -6.92 	0.00, -0.00 	13,20,45,392		4.15,9.58	0,0 	0
4608    	29.11, -12.90, -8.17 	-0.33, 3.58, -6.93 	0.00, -0.00 	13,20,45,402		0.96,6.47	0,0 	0
4617    	29.10, -12.90, -8.17 	-0.27, 3.50, -6.95 	0.00, -0.00 	13,20,45,412		1.07,10.58	0,0 	0
4625    	29.12, -12.91, -8.16 	-0.27, 3.44, -6.95 	0.00, -0.00 	13,20,45,421		2.45,7.13	0,0 	0
4634    	29.17, -12.91, -8.15 	-0.28, 3.37, -6.95 	0.00, -0.00 	13,20,45,431		4.82,6.47	0,0 	0
4643    	29.18, -12.93, -8.15 	-0.27, 3.31, -6.97 	0.00, -0.00 	13,20,45,441		2.60,7.22	0,0 	0
4651    	29.16, -12.93, -8.14 	-0.24, 3.21, -6.96 	0.00, -0.00 	13,20,45,450		2.14,11.21	0,0 	0
4660    	29.17, -12.96, -8.14 	-0.28, 3.13, -6.96 	0.00, -0.00 	13,20,45,460		3.34,9.33	0,0 	0
4669    	29.15, -12.99, -8.13 	-0.31, 3.03, -6.94 	0.00, -0.00 	13,20,45,470		4.15,11.12	0,0 	0
4677    	29.11, -12.99, -8.15 	-0.31, 2.96, -6.97 	0.00, -0.00 	13,20,45,479		4.28,8.32	0,0 	0
4686    	29.13, -13.02, -8.14 	-0.27, 2.85, -6.94 	0.00, -0.00 	13,20,45,489		3.73,11.42	0,0 	0
4695    	29.13, -13.02, -8.13 	-0.29, 2.74, -6.93 	0.00, -0.00 	13,20,45,499		0.00,10.83	0,0 	0
4704    	29.12, -13.03, -8.13 	-0.31, 2.63, -6.94 	0.00, -0.00 	13,20,45,509		1.60,12.04	0,0 	0
4712    	29.13, -13.06, -8.13 	-0.30, 2.53, -6.91 	0.00, -0.00 	13,20,45,518		2.60,11.94	0,0 	0
4721    	29.14, -13.07, -8.13 	-0.31, 2.39, -6.90 	0.00, -0.00 	13,20,45,528		1.44,13.92	0,0 	0
4730    	29.17, -13.07, -8.13 	-0.29, 2.27, -6.90 	0.00, -0.00 	13,20,45,538		3.21,13.27	0,0 	0
4738    	29.17, -13.09, -8.11 	-0.22, 2.16, -6.90 	0.00, -0.00 	13,20,45,547		2.37,14.14	0,0 	0
4747    	29.15, -13.12, -8.12 	-0.23, 2.07, -6.90 	0.00, -0.00 	13,20,45,557		3.73,9.66	0,0 	0
4756    	29.17, -13.13, -8.09 	-0.26, 1.99, -6.90 	0.00, -0.00 	13,20,45,567		2.45,9.29	0,0 	0
4764    	29.17, -13.15, -8.09 	-0.28, 1.92, -6.91 	0.00, -0.00 	13,20,45,576		2.37,8.55	0,0 	0
4773    	29.15, -13.18, -8.09 	-0.32, 1.84, -6.93 	0.00, -0.00 	13,20,45,586		3.73,8.36	0,0 	0
4782    	29.17, -13.19, -8.09 	-0.32, 1.79, -6.96 	0.00, -0.00 	13,20,45,596		2.45,5.94	0,0 	0
4790    	29.19, -13.18, -8.09 	-0.32, 1.75, -6.95 	0.00, -0.00 	13,20,45,605		2.45,4.75	0,0 	0
4799    	29.19, -13.19, -8.10 	-0.34, 1.68, -6.97 	0.00, -0.00 	13,20,45,615		1.07,6.67	0,0 	0
4808    	29.20, -13.23, -8.08 	-0.29, 1.64, -6.94 	0.00, -0.00 	13,20,45,625		3.71,7.21	0,0 	0
4816    	29.20, -13.24, -8.08 	-0.29, 1.60, -6.94 	0.00, -0.00 	13,20,45,634		1.18,4.75	0,0 	0
4825    	29.19, -13.26, -8.09 	-0.31, 1.56, -6.92 	0.00, -0.00 	13,20,45,643		2.34,4.66	0,0 	0
4834    	29.19, -13.27, -8.08 	-0.27, 1.53, -6.92 	0.00, -0.00 	13,20,45,653		1.18,4.92	0,0 	0
4842    	29.20, -13.31, -8.08 	-0.28, 1.50, -6.92 	0.00, -0.00 	13,20,45,662		4.85,3.71	0,0 	0
4851    	29.19, -13.30, -8.07 	-0.33, 1.49, -6.92 	0.00, -0.00 	13,20,45,672		1.44,4.91	0,0 	0
4860    	29.20, -13.32, -8.07 	-0.31, 1.49, -6.92 	0.00, -0.00 	13,20,45,682		2.34,1.92	0,0 	0
4869    	29.21, -13.36, -8.06 	-0.35, 1.47, -6.92 	0.00, -0.00 	13,20,45,692		4.85,4.86	0,0 	0
4877    	29.23, -13.36, -8.06 	-0.37, 1.46, -6.92 	0.00, -0.00 	13,20,45,701		2.14,2.43	0,0 	0
4886    	29.23, -13.35, -8.06 	-0.34, 1.43, -6.90 	0.00, -0.00 	13,20,45,711		1.07,4.35	0,0 	0
4895    	29.24, -13.33, -8.07 	-0.35, 1.43, -6.89 	0.00, -0.00 	13,20,45,721		3.19,1.07	0,0 	0
4903    	29.24, -13.35, -8.06 	-0.34, 1.42, -6.88 	0.00, -0.00 	13,20,45,730		2.37,1.61	0,0 	0
4912    	29.25, -13.38, -8.06 	-0.33, 1.42, -6.88 	0.00, -0.00 	13,20,45,740		2.34,0.96	0,0 	0
4921    	29.27, -13.38, -8.05 	-0.33, 1.43, -6.90 	0.00, -0.00 	13,20,45,750		2.14,1.19	0,0 	0
4929    	29.26, -13.41, -8.03 	-0.30, 1.44, -6.88 	0.00, -0.00 	13,20,45,759		3.71,3.40	0,0 	0
4938    	29.26, -13.41, -8.04 	-0.31, 1.44, -6.88 	0.00, -0.00 	13,20,45,769		0.00,0.96	0,0 	0
4947    	29.26, -13.41, -8.04 	-0.34, 1.45, -6.87 	0.00, -0.00 	13,20,45,779		0.00,3.09	0,0 	0
4955    	29.24, -13.44, -8.06 	-0.29, 1.47, -6.87 	0.00, -0.00 	13,20,45,788		4.15,5.82	0,0 	0
4964    	29.26, -13.42, -8.05 	-0.30, 1.47, -6.86 	0.00, -0.00 	13,20,45,798		2.87,0.96	0,0 	0
4973    	29.28, -13.41, -8.05 	-0.29, 1.47, -6.86 	0.00, -0.00 	13,20,45,808		2.20,0.96	0,0 	0
4981    	29.29, -13.41, -8.05 	-0.28, 1.45, -6.85 	0.00, -0.00 	13,20,45,817		1.07,2.62	0,0 	0
4990    	29.32, -13.40, -8.05 	-0.30, 1.46, -6.84 	0.00, -0.00 	13,20,45,827		3.08,2.22	0,0 	0
4999    	29.31, -13.44, -8.03 	-0.26, 1.47, -6.83 	0.00, -0.00 	13,20,45,837		4.37,3.98	0,0 	0
5007    	29.34, -13.44, -8.02 	-0.25, 1.45, -6.83 	0.00, -0.00 	13,20,45,846		3.21,2.62	0,0 	0
5016    	29.33, -13.48, -8.01 	-0.26, 1.45, -6.83 	0.00, -0.00 	13,20,45,856		4.37,0.96	0,0 	0
5025    	29.36, -13.48, -8.01 	-0.30, 1.45, -6.82 	0.00, -0.00 	13,20,45,866		2.89,3.85	0,0 	0
5033    	29.36, -13.49, -8.02 	-0.30, 1.42, -6.81 	0.00, -0.00 	13,20,45,875		1.18,3.56	0,0 	0
5042    	29.34, -13.52, -8.00 	-0.31, 1.43, -6.79 	0.00, -0.00 	13,20,45,885		3.73,1.45	0,0 	0
5051    	29.38, -13.54, -7.99 	-0.30, 1.39, -6.77 	0.00, -0.00 	13,20,45,895		4.00,3.36	0,0 	0
