#Time 	Sensor1         Sensor2         Target          Time            Vel             
#================================================================

9       	30.05, -9.25, -8.90 	-0.42, 0.75, -6.73 	16.07, 19.15 	13,20,7,136		0.00,0.00	0,0 	0
14      	30.04, -9.24, -8.90 	-0.42, 0.78, -6.74 	16.07, 19.15 	13,20,7,146		2.87,4.28	0,0 	0
23      	30.05, -9.23, -8.90 	-0.44, 0.75, -6.72 	16.07, 19.15 	13,20,7,156		1.60,3.17	0,0 	0
32      	30.05, -9.23, -8.90 	-0.42, 0.75, -6.73 	16.07, 19.15 	13,20,7,166		0.00,2.14	0,0 	0
40      	30.05, -9.23, -8.90 	-0.41, 0.75, -6.73 	16.07, 19.15 	13,20,7,175		0.00,1.20	0,0 	0
49      	30.05, -9.26, -8.89 	-0.40, 0.75, -6.72 	16.07, 19.15 	13,20,7,185		3.55,1.07	0,0 	0
58      	30.05, -9.27, -8.89 	-0.40, 0.75, -6.71 	16.07, 19.15 	13,20,7,195		1.18,0.00	0,0 	0
66      	30.06, -9.31, -8.87 	-0.39, 0.74, -6.72 	16.07, 19.15 	13,20,7,204		4.17,1.81	0,0 	0
75      	30.04, -9.32, -8.88 	-0.42, 0.74, -6.71 	16.07, 19.15 	13,20,7,214		2.45,3.21	0,0 	0
84      	30.06, -9.29, -8.87 	-0.42, 0.75, -6.72 	16.07, 19.15 	13,20,7,224		3.19,1.19	0,0 	0
92      	30.06, -9.27, -8.89 	-0.40, 0.73, -6.71 	16.07, 19.15 	13,20,7,233		2.66,3.62	0,0 	0
101     	30.07, -9.26, -8.89 	-0.43, 0.73, -6.71 	16.07, 19.15 	13,20,7,243		1.60,3.21	0,0 	0
110     	30.06, -9.25, -8.89 	-0.46, 0.72, -6.71 	16.07, 19.15 	13,20,7,253		1.60,3.40	0,0 	0
118     	30.07, -9.23, -8.89 	-0.46, 0.72, -6.72 	16.07, 19.15 	13,20,7,262		2.92,0.00	0,0 	0
127     	30.06, -9.25, -8.89 	-0.45, 0.72, -6.71 	16.07, 19.15 	13,20,7,272		2.60,1.07	0,0 	0
136     	30.07, -9.24, -8.88 	-0.49, 0.73, -6.71 	16.07, 19.15 	13,20,7,282		1.60,4.46	0,0 	0
144     	30.07, -9.24, -8.88 	-0.47, 0.72, -6.72 	16.07, 19.15 	13,20,7,291		0.00,2.77	0,0 	0
153     	30.07, -9.23, -8.89 	-0.49, 0.71, -6.72 	16.07, 19.15 	13,20,7,301		1.18,2.43	0,0 	0
162     	30.06, -9.21, -8.89 	-0.49, 0.71, -6.71 	16.07, 19.15 	13,20,7,311		2.60,0.00	0,0 	0
170     	30.07, -9.21, -8.91 	-0.47, 0.71, -6.72 	16.07, 19.15 	13,20,7,320		1.20,2.41	0,0 	0
179     	30.07, -9.20, -8.90 	-0.46, 0.72, -6.73 	16.07, 19.15 	13,20,7,330		1.18,1.59	0,0 	0
188     	30.10, -9.21, -8.91 	-0.45, 0.71, -6.72 	16.07, 19.15 	13,20,7,340		3.42,1.61	0,0 	0
196     	30.10, -9.21, -8.91 	-0.44, 0.71, -6.71 	16.07, 19.15 	13,20,7,349		0.00,1.20	0,0 	0
205     	30.10, -9.21, -8.90 	-0.46, 0.70, -6.71 	16.07, 19.15 	13,20,7,359		0.00,2.43	0,0 	0
214     	30.11, -9.21, -8.90 	-0.46, 0.73, -6.71 	16.07, 19.15 	13,20,7,369		1.07,3.56	0,0 	0
223     	30.11, -9.21, -8.89 	-0.44, 0.70, -6.71 	16.07, 19.15 	13,20,7,379		0.00,4.18	0,0 	0
231     	30.12, -9.23, -8.89 	-0.48, 0.71, -6.70 	16.07, 19.15 	13,20,7,388		2.92,5.01	0,0 	0
240     	30.12, -9.22, -8.89 	-0.47, 0.72, -6.71 	16.07, 19.15 	13,20,7,398		1.18,1.59	0,0 	0
249     	30.12, -9.22, -8.89 	-0.49, 0.70, -6.69 	16.07, 19.15 	13,20,7,408		0.00,3.17	0,0 	0
257     	30.12, -9.22, -8.90 	-0.48, 0.71, -6.69 	16.07, 19.15 	13,20,7,417		0.00,1.78	0,0 	0
266     	30.10, -9.22, -8.91 	-0.47, 0.72, -6.68 	16.07, 19.15 	13,20,7,427		2.14,1.59	0,0 	0
275     	30.12, -9.21, -8.91 	-0.46, 0.71, -6.68 	16.07, 19.15 	13,20,7,437		2.45,1.61	0,0 	0
283     	30.12, -9.19, -8.92 	-0.47, 0.70, -6.69 	16.07, 19.15 	13,20,7,446		2.66,1.78	0,0 	0
292     	30.14, -9.17, -8.92 	-0.46, 0.71, -6.69 	16.07, 19.15 	13,20,7,456		3.19,1.59	0,0 	0
301     	30.13, -9.17, -8.91 	-0.49, 0.70, -6.69 	16.07, 19.15 	13,20,7,466		1.07,3.40	0,0 	0
309     	30.14, -9.17, -8.91 	-0.47, 0.69, -6.69 	16.07, 19.15 	13,20,7,475		1.20,2.77	0,0 	0
318     	30.13, -9.18, -8.92 	-0.48, 0.70, -6.69 	16.07, 19.15 	13,20,7,485		1.60,1.61	0,0 	0
327     	30.12, -9.18, -8.91 	-0.52, 0.69, -6.69 	16.07, 19.15 	13,20,7,495		1.07,4.42	0,0 	0
335     	30.12, -9.18, -8.91 	-0.51, 0.70, -6.70 	16.07, 19.15 	13,20,7,504		0.00,1.78	0,0 	0
344     	30.11, -9.19, -8.91 	-0.52, 0.69, -6.70 	16.07, 19.15 	13,20,7,514		1.60,2.43	0,0 	0
353     	30.13, -9.18, -8.91 	-0.52, 0.69, -6.70 	16.07, 19.15 	13,20,7,524		2.45,0.00	0,0 	0
361     	30.12, -9.17, -8.91 	-0.53, 0.69, -6.68 	16.07, 19.15 	13,20,7,533		1.80,1.20	0,0 	0
370     	30.12, -9.17, -8.91 	-0.52, 0.69, -6.68 	16.07, 19.15 	13,20,7,543		0.00,1.07	0,0 	0
379     	30.11, -9.16, -8.92 	-0.52, 0.70, -6.68 	16.07, 19.15 	13,20,7,553		1.60,1.19	0,0 	0
387     	30.11, -9.14, -8.92 	-0.52, 0.69, -6.67 	16.07, 19.15 	13,20,7,562		2.66,1.81	0,0 	0
396     	30.11, -9.15, -8.92 	-0.51, 0.68, -6.68 	16.07, 19.15 	13,20,7,572		1.18,1.61	0,0 	0
405     	30.12, -9.16, -8.90 	-0.53, 0.68, -6.69 	16.07, 19.15 	13,20,7,582		1.60,3.21	0,0 	0
414     	30.10, -9.18, -8.90 	-0.54, 0.67, -6.69 	16.07, 19.15 	13,20,7,592		3.19,1.59	0,0 	0
422     	30.10, -9.19, -8.89 	-0.53, 0.70, -6.69 	16.07, 19.15 	13,20,7,601		1.33,4.17	0,0 	0
431     	30.10, -9.20, -8.89 	-0.53, 0.69, -6.68 	16.07, 19.15 	13,20,7,611		1.18,1.19	0,0 	0
440     	30.10, -9.20, -8.89 	-0.53, 0.69, -6.69 	16.07, 19.15 	13,20,7,621		0.00,0.00	0,0 	0
448     	30.10, -9.20, -8.89 	-0.53, 0.69, -6.69 	16.07, 19.15 	13,20,7,630		0.00,0.00	0,0 	0
457     	30.10, -9.21, -8.90 	-0.53, 0.69, -6.69 	16.07, 19.15 	13,20,7,640		1.18,0.00	0,0 	0
466     	30.10, -9.23, -8.89 	-0.53, 0.69, -6.69 	16.07, 19.15 	13,20,7,650		2.37,0.00	0,0 	0
474     	30.10, -9.22, -8.89 	-0.51, 0.70, -6.70 	16.07, 19.15 	13,20,7,659		1.33,3.83	0,0 	0
483     	30.11, -9.23, -8.89 	-0.51, 0.70, -6.70 	16.07, 19.15 	13,20,7,669		1.60,0.00	0,0 	0
492     	30.10, -9.23, -8.88 	-0.51, 0.70, -6.70 	16.07, 19.15 	13,20,7,679		1.07,0.00	0,0 	0
500     	30.09, -9.23, -8.87 	-0.54, 0.70, -6.70 	16.07, 19.15 	13,20,7,688		1.20,4.81	0,0 	0
509     	30.09, -9.25, -8.88 	-0.52, 0.69, -6.69 	16.07, 19.15 	13,20,7,698		2.37,2.46	0,0 	0
518     	30.07, -9.26, -8.87 	-0.52, 0.70, -6.70 	16.07, 19.15 	13,20,7,708		2.45,1.19	0,0 	0
526     	30.07, -9.27, -8.87 	-0.52, 0.69, -6.70 	16.07, 19.15 	13,20,7,717		1.33,1.34	0,0 	0
535     	30.07, -9.26, -8.87 	-0.52, 0.68, -6.69 	16.07, 19.15 	13,20,7,727		1.18,1.61	0,0 	0
544     	30.06, -9.28, -8.87 	-0.52, 0.68, -6.68 	16.07, 19.15 	13,20,7,737		2.60,0.00	0,0 	0
552     	30.07, -9.29, -8.87 	-0.52, 0.69, -6.69 	16.07, 19.15 	13,20,7,746		1.80,1.34	0,0 	0
561     	30.10, -9.28, -8.86 	-0.51, 0.69, -6.70 	16.07, 19.15 	13,20,7,756		3.42,1.07	0,0 	0
570     	30.11, -9.31, -8.86 	-0.52, 0.69, -6.69 	16.07, 19.15 	13,20,7,766		2.60,1.07	0,0 	0
578     	30.11, -9.30, -8.85 	-0.49, 0.69, -6.70 	16.07, 19.15 	13,20,7,775		1.33,3.61	0,0 	0
587     	30.08, -9.31, -8.85 	-0.48, 0.71, -6.70 	16.07, 19.15 	13,20,7,785		3.42,2.59	0,0 	0
596     	30.08, -9.31, -8.86 	-0.47, 0.70, -6.70 	16.07, 19.15 	13,20,7,795		0.00,1.61	0,0 	0
605     	30.08, -9.31, -8.85 	-0.47, 0.71, -6.72 	16.07, 19.15 	13,20,7,805		0.00,1.19	0,0 	0
613     	30.09, -9.33, -8.85 	-0.45, 0.71, -6.72 	16.07, 19.15 	13,20,7,814		2.92,2.41	0,0 	0
622     	30.09, -9.33, -8.85 	-0.46, 0.72, -6.74 	16.07, 19.15 	13,20,7,824		0.00,1.61	0,0 	0
631     	30.07, -9.33, -8.86 	-0.47, 0.72, -6.73 	16.07, 19.15 	13,20,7,834		2.14,1.07	0,0 	0
639     	30.07, -9.33, -8.86 	-0.49, 0.70, -6.73 	16.07, 19.15 	13,20,7,843		0.00,3.57	0,0 	0
648     	30.09, -9.29, -8.86 	-0.49, 0.70, -6.73 	16.07, 19.15 	13,20,7,853		4.15,0.00	0,0 	0
657     	30.13, -9.28, -8.86 	-0.48, 0.72, -6.72 	16.07, 19.15 	13,20,7,863		4.44,2.59	0,0 	0
665     	30.13, -9.27, -8.86 	-0.48, 0.72, -6.73 	16.07, 19.15 	13,20,7,872		1.33,0.00	0,0 	0
674     	30.12, -9.31, -8.85 	-0.46, 0.71, -6.73 	16.07, 19.15 	13,20,7,882		3.71,2.46	0,0 	0
683     	30.12, -9.31, -8.86 	-0.46, 0.71, -6.73 	16.07, 19.15 	13,20,7,892		0.00,0.00	0,0 	0
691     	30.12, -9.31, -8.86 	-0.46, 0.72, -6.73 	16.07, 19.15 	13,20,7,901		0.00,1.34	0,0 	0
700     	30.10, -9.31, -8.85 	-0.45, 0.72, -6.72 	16.07, 19.15 	13,20,7,911		2.14,1.07	0,0 	0
709     	30.10, -9.30, -8.85 	-0.45, 0.71, -6.72 	16.07, 19.15 	13,20,7,921		1.18,1.19	0,0 	0
717     	30.08, -9.31, -8.86 	-0.45, 0.72, -6.73 	16.07, 19.15 	13,20,7,930		2.75,1.34	0,0 	0
726     	30.10, -9.30, -8.85 	-0.46, 0.72, -6.74 	16.07, 19.15 	13,20,7,940		2.45,1.07	0,0 	0
735     	30.10, -9.31, -8.85 	-0.44, 0.73, -6.72 	16.07, 19.15 	13,20,7,950		1.18,2.43	0,0 	0
743     	30.12, -9.28, -8.85 	-0.44, 0.73, -6.73 	16.07, 19.15 	13,20,7,959		3.59,0.00	0,0 	0
752     	30.12, -9.27, -8.85 	-0.44, 0.73, -6.73 	16.07, 19.15 	13,20,7,969		1.18,0.00	0,0 	0
761     	30.12, -9.28, -8.85 	-0.44, 0.73, -6.73 	16.07, 19.15 	13,20,7,979		1.18,0.00	0,0 	0
769     	30.12, -9.28, -8.85 	-0.44, 0.73, -6.73 	16.07, 19.15 	13,20,7,988		0.00,0.00	0,0 	0
778     	30.12, -9.28, -8.85 	-0.44, 0.73, -6.73 	16.07, 19.15 	13,20,7,998		0.00,0.00	0,0 	0
787     	30.12, -9.28, -8.85 	-0.44, 0.73, -6.73 	16.07, 19.15 	13,20,8,8		0.00,0.00	0,0 	0
796     	30.10, -9.28, -8.85 	-0.44, 0.71, -6.72 	16.07, 19.15 	13,20,8,18		2.14,2.38	0,0 	0
804     	30.09, -9.27, -8.86 	-0.47, 0.72, -6.72 	16.07, 19.15 	13,20,8,27		1.79,3.87	0,0 	0
813     	30.11, -9.27, -8.86 	-0.46, 0.72, -6.73 	16.07, 19.15 	13,20,8,37		2.14,1.07	0,0 	0
822     	30.10, -9.27, -8.85 	-0.46, 0.73, -6.73 	16.07, 19.15 	13,20,8,47		1.07,1.19	0,0 	0
830     	30.12, -9.27, -8.85 	-0.46, 0.71, -6.72 	16.07, 19.15 	13,20,8,56		2.41,2.67	0,0 	0
839     	30.11, -9.26, -8.85 	-0.46, 0.71, -6.73 	16.07, 19.15 	13,20,8,66		1.60,0.00	0,0 	0
848     	30.12, -9.26, -8.85 	-0.45, 0.71, -6.72 	16.07, 19.15 	13,20,8,76		1.07,1.07	0,0 	0
856     	30.16, -9.24, -8.85 	-0.45, 0.72, -6.72 	16.07, 19.15 	13,20,8,85		5.51,1.34	0,0 	0
865     	30.13, -9.25, -8.85 	-0.45, 0.72, -6.72 	16.07, 19.15 	13,20,8,95		3.42,0.00	0,0 	0
874     	30.13, -9.26, -8.85 	-0.45, 0.72, -6.72 	16.07, 19.15 	13,20,8,105		1.18,0.00	0,0 	0
882     	30.13, -9.25, -8.85 	-0.49, 0.72, -6.72 	16.07, 19.15 	13,20,8,114		1.33,4.81	0,0 	0
891     	30.13, -9.25, -8.85 	-0.49, 0.72, -6.73 	16.07, 19.15 	13,20,8,124		0.00,0.00	0,0 	0
900     	30.11, -9.26, -8.85 	-0.48, 0.72, -6.73 	16.07, 19.15 	13,20,8,134		2.45,1.07	0,0 	0
908     	30.11, -9.26, -8.85 	-0.48, 0.73, -6.73 	16.07, 19.15 	13,20,8,143		0.00,1.34	0,0 	0
917     	30.11, -9.26, -8.85 	-0.48, 0.73, -6.73 	16.07, 19.15 	13,20,8,153		0.00,0.00	0,0 	0
926     	30.11, -9.26, -8.85 	-0.46, 0.71, -6.73 	16.07, 19.15 	13,20,8,163		0.00,3.22	0,0 	0
935     	30.11, -9.26, -8.85 	-0.46, 0.71, -6.73 	16.07, 19.15 	13,20,8,172		0.00,0.00	0,0 	0
944     	30.13, -9.25, -8.85 	-0.46, 0.69, -6.73 	16.07, 19.15 	13,20,8,182		2.45,2.38	0,0 	0
953     	30.14, -9.24, -8.85 	-0.46, 0.69, -6.73 	16.07, 19.15 	13,20,8,192		1.60,0.00	0,0 	0
961     	30.13, -9.24, -8.85 	-0.46, 0.70, -6.74 	16.07, 19.15 	13,20,8,201		1.20,1.34	0,0 	0
970     	30.14, -9.23, -8.84 	-0.50, 0.70, -6.74 	16.07, 19.15 	13,20,8,211		1.60,4.28	0,0 	0
979     	30.12, -9.24, -8.85 	-0.50, 0.70, -6.74 	16.07, 19.15 	13,20,8,221		2.45,0.00	0,0 	0
988     	30.10, -9.26, -8.85 	-0.50, 0.71, -6.74 	16.07, 19.15 	13,20,8,231		3.19,1.19	0,0 	0
997     	30.12, -9.25, -8.85 	-0.50, 0.70, -6.74 	16.07, 19.15 	13,20,8,240		2.45,1.19	0,0 	0
1006    	30.12, -9.25, -8.85 	-0.50, 0.71, -6.74 	16.07, 19.15 	13,20,8,250		0.00,1.19	1000,1 	0
1015    	30.11, -9.24, -8.85 	-0.48, 0.71, -6.73 	16.07, 19.15 	13,20,8,260		1.60,2.14	1000,1 	0
1023    	30.16, -9.24, -8.85 	-0.48, 0.71, -6.73 	16.07, 19.15 	13,20,8,269		6.02,0.00	1000,1 	0
1032    	30.15, -9.24, -8.86 	-0.48, 0.71, -6.73 	16.07, 19.15 	13,20,8,279		1.07,0.00	1000,1 	0
1041    	30.14, -9.24, -8.86 	-0.48, 0.71, -6.73 	16.07, 19.15 	13,20,8,289		1.07,0.00	1000,1 	0
1049    	30.14, -9.25, -8.86 	-0.48, 0.71, -6.73 	16.07, 19.15 	13,20,8,298		1.33,0.00	1000,1 	0
1058    	30.12, -9.26, -8.85 	-0.48, 0.71, -6.73 	16.07, 19.15 	13,20,8,308		2.45,0.00	1000,1 	0
1067    	30.12, -9.26, -8.85 	-0.48, 0.71, -6.73 	16.07, 19.15 	13,20,8,318		0.00,0.00	1000,1 	0
1075    	30.12, -9.30, -8.85 	-0.46, 0.72, -6.73 	16.07, 19.15 	13,20,8,327		4.00,2.73	1000,1 	0
1084    	30.12, -9.30, -8.85 	-0.46, 0.73, -6.73 	16.07, 19.15 	13,20,8,337		0.00,1.19	1000,1 	0
1093    	30.12, -9.30, -8.85 	-0.46, 0.73, -6.73 	16.07, 19.15 	13,20,8,347		0.00,0.00	1000,1 	0
1101    	30.14, -9.28, -8.86 	-0.46, 0.72, -6.73 	16.07, 19.15 	13,20,8,356		2.75,1.34	1000,1 	0
1110    	30.13, -9.27, -8.86 	-0.46, 0.73, -6.75 	16.07, 19.15 	13,20,8,366		1.60,1.19	1000,1 	0
1119    	30.13, -9.27, -8.85 	-0.46, 0.73, -6.75 	16.07, 19.15 	13,20,8,376		0.00,0.00	1000,1 	0
1127    	30.15, -9.27, -8.86 	-0.47, 0.73, -6.75 	16.07, 19.15 	13,20,8,385		2.41,1.20	1000,1 	0
1136    	30.13, -9.31, -8.85 	-0.47, 0.72, -6.74 	16.07, 19.15 	13,20,8,395		4.15,1.19	1000,1 	0
1145    	30.13, -9.31, -8.85 	-0.48, 0.74, -6.73 	16.07, 19.15 	13,20,8,405		0.00,2.62	1000,1 	0
1153    	30.13, -9.32, -8.85 	-0.48, 0.74, -6.75 	16.07, 19.15 	13,20,8,414		1.33,0.00	1000,1 	0
1162    	30.13, -9.33, -8.85 	-0.48, 0.74, -6.75 	16.07, 19.15 	13,20,8,424		1.18,0.00	1000,1 	0
1171    	30.13, -9.33, -8.85 	-0.48, 0.74, -6.75 	16.07, 19.15 	13,20,8,434		0.00,0.00	1000,1 	0
1180    	30.12, -9.33, -8.85 	-0.44, 0.76, -6.74 	16.07, 19.15 	13,20,8,444		1.07,4.86	1000,1 	0
1188    	30.13, -9.32, -8.85 	-0.45, 0.78, -6.75 	16.07, 19.15 	13,20,8,453		1.80,1.81	1000,1 	0
1197    	30.11, -9.28, -8.85 	-0.43, 0.78, -6.76 	16.07, 19.15 	13,20,8,463		4.15,2.14	1000,1 	0
1206    	30.14, -9.28, -8.85 	-0.39, 0.79, -6.75 	16.07, 19.15 	13,20,8,473		3.21,4.42	1000,1 	0
1214    	30.14, -9.28, -8.85 	-0.37, 0.79, -6.76 	16.07, 19.15 	13,20,8,482		0.00,2.41	1000,1 	0
1223    	30.14, -9.31, -8.85 	-0.36, 0.81, -6.76 	16.07, 19.15 	13,20,8,492		2.37,2.59	1000,1 	0
1232    	30.14, -9.33, -8.85 	-0.32, 0.84, -6.78 	16.07, 19.15 	13,20,8,502		2.37,5.53	1000,1 	0
1240    	30.15, -9.32, -8.85 	-0.32, 0.88, -6.79 	16.07, 19.15 	13,20,8,511		1.80,5.35	1000,1 	0
1249    	30.13, -9.33, -8.85 	-0.30, 0.93, -6.79 	16.07, 19.15 	13,20,8,521		2.45,6.71	1000,1 	0
1258    	30.11, -9.32, -8.86 	-0.29, 0.98, -6.79 	16.07, 19.15 	13,20,8,531		2.45,4.85	1000,1 	0
1266    	30.11, -9.32, -8.86 	-0.25, 1.00, -6.82 	16.07, 19.15 	13,20,8,540		0.00,5.47	1000,1 	0
1275    	30.10, -9.30, -8.86 	-0.23, 1.13, -6.83 	16.07, 19.15 	13,20,8,550		2.60,14.38	1000,1 	0
1284    	30.10, -9.30, -8.86 	-0.17, 1.17, -6.82 	16.07, 19.15 	13,20,8,560		0.00,7.93	1000,1 	0
1292    	30.11, -9.30, -8.86 	-0.16, 1.25, -6.81 	16.07, 19.15 	13,20,8,569		1.20,10.74	1000,1 	0
1301    	30.11, -9.30, -8.86 	-0.11, 1.30, -6.79 	16.07, 19.15 	13,20,8,579		0.00,7.93	1000,1 	0
1310    	30.15, -9.31, -8.85 	-0.03, 1.39, -6.80 	16.07, 19.15 	13,20,8,589		4.44,13.59	1000,1 	0
1318    	30.13, -9.31, -8.86 	0.01, 1.49, -6.82 	16.07, 19.15 	13,20,8,598		2.41,12.89	1000,1 	0
1327    	30.16, -9.31, -8.86 	0.08, 1.53, -6.80 	16.07, 19.15 	13,20,8,608		3.21,8.81	1000,1 	0
1336    	30.14, -9.32, -8.87 	0.11, 1.60, -6.82 	16.07, 19.15 	13,20,8,618		2.45,9.29	1000,1 	0
1345    	30.14, -9.32, -8.88 	0.21, 1.66, -6.82 	16.07, 19.15 	13,20,8,628		0.00,12.15	1000,1 	0
1353    	30.15, -9.32, -8.87 	0.29, 1.72, -6.83 	16.07, 19.15 	13,20,8,637		1.20,12.43	1000,1 	0
1362    	30.15, -9.33, -8.86 	0.35, 1.81, -6.84 	16.07, 19.15 	13,20,8,647		1.18,12.01	1000,1 	0
1371    	30.15, -9.33, -8.87 	0.42, 1.93, -6.86 	16.07, 19.15 	13,20,8,657		0.00,16.00	1000,1 	0
1379    	30.17, -9.32, -8.87 	0.52, 1.98, -6.84 	16.07, 19.15 	13,20,8,666		3.85,13.09	1000,1 	0
1388    	30.18, -9.32, -8.87 	0.65, 2.06, -6.83 	16.07, 19.15 	13,20,8,676		1.07,17.61	1000,1 	0
1397    	30.17, -9.35, -8.87 	0.81, 2.12, -6.82 	16.07, 19.15 	13,20,8,686		3.71,19.43	1000,1 	0
1405    	30.18, -9.33, -8.87 	0.88, 2.21, -6.81 	16.07, 19.15 	13,20,8,695		2.92,13.51	1000,1 	0
1414    	30.18, -9.38, -8.87 	1.00, 2.28, -6.83 	16.07, 19.15 	13,20,8,705		5.92,16.09	1000,1 	0
1423    	30.18, -9.40, -8.86 	1.18, 2.43, -6.88 	16.07, 19.15 	13,20,8,715		2.37,25.25	1000,1 	0
1431    	30.17, -9.43, -8.85 	1.31, 2.54, -6.92 	16.07, 19.15 	13,20,8,724		4.17,21.34	1000,1 	0
1440    	30.17, -9.43, -8.87 	1.48, 2.63, -6.96 	16.07, 19.15 	13,20,8,734		1.07,21.88	1000,1 	0
1449    	30.17, -9.45, -8.87 	1.62, 2.77, -7.01 	16.07, 19.15 	13,20,8,744		2.37,21.35	1000,1 	0
1457    	30.17, -9.45, -8.87 	1.81, 2.90, -7.04 	16.07, 19.15 	13,20,8,753		1.20,28.71	1000,1 	0
1466    	30.25, -9.43, -8.89 	1.90, 2.99, -7.05 	16.07, 19.15 	13,20,8,763		8.89,15.01	1000,1 	0
1475    	30.26, -9.48, -8.88 	1.98, 3.05, -7.05 	16.07, 19.15 	13,20,8,773		4.85,11.05	1000,1 	0
1483    	30.29, -9.48, -8.88 	2.07, 3.10, -7.04 	16.07, 19.15 	13,20,8,782		3.61,12.00	1000,1 	0
1492    	30.36, -9.51, -8.88 	2.18, 3.22, -7.08 	16.07, 19.15 	13,20,8,792		8.29,19.04	1000,1 	0
1501    	30.38, -9.56, -8.86 	2.32, 3.35, -7.11 	16.07, 19.15 	13,20,8,802		6.29,21.30	1000,1 	0
1509    	30.42, -9.64, -8.88 	2.44, 3.50, -7.18 	16.07, 19.15 	13,20,8,811		10.49,23.46	1000,1 	0
1518    	30.44, -9.70, -8.90 	2.59, 3.69, -7.22 	16.07, 19.15 	13,20,8,821		7.79,27.18	1000,1 	0
1527    	30.43, -9.74, -8.91 	2.77, 3.92, -7.32 	16.07, 19.15 	13,20,8,831		4.86,32.86	1000,1 	0
1535    	30.48, -9.77, -8.92 	3.00, 4.18, -7.43 	16.07, 19.15 	13,20,8,840		7.22,42.83	1000,1 	0
1544    	30.57, -9.82, -8.91 	3.21, 4.39, -7.49 	16.07, 19.15 	13,20,8,850		10.73,33.18	1000,1 	0
1553    	30.63, -9.82, -8.94 	3.38, 4.61, -7.54 	16.07, 19.15 	13,20,8,860		6.42,31.28	1000,1 	0
1562    	30.68, -9.80, -8.96 	3.57, 4.89, -7.65 	16.07, 19.15 	13,20,8,870		6.85,37.30	1000,1 	0
1570    	30.75, -9.85, -8.96 	3.86, 5.28, -7.80 	16.07, 19.15 	13,20,8,879		10.74,60.77	1000,1 	0
1579    	30.85, -9.95, -8.94 	4.04, 5.67, -7.93 	16.07, 19.15 	13,20,8,889		15.10,47.07	1000,1 	0
1588    	30.93, -10.11, -8.89 	4.23, 5.98, -7.99 	16.07, 19.15 	13,20,8,899		19.71,40.27	1000,1 	0
1596    	30.94, -10.21, -8.90 	4.27, 6.26, -8.07 	16.07, 19.15 	13,20,8,908		13.53,36.33	1000,1 	0
1605    	30.92, -10.31, -8.89 	4.43, 6.56, -8.15 	16.07, 19.15 	13,20,8,918		11.13,37.66	1000,1 	0
1614    	30.95, -10.33, -8.89 	4.77, 6.93, -8.24 	16.07, 19.15 	13,20,8,928		4.89,56.23	1000,1 	0
1622    	30.99, -10.34, -8.88 	5.00, 7.25, -8.29 	16.07, 19.15 	13,20,8,937		5.00,49.05	1000,1 	0
1631    	31.06, -10.36, -8.86 	5.19, 7.58, -8.38 	16.07, 19.15 	13,20,8,947		7.86,42.31	1000,1 	0
1640    	31.09, -10.39, -8.89 	5.36, 7.91, -8.44 	16.07, 19.15 	13,20,8,957		4.79,41.29	1000,1 	0
1648    	31.23, -10.41, -8.90 	5.61, 8.29, -8.51 	16.07, 19.15 	13,20,8,966		18.26,56.99	1000,1 	0
1657    	31.33, -10.41, -8.93 	5.85, 8.66, -8.60 	16.07, 19.15 	13,20,8,976		10.70,48.10	1000,1 	0
1666    	31.44, -10.38, -8.93 	6.10, 8.98, -8.67 	16.07, 19.15 	13,20,8,986		12.30,44.87	1000,1 	0
1674    	31.46, -10.47, -8.91 	6.31, 9.25, -8.72 	16.07, 19.15 	13,20,8,995		11.25,43.36	1000,1 	0
1683    	31.45, -10.61, -8.88 	6.59, 9.58, -8.78 	16.07, 19.15 	13,20,9,5		15.43,48.47	1000,1 	0
1692    	31.49, -10.73, -8.88 	6.89, 9.93, -8.86 	16.07, 19.15 	13,20,9,15		14.83,50.95	1000,1 	0
1700    	31.50, -10.80, -8.88 	7.15, 10.28, -8.91 	16.07, 19.15 	13,20,9,24		8.08,54.38	1000,1 	0
1709    	31.53, -10.79, -8.92 	7.36, 10.61, -8.95 	16.07, 19.15 	13,20,9,34		3.42,43.97	1000,1 	0
1718    	31.53, -10.79, -8.94 	7.66, 10.97, -9.00 	16.07, 19.15 	13,20,9,44		0.00,51.86	1000,1 	0
1727    	31.59, -10.76, -8.98 	8.00, 11.43, -9.09 	16.07, 19.15 	13,20,9,54		7.34,63.50	1000,1 	0
1735    	31.69, -10.69, -8.99 	8.37, 11.86, -9.17 	16.07, 19.15 	13,20,9,63		14.46,70.83	1000,1 	0
1744    	31.78, -10.69, -9.00 	8.68, 12.24, -9.22 	16.07, 19.15 	13,20,9,73		10.70,54.13	1000,1 	0
1753    	31.87, -10.72, -8.99 	8.96, 12.61, -9.25 	16.07, 19.15 	13,20,9,83		10.27,51.49	1000,1 	0
1761    	31.88, -10.80, -9.00 	9.29, 12.97, -9.28 	16.07, 19.15 	13,20,9,92		9.40,61.48	1000,1 	0
1770    	31.93, -10.83, -8.95 	9.67, 13.37, -9.30 	16.07, 19.15 	13,20,9,102		6.42,61.72	1000,1 	0
1779    	31.94, -10.89, -8.95 	10.02, 13.71, -9.28 	16.07, 19.15 	13,20,9,112		7.18,53.69	1000,1 	0
1787    	31.92, -10.95, -8.93 	10.30, 14.02, -9.26 	16.07, 19.15 	13,20,9,121		7.08,52.56	1000,1 	0
1796    	31.92, -11.05, -8.92 	10.67, 14.37, -9.26 	16.07, 19.15 	13,20,9,131		11.84,56.03	1000,1 	0
1805    	31.91, -11.10, -8.93 	11.01, 14.74, -9.26 	16.07, 19.15 	13,20,9,141		4.86,56.23	1000,1 	0
1813    	31.93, -11.12, -8.95 	11.38, 15.10, -9.26 	16.07, 19.15 	13,20,9,150		3.59,63.96	1000,1 	0
1822    	31.98, -11.03, -8.95 	11.70, 15.41, -9.24 	16.07, 19.15 	13,20,9,160		11.45,49.71	1000,1 	0
1831    	32.01, -10.99, -8.94 	12.04, 15.69, -9.22 	16.07, 19.15 	13,20,9,170		5.72,48.92	1000,1 	0
1839    	32.09, -10.98, -8.92 	12.34, 15.95, -9.19 	16.07, 19.15 	13,20,9,179		9.73,49.73	1000,1 	0
1848    	32.19, -10.94, -8.92 	12.63, 16.20, -9.15 	16.07, 19.15 	13,20,9,189		11.71,42.59	1000,1 	0
1857    	32.23, -10.92, -8.89 	12.90, 16.42, -9.11 	16.07, 19.15 	13,20,9,199		5.85,38.68	1000,1 	0
1865    	32.25, -10.97, -8.89 	13.12, 16.64, -9.09 	16.07, 19.15 	13,20,9,208		7.08,38.18	1000,1 	0
1874    	32.27, -11.01, -8.88 	13.36, 16.88, -9.06 	16.07, 19.15 	13,20,9,218		5.20,38.68	1000,1 	0
1883    	32.29, -10.98, -8.88 	13.58, 17.09, -9.04 	16.07, 19.15 	13,20,9,228		4.15,33.94	1000,1 	0
1891    	32.33, -10.91, -8.92 	13.80, 17.27, -9.00 	16.07, 19.15 	13,20,9,237		10.50,35.53	1000,1 	0
1900    	32.33, -10.85, -8.93 	13.98, 17.42, -8.96 	16.07, 19.15 	13,20,9,247		5.92,25.25	1000,1 	0
1909    	32.38, -10.85, -8.93 	14.14, 17.56, -8.93 	16.07, 19.15 	13,20,9,257		5.35,23.67	1000,1 	0
1918    	32.41, -10.81, -8.95 	14.29, 17.70, -8.89 	16.07, 19.15 	13,20,9,267		5.72,22.87	1000,1 	0
1926    	32.47, -10.82, -8.96 	14.47, 17.79, -8.85 	16.07, 19.15 	13,20,9,275		7.35,25.67	1000,1 	0
1935    	32.54, -10.81, -8.94 	14.59, 17.83, -8.81 	16.07, 19.15 	13,20,9,286		8.65,13.62	1000,1 	0
1944    	32.54, -10.86, -8.95 	14.66, 17.82, -8.77 	16.07, 19.15 	13,20,9,295		5.92,7.60	1000,1 	0
1952    	32.55, -10.86, -8.96 	14.72, 17.86, -8.74 	16.07, 19.15 	13,20,9,304		1.20,9.91	1000,1 	0
1961    	32.53, -10.86, -8.96 	14.83, 17.88, -8.71 	16.07, 19.15 	13,20,9,314		2.14,11.96	1000,1 	0
1970    	32.54, -10.88, -8.93 	14.90, 17.93, -8.68 	16.07, 19.15 	13,20,9,324		2.60,8.81	1000,1 	0
1978    	32.55, -10.87, -8.94 	14.98, 17.97, -8.66 	16.07, 19.15 	13,20,9,333		1.80,12.00	1000,1 	0
1987    	32.47, -10.92, -8.94 	15.03, 18.03, -8.64 	16.07, 19.15 	13,20,9,343		10.74,8.85	1000,1 	0
1996    	32.49, -10.88, -8.95 	15.10, 18.07, -8.60 	16.07, 19.15 	13,20,9,353		4.79,8.81	1000,1 	0
2004    	32.48, -10.87, -8.96 	15.17, 18.13, -8.56 	16.07, 19.15 	13,20,9,362		1.79,10.67	1000,1 	0
2013    	32.52, -10.84, -8.94 	15.25, 18.20, -8.51 	16.07, 19.15 	13,20,9,372		5.57,12.62	1000,1 	0
2022    	32.53, -10.85, -8.94 	15.30, 18.23, -8.47 	16.07, 19.15 	13,20,9,382		1.60,6.38	1000,1 	0
2030    	32.53, -10.86, -8.93 	15.35, 18.25, -8.44 	16.07, 19.15 	13,20,9,391		1.33,6.55	1000,1 	0
2039    	32.54, -10.91, -8.93 	15.40, 18.27, -8.42 	16.07, 19.15 	13,20,9,401		4.85,6.81	1000,1 	0
2048    	32.51, -10.94, -8.91 	15.43, 18.27, -8.39 	16.07, 19.15 	13,20,9,411		4.79,3.21	1000,1 	0
2056    	32.51, -10.89, -8.90 	15.45, 18.31, -8.37 	16.07, 19.15 	13,20,9,420		5.33,4.64	1000,1 	0
2065    	32.55, -10.91, -8.92 	15.45, 18.32, -8.33 	16.07, 19.15 	13,20,9,430		4.44,1.19	1000,1 	0
2074    	32.51, -10.89, -8.92 	15.51, 18.37, -8.29 	16.07, 19.15 	13,20,9,440		4.44,8.68	1000,1 	0
2082    	32.49, -10.93, -8.92 	15.55, 18.41, -8.24 	16.07, 19.15 	13,20,9,449		4.67,7.14	1000,1 	0
2091    	32.46, -10.88, -8.93 	15.61, 18.47, -8.18 	16.07, 19.15 	13,20,9,459		6.38,9.48	1000,1 	0
2100    	32.49, -10.86, -8.95 	15.64, 18.48, -8.12 	16.07, 19.15 	13,20,9,469		3.99,3.40	1000,1 	0
2109    	32.51, -10.86, -8.93 	15.71, 18.49, -8.05 	16.07, 19.15 	13,20,9,479		3.21,7.56	1000,1 	0
2117    	32.54, -10.87, -8.93 	15.81, 18.52, -7.97 	16.07, 19.15 	13,20,9,488		3.85,12.62	1000,1 	0
2126    	32.54, -10.92, -8.92 	15.89, 18.55, -7.88 	16.07, 19.15 	13,20,9,498		4.74,10.21	1000,1 	0
2135    	32.54, -10.93, -8.92 	15.97, 18.59, -7.80 	16.07, 19.15 	13,20,9,508		1.18,9.72	1000,1 	0
2143    	32.52, -10.92, -8.92 	16.05, 18.64, -7.72 	16.07, 19.15 	13,20,9,517		2.75,11.63	1000,1 	0
2152    	32.51, -10.96, -8.92 	16.17, 18.70, -7.66 	16.07, 19.15 	13,20,9,527		4.86,15.03	1000,1 	0
2161    	32.51, -10.94, -8.91 	16.33, 18.76, -7.57 	16.07, 19.15 	13,20,9,537		2.37,19.43	1000,1 	0
2169    	32.50, -10.95, -8.92 	16.47, 18.80, -7.49 	16.07, 19.15 	13,20,9,546		1.80,17.59	1000,1 	0
2178    	32.49, -10.96, -8.92 	16.62, 18.86, -7.41 	16.07, 19.15 	13,20,9,556		1.60,18.43	1000,1 	0
2187    	32.50, -10.98, -8.92 	16.78, 18.89, -7.34 	16.07, 19.15 	13,20,9,566		2.60,17.42	1000,1 	0
2195    	32.55, -10.99, -8.93 	16.91, 18.97, -7.26 	16.07, 19.15 	13,20,9,575		6.17,19.14	1000,1 	0
2204    	32.56, -11.02, -8.91 	17.01, 18.99, -7.20 	16.07, 19.15 	13,20,9,585		3.71,10.92	1000,1 	0
2213    	32.54, -11.03, -8.92 	17.07, 19.01, -7.15 	16.07, 19.15 	13,20,9,595		2.45,7.82	1000,1 	0
2221    	32.57, -11.03, -8.90 	17.12, 19.02, -7.13 	16.07, 19.15 	13,20,9,604		3.61,6.14	1000,1 	0
2230    	32.59, -11.04, -8.88 	17.14, 19.06, -7.11 	16.07, 19.15 	13,20,9,614		2.45,5.18	1000,1 	0
2239    	32.58, -11.05, -8.89 	17.15, 19.10, -7.09 	16.07, 19.15 	13,20,9,624		1.60,4.85	1000,1 	0
2247    	32.57, -11.09, -8.89 	17.15, 19.14, -7.09 	16.07, 19.15 	13,20,9,633		4.17,4.01	1000,1 	0
2256    	32.54, -11.15, -8.88 	17.15, 19.19, -7.09 	16.07, 19.15 	13,20,9,643		7.80,5.94	1000,1 	0
2265    	32.54, -11.15, -8.88 	17.15, 19.22, -7.09 	16.07, 19.15 	13,20,9,653		0.00,3.56	1000,1 	0
2273    	32.51, -11.17, -8.87 	17.17, 19.24, -7.09 	16.07, 19.15 	13,20,9,662		4.49,3.57	1000,1 	0
2282    	32.52, -11.16, -8.88 	17.16, 19.28, -7.09 	16.07, 19.15 	13,20,9,672		1.60,3.74	1000,1 	0
2291    	32.52, -11.15, -8.87 	17.16, 19.30, -7.10 	16.07, 19.15 	13,20,9,682		1.18,2.38	1000,1 	0
2301    	32.55, -11.15, -8.87 	17.17, 19.30, -7.09 	16.07, 19.15 	13,20,9,693		2.89,0.96	1000,1 	0
2308    	32.55, -11.17, -8.86 	17.16, 19.33, -7.10 	16.07, 19.15 	13,20,9,701		3.04,4.80	1000,1 	0
2318    	32.58, -11.19, -8.85 	17.16, 19.34, -7.09 	16.07, 19.15 	13,20,9,712		3.59,1.07	1000,1 	0
2326    	32.57, -11.24, -8.85 	17.15, 19.35, -7.09 	16.07, 19.15 	13,20,9,721		5.46,1.81	1000,1 	0
2335    	32.57, -11.25, -8.84 	17.13, 19.37, -7.09 	16.07, 19.15 	13,20,9,731		1.18,3.22	1000,1 	0
2343    	32.58, -11.28, -8.85 	17.10, 19.39, -7.10 	16.07, 19.15 	13,20,9,740		4.17,4.52	1000,1 	0
2353    	32.58, -11.29, -8.86 	17.05, 19.44, -7.11 	16.07, 19.15 	13,20,9,751		1.07,6.49	1000,1 	0
2361    	32.59, -11.30, -8.85 	16.96, 19.50, -7.11 	16.07, 19.15 	13,20,9,760		1.79,14.56	1000,1 	0
2370    	32.60, -11.32, -8.87 	16.80, 19.57, -7.12 	16.07, 19.15 	13,20,9,770		2.60,18.63	1000,1 	0
2379    	32.60, -11.31, -8.85 	16.64, 19.62, -7.13 	16.07, 19.15 	13,20,9,780		1.18,19.21	1000,1 	0
2387    	32.61, -11.31, -8.86 	16.47, 19.64, -7.12 	16.07, 19.15 	13,20,9,789		1.20,20.67	1000,1 	0
2396    	32.61, -11.31, -8.83 	16.38, 19.63, -7.11 	16.07, 19.15 	13,20,9,799		0.00,10.74	1000,1 	0
2405    	32.61, -11.29, -8.84 	16.28, 19.61, -7.09 	16.07, 19.15 	13,20,9,809		2.37,10.92	1000,1 	0
2413    	32.60, -11.30, -8.83 	16.18, 19.60, -7.09 	16.07, 19.15 	13,20,9,818		1.80,12.08	1000,1 	0
2422    	32.60, -11.33, -8.82 	16.13, 19.63, -7.10 	16.07, 19.15 	13,20,9,828		3.55,6.88	1000,1 	0
2431    	32.61, -11.33, -8.81 	16.06, 19.65, -7.10 	16.07, 19.15 	13,20,9,838		1.07,7.89	1000,1 	0
2439    	32.60, -11.31, -8.81 	16.02, 19.66, -7.11 	16.07, 19.15 	13,20,9,847		2.92,5.01	1000,1 	0
2448    	32.55, -11.32, -8.81 	15.96, 19.66, -7.10 	16.07, 19.15 	13,20,9,857		5.48,6.42	1000,1 	0
2457    	32.59, -11.31, -8.81 	15.91, 19.64, -7.09 	16.07, 19.15 	13,20,9,867		4.44,5.82	1000,1 	0
2465    	32.61, -11.30, -8.82 	15.90, 19.63, -7.08 	16.07, 19.15 	13,20,9,876		2.75,2.73	1000,1 	0
2474    	32.61, -11.30, -8.80 	15.87, 19.61, -7.08 	16.07, 19.15 	13,20,9,886		0.00,3.96	1000,1 	0
2483    	32.61, -11.29, -8.80 	15.85, 19.60, -7.07 	16.07, 19.15 	13,20,9,896		1.18,2.43	1000,1 	0
2492    	32.60, -11.31, -8.79 	15.83, 19.58, -7.06 	16.07, 19.15 	13,20,9,906		2.60,3.17	1000,1 	0
2500    	32.62, -11.31, -8.78 	15.81, 19.58, -7.06 	16.07, 19.15 	13,20,9,915		2.41,2.41	1000,1 	0
2508    	32.62, -11.34, -8.79 	15.79, 19.55, -7.06 	16.07, 19.15 	13,20,9,924		4.00,3.57	1000,1 	0
2518    	32.63, -11.36, -8.80 	15.80, 19.55, -7.07 	16.07, 19.15 	13,20,9,935		2.34,0.96	1000,1 	0
2526    	32.62, -11.37, -8.80 	15.78, 19.56, -7.06 	16.07, 19.15 	13,20,9,944		1.80,2.77	1000,1 	0
2535    	32.62, -11.38, -8.80 	15.78, 19.56, -7.06 	16.07, 19.15 	13,20,9,954		1.18,0.00	1000,1 	0
2544    	32.62, -11.37, -8.79 	15.79, 19.58, -7.06 	16.07, 19.15 	13,20,9,964		1.18,1.59	1000,1 	0
2552    	32.67, -11.35, -8.78 	15.80, 19.58, -7.06 	16.07, 19.15 	13,20,9,973		6.59,1.20	1000,1 	0
2561    	32.67, -11.36, -8.78 	15.79, 19.58, -7.06 	16.07, 19.15 	13,20,9,983		1.18,1.07	1000,1 	0
2570    	32.65, -11.35, -8.78 	15.78, 19.58, -7.06 	16.07, 19.15 	13,20,9,993		2.45,1.07	1000,1 	0
2578    	32.65, -11.35, -8.77 	15.79, 19.59, -7.06 	16.07, 19.15 	13,20,10,2		0.00,1.78	1000,1 	0
2587    	32.67, -11.34, -8.77 	15.79, 19.59, -7.06 	16.07, 19.15 	13,20,10,12		2.45,0.00	1000,1 	0
2596    	32.65, -11.38, -8.75 	15.79, 19.58, -7.06 	16.07, 19.15 	13,20,10,22		5.20,1.19	1000,1 	0
2604    	32.65, -11.40, -8.77 	15.78, 19.58, -7.05 	16.07, 19.15 	13,20,10,31		1.33,1.20	1000,1 	0
2613    	32.64, -11.41, -8.77 	15.79, 19.58, -7.05 	16.07, 19.15 	13,20,10,41		1.60,1.07	1000,1 	0
2621    	32.63, -11.45, -8.78 	15.80, 19.58, -7.05 	0.00, -0.00 	13,20,10,60		4.86,1.07	1000,1 	0
2630    	32.63, -11.41, -8.78 	15.79, 19.58, -7.05 	0.00, -0.00 	13,20,10,70		6.09,1.37	1000,1 	0
2639    	32.64, -11.43, -8.77 	15.79, 19.59, -7.05 	0.00, -0.00 	13,20,10,80		3.34,1.53	1000,1 	0
2647    	32.64, -11.42, -8.78 	15.80, 19.59, -7.05 	0.00, -0.00 	13,20,10,89		1.78,1.60	1000,1 	0
2656    	32.65, -11.40, -8.76 	15.80, 19.59, -7.05 	0.00, -0.00 	13,20,10,99		3.34,0.00	1000,1 	0
2665    	32.67, -11.40, -8.77 	15.80, 19.59, -7.05 	0.00, -0.00 	13,20,10,109		2.75,0.00	1000,1 	0
2674    	32.70, -11.40, -8.76 	15.80, 19.59, -7.05 	0.00, -0.00 	13,20,10,119		4.82,0.00	1000,1 	0
2682    	32.65, -11.44, -8.76 	15.78, 19.58, -7.05 	0.00, -0.00 	13,20,10,128		10.72,3.65	1000,1 	0
2691    	32.65, -11.45, -8.75 	15.79, 19.58, -7.05 	0.00, -0.00 	13,20,10,138		1.52,1.37	1000,1 	0
2700    	32.64, -11.44, -8.75 	15.79, 19.59, -7.05 	0.00, -0.00 	13,20,10,148		2.39,1.78	1000,1 	0
2708    	32.62, -11.45, -8.75 	15.79, 19.59, -7.05 	0.00, -0.00 	13,20,10,157		3.67,0.00	1000,1 	0
2716    	32.63, -11.47, -8.75 	15.80, 19.59, -7.05 	0.00, -0.00 	13,20,10,166		3.34,1.37	1000,1 	0
2726    	32.66, -11.48, -8.74 	15.80, 19.60, -7.05 	0.00, -0.00 	13,20,10,177		4.40,1.53	1000,1 	0
2734    	32.66, -11.47, -8.75 	15.80, 19.59, -7.05 	0.00, -0.00 	13,20,10,186		1.78,1.78	1000,1 	0
2743    	32.65, -11.49, -8.75 	15.80, 19.59, -7.05 	0.00, -0.00 	13,20,10,196		3.34,0.00	1000,1 	0
2752    	32.64, -11.50, -8.75 	15.79, 19.59, -7.05 	0.00, -0.00 	13,20,10,206		2.39,1.60	1000,1 	0
2760    	32.63, -11.51, -8.74 	15.80, 19.59, -7.05 	0.00, -0.00 	13,20,10,215		2.39,1.60	1000,1 	0
2769    	32.64, -11.52, -8.74 	15.80, 19.59, -7.05 	0.00, -0.00 	13,20,10,225		2.05,0.00	1000,1 	0
2778    	32.61, -11.53, -8.75 	15.79, 19.58, -7.05 	0.00, -0.00 	13,20,10,235		4.40,2.04	1000,1 	0
2786    	32.63, -11.53, -8.73 	15.79, 19.59, -7.05 	0.00, -0.00 	13,20,10,244		2.75,1.53	1000,1 	0
2795    	32.62, -11.54, -8.74 	15.79, 19.59, -7.05 	0.00, -0.00 	13,20,10,254		2.05,0.00	1000,1 	0
2804    	32.62, -11.51, -8.75 	15.79, 19.59, -7.06 	0.00, -0.00 	13,20,10,264		4.57,0.00	1000,1 	0
2812    	32.65, -11.54, -8.75 	15.79, 19.59, -7.06 	0.00, -0.00 	13,20,10,273		6.15,0.00	1000,1 	0
2821    	32.65, -11.52, -8.75 	15.79, 19.59, -7.06 	0.00, -0.00 	13,20,10,283		2.66,0.00	1000,1 	0
2830    	32.67, -11.53, -8.75 	15.80, 19.59, -7.06 	0.00, -0.00 	13,20,10,293		3.14,1.37	1000,1 	0
2838    	32.68, -11.52, -8.75 	15.80, 19.58, -7.05 	0.00, -0.00 	13,20,10,302		2.05,1.53	1000,1 	0
2847    	32.70, -11.50, -8.75 	15.80, 19.60, -7.05 	0.00, -0.00 	13,20,10,312		3.59,2.67	1000,1 	0
2856    	32.66, -11.52, -8.73 	15.80, 19.60, -7.05 	0.00, -0.00 	13,20,10,322		6.29,0.00	1000,1 	0
2865    	32.62, -11.52, -8.74 	15.80, 19.58, -7.05 	0.00, -0.00 	13,20,10,332		5.51,3.05	1000,1 	0
2873    	32.64, -11.51, -8.75 	15.81, 19.59, -7.05 	0.00, -0.00 	13,20,10,341		3.15,2.04	1000,1 	0
2881    	32.65, -11.51, -8.75 	15.79, 19.59, -7.05 	0.00, -0.00 	13,20,10,350		1.38,2.75	1000,1 	0
2891    	32.65, -11.52, -8.75 	15.80, 19.59, -7.05 	0.00, -0.00 	13,20,10,361		1.33,1.20	1000,1 	0
2899    	32.65, -11.51, -8.75 	15.80, 19.58, -7.05 	0.00, -0.00 	13,20,10,370		1.52,1.53	1000,1 	0
2908    	32.67, -11.50, -8.75 	15.80, 19.59, -7.05 	0.00, -0.00 	13,20,10,380		3.15,1.53	1000,1 	0
2917    	32.70, -11.50, -8.76 	15.79, 19.59, -7.05 	0.00, -0.00 	13,20,10,390		4.13,1.37	1000,1 	0
2925    	32.70, -11.49, -8.76 	15.79, 19.59, -7.05 	0.00, -0.00 	13,20,10,399		1.52,0.00	1000,1 	0
2934    	32.71, -11.49, -8.76 	15.79, 19.58, -7.05 	0.00, -0.00 	13,20,10,409		1.38,1.53	1000,1 	0
2943    	32.70, -11.51, -8.76 	15.80, 19.58, -7.05 	0.00, -0.00 	13,20,10,419		3.34,1.37	1000,1 	0
2951    	32.67, -11.54, -8.75 	15.79, 19.58, -7.05 	0.00, -0.00 	13,20,10,428		6.16,1.37	1000,1 	0
2960    	32.71, -11.54, -8.75 	15.79, 19.58, -7.05 	0.00, -0.00 	13,20,10,438		5.50,0.00	1000,1 	0
2969    	32.67, -11.57, -8.76 	15.79, 19.58, -7.05 	0.00, -0.00 	13,20,10,448		6.29,0.00	1000,1 	0
2977    	32.67, -11.59, -8.75 	15.79, 19.59, -7.05 	0.00, -0.00 	13,20,10,457		3.04,1.53	1000,1 	0
2986    	32.67, -11.58, -8.75 	15.78, 19.60, -7.05 	0.00, -0.00 	13,20,10,467		1.52,2.07	1000,1 	0
2995    	32.67, -11.58, -8.75 	15.79, 19.60, -7.05 	0.00, -0.00 	13,20,10,477		0.00,1.37	1000,1 	0
3003    	32.67, -11.56, -8.76 	15.80, 19.60, -7.05 	0.00, -0.00 	13,20,10,486		3.04,1.37	1000,1 	0
3012    	32.67, -11.54, -8.75 	15.79, 19.60, -7.06 	0.00, -0.00 	13,20,10,496		1.33,1.20	1000,1 	0
3021    	32.69, -11.53, -8.75 	15.79, 19.60, -7.06 	0.00, -0.00 	13,20,10,506		3.15,0.00	1000,1 	0
3030    	32.68, -11.56, -8.75 	15.79, 19.60, -7.06 	0.00, -0.00 	13,20,10,515		3.34,0.00	1000,1 	0
3039    	32.68, -11.56, -8.75 	15.79, 19.60, -7.06 	0.00, -0.00 	13,20,10,525		0.00,0.00	1000,1 	0
3048    	32.69, -11.58, -8.73 	15.78, 19.60, -7.06 	0.00, -0.00 	13,20,10,535		3.90,1.60	1000,1 	0
3057    	32.66, -11.60, -8.72 	15.78, 19.60, -7.06 	0.00, -0.00 	13,20,10,545		5.99,0.00	1000,1 	0
3065    	32.65, -11.63, -8.74 	15.76, 19.59, -7.05 	0.00, -0.00 	13,20,10,554		5.57,3.65	1000,1 	0
3073    	32.66, -11.62, -8.74 	15.76, 19.60, -7.05 	0.00, -0.00 	13,20,10,563		2.39,1.78	1000,1 	0
3085    	32.66, -11.62, -8.75 	15.75, 19.61, -7.06 	0.00, -0.00 	13,20,10,576		0.00,2.07	1000,1 	0
3092    	32.68, -11.62, -8.74 	15.75, 19.63, -7.06 	0.00, -0.00 	13,20,10,583		4.82,5.35	1000,1 	0
3101    	32.67, -11.63, -8.74 	15.73, 19.63, -7.07 	0.00, -0.00 	13,20,10,593		2.87,3.85	1000,1 	0
3110    	32.68, -11.60, -8.74 	15.71, 19.63, -7.06 	0.00, -0.00 	13,20,10,603		6.68,3.85	1000,1 	0
3118    	32.69, -11.60, -8.73 	15.71, 19.64, -7.06 	0.00, -0.00 	13,20,10,612		1.93,2.14	1000,1 	0
3127    	32.70, -11.59, -8.74 	15.69, 19.63, -7.06 	0.00, -0.00 	13,20,10,622		2.87,4.38	1000,1 	0
3136    	32.70, -11.60, -8.75 	15.67, 19.65, -7.06 	0.00, -0.00 	13,20,10,632		2.13,5.80	1000,1 	0
3144    	32.67, -11.59, -8.75 	15.65, 19.63, -7.06 	0.00, -0.00 	13,20,10,641		6.16,7.13	1000,1 	0
3153    	32.70, -11.60, -8.75 	15.64, 19.64, -7.06 	0.00, -0.00 	13,20,10,651		6.16,2.90	1000,1 	0
3162    	32.65, -11.62, -8.74 	15.63, 19.64, -7.05 	0.00, -0.00 	13,20,10,661		10.54,1.92	1000,1 	0
3170    	32.68, -11.62, -8.75 	15.61, 19.63, -7.05 	0.00, -0.00 	13,20,10,670		5.78,4.38	1000,1 	0
3179    	32.69, -11.62, -8.75 	15.61, 19.63, -7.06 	0.00, -0.00 	13,20,10,680		1.93,0.00	1000,1 	0
3188    	32.72, -11.62, -8.76 	15.62, 19.63, -7.05 	0.00, -0.00 	13,20,10,690		5.78,1.92	1000,1 	0
3196    	32.71, -11.62, -8.76 	15.61, 19.64, -7.05 	0.00, -0.00 	13,20,10,699		1.93,2.90	1000,1 	0
3205    	32.72, -11.61, -8.75 	15.61, 19.64, -7.05 	0.00, -0.00 	13,20,10,709		3.67,0.00	1000,1 	0
3214    	32.73, -11.61, -8.75 	15.60, 19.64, -7.05 	0.00, -0.00 	13,20,10,719		1.93,1.92	1000,1 	0
3222    	32.73, -11.62, -8.75 	15.60, 19.65, -7.05 	0.00, -0.00 	13,20,10,728		2.13,2.14	1000,1 	0
3231    	32.71, -11.62, -8.75 	15.60, 19.64, -7.05 	0.00, -0.00 	13,20,10,738		4.82,1.78	1000,1 	0
3240    	32.71, -11.64, -8.74 	15.58, 19.64, -7.06 	0.00, -0.00 	13,20,10,748		2.66,2.41	1000,1 	0
3249    	32.71, -11.64, -8.74 	15.59, 19.65, -7.05 	0.00, -0.00 	13,20,10,758		0.00,2.38	1000,1 	0
3257    	32.68, -11.67, -8.75 	15.59, 19.64, -7.05 	0.00, -0.00 	13,20,10,767		7.18,1.78	1000,1 	0
3265    	32.68, -11.67, -8.75 	15.58, 19.65, -7.06 	0.00, -0.00 	13,20,10,776		0.00,2.42	1000,1 	0
3275    	32.72, -11.65, -8.73 	15.58, 19.65, -7.06 	0.00, -0.00 	13,20,10,787		6.29,0.00	1000,1 	0
3283    	32.72, -11.64, -8.75 	15.58, 19.65, -7.05 	0.00, -0.00 	13,20,10,796		1.78,0.00	1000,1 	0
3292    	32.72, -11.63, -8.74 	15.59, 19.65, -7.05 	0.00, -0.00 	13,20,10,806		2.39,1.60	1000,1 	0
3301    	32.72, -11.63, -8.74 	15.58, 19.64, -7.05 	0.00, -0.00 	13,20,10,816		0.00,2.38	1000,1 	0
3309    	32.75, -11.64, -8.73 	15.57, 19.64, -7.05 	0.00, -0.00 	13,20,10,825		5.13,1.60	1000,1 	0
3318    	32.72, -11.64, -8.72 	15.56, 19.64, -7.05 	0.00, -0.00 	13,20,10,835		4.82,1.60	1000,1 	0
3327    	32.73, -11.65, -8.72 	15.56, 19.65, -7.05 	0.00, -0.00 	13,20,10,845		2.39,1.78	1000,1 	0
3335    	32.71, -11.67, -8.72 	15.57, 19.65, -7.05 	0.00, -0.00 	13,20,10,854		5.99,1.60	1000,1 	0
3344    	32.71, -11.67, -8.72 	15.56, 19.64, -7.05 	0.00, -0.00 	13,20,10,864		0.00,2.38	1000,1 	0
3353    	32.71, -11.66, -8.72 	15.56, 19.64, -7.06 	0.00, -0.00 	13,20,10,874		1.78,0.00	1000,1 	0
3361    	32.69, -11.67, -8.72 	15.56, 19.64, -7.05 	0.00, -0.00 	13,20,10,883		3.67,0.00	1000,1 	0
3370    	32.70, -11.67, -8.73 	15.56, 19.65, -7.05 	0.00, -0.00 	13,20,10,893		1.61,1.78	1000,1 	0
3379    	32.71, -11.67, -8.73 	15.57, 19.65, -7.05 	0.00, -0.00 	13,20,10,903		1.61,1.60	1000,1 	0
3387    	32.72, -11.67, -8.73 	15.57, 19.65, -7.05 	0.00, -0.00 	13,20,10,912		1.61,0.00	1000,1 	0
3396    	32.72, -11.65, -8.72 	15.57, 19.66, -7.05 	0.00, -0.00 	13,20,10,922		3.04,1.53	1000,1 	0
3405    	32.70, -11.65, -8.72 	15.56, 19.65, -7.05 	0.00, -0.00 	13,20,10,932		3.21,2.38	1000,1 	0
3413    	32.72, -11.65, -8.71 	15.56, 19.65, -7.05 	0.00, -0.00 	13,20,10,941		3.21,0.00	1000,1 	0
3422    	32.70, -11.66, -8.71 	15.56, 19.65, -7.05 	0.00, -0.00 	13,20,10,951		3.15,0.00	1000,1 	0
3431    	32.69, -11.67, -8.71 	15.54, 19.65, -7.05 	0.00, -0.00 	13,20,10,961		2.40,3.21	1000,1 	0
3440    	32.68, -11.63, -8.72 	15.55, 19.65, -7.05 	0.00, -0.00 	13,20,10,971		7.28,1.60	1000,1 	0
3448    	32.67, -11.64, -8.72 	15.55, 19.65, -7.05 	0.00, -0.00 	13,20,10,980		2.40,0.00	1000,1 	0
3457    	32.66, -11.63, -8.73 	15.55, 19.66, -7.05 	0.00, -0.00 	13,20,10,990		2.39,1.78	1000,1 	0
3466    	32.67, -11.65, -8.71 	15.54, 19.65, -7.05 	0.00, -0.00 	13,20,11,0		3.90,2.38	1000,1 	0
3474    	32.68, -11.65, -8.71 	15.54, 19.65, -7.05 	0.00, -0.00 	13,20,11,9		1.61,0.00	1000,1 	0
3483    	32.69, -11.65, -8.69 	15.53, 19.65, -7.05 	0.00, -0.00 	13,20,11,19		1.61,1.60	1000,1 	0
3492    	32.72, -11.62, -8.70 	15.53, 19.63, -7.05 	0.00, -0.00 	13,20,11,29		7.18,3.56	1000,1 	0
3500    	32.67, -11.64, -8.70 	15.52, 19.63, -7.04 	0.00, -0.00 	13,20,11,38		8.78,1.60	1000,1 	0
3509    	32.67, -11.65, -8.69 	15.50, 19.61, -7.04 	0.00, -0.00 	13,20,11,48		1.78,4.76	1000,1 	0
3518    	32.66, -11.63, -8.69 	15.48, 19.57, -7.03 	0.00, -0.00 	13,20,11,58		3.90,7.77	1000,1 	0
3526    	32.65, -11.66, -8.70 	15.44, 19.54, -7.03 	0.00, -0.00 	13,20,11,67		5.57,8.29	1000,1 	0
3535    	32.65, -11.66, -8.71 	15.42, 19.50, -7.02 	0.00, -0.00 	13,20,11,77		0.00,6.19	1000,1 	0
3544    	32.65, -11.64, -8.71 	15.41, 19.46, -7.02 	0.00, -0.00 	13,20,11,87		3.55,7.77	1000,1 	0
3552    	32.66, -11.62, -8.70 	15.37, 19.39, -7.01 	0.00, -0.00 	13,20,11,96		3.90,13.94	1000,1 	0
3561    	32.63, -11.61, -8.70 	15.26, 19.17, -6.99 	0.00, -0.00 	13,20,11,106		5.13,39.53	1000,1 	0
3570    	32.64, -11.61, -8.69 	15.04, 18.74, -6.97 	0.00, -0.00 	13,20,11,116		1.61,82.06	1000,1 	0
3578    	32.64, -11.62, -8.69 	14.86, 18.43, -6.97 	0.00, -0.00 	13,20,11,125		1.78,58.81	1000,1 	0
3587    	32.65, -11.63, -8.67 	14.71, 18.17, -6.99 	0.00, -0.00 	13,20,11,135		2.05,42.46	1000,1 	0
3596    	32.66, -11.63, -8.67 	14.52, 17.93, -7.01 	0.00, -0.00 	13,20,11,145		1.61,51.66	1000,1 	0
3604    	32.62, -11.63, -8.67 	14.32, 17.75, -7.05 	0.00, -0.00 	13,20,11,154		6.42,44.96	1000,1 	0
3613    	32.64, -11.62, -8.68 	14.18, 17.63, -7.09 	0.00, -0.00 	13,20,11,164		3.15,26.40	1000,1 	0
3622    	32.65, -11.61, -8.68 	14.07, 17.49, -7.14 	0.00, -0.00 	13,20,11,174		2.39,28.91	1000,1 	0
3631    	32.66, -11.61, -8.69 	13.89, 17.35, -7.18 	0.00, -0.00 	13,20,11,184		1.61,39.09	1000,1 	0
3639    	32.66, -11.57, -8.68 	13.71, 17.17, -7.22 	0.00, -0.00 	13,20,11,193		7.10,42.64	1000,1 	0
3647    	32.65, -11.58, -8.69 	13.52, 16.99, -7.24 	0.00, -0.00 	13,20,11,202		2.39,43.79	1000,1 	0
3657    	32.68, -11.53, -8.67 	13.33, 16.79, -7.26 	0.00, -0.00 	13,20,11,213		7.36,38.59	1000,1 	0
3665    	32.66, -11.56, -8.67 	13.15, 16.61, -7.28 	0.00, -0.00 	13,20,11,222		4.79,41.53	1000,1 	0
3674    	32.69, -11.56, -8.67 	12.93, 16.38, -7.31 	0.00, -0.00 	13,20,11,232		4.82,54.53	1000,1 	0
3683    	32.66, -11.61, -8.66 	12.70, 16.13, -7.35 	0.00, -0.00 	13,20,11,242		10.10,57.11	1000,1 	0
3691    	32.65, -11.62, -8.67 	12.45, 15.90, -7.39 	0.00, -0.00 	13,20,11,251		2.40,55.61	1000,1 	0
3700    	32.64, -11.62, -8.67 	12.22, 15.68, -7.42 	0.00, -0.00 	13,20,11,261		1.61,53.28	1000,1 	0
3709    	32.59, -11.66, -8.66 	11.99, 15.46, -7.45 	0.00, -0.00 	13,20,11,271		10.72,53.28	1000,1 	0
3717    	32.58, -11.62, -8.68 	11.76, 15.24, -7.48 	0.00, -0.00 	13,20,11,280		7.28,53.28	1000,1 	0
3726    	32.60, -11.65, -8.67 	11.57, 15.05, -7.54 	0.00, -0.00 	13,20,11,290		6.22,45.02	1000,1 	0
3735    	32.61, -11.66, -8.67 	11.41, 14.88, -7.59 	0.00, -0.00 	13,20,11,300		2.39,39.15	1000,1 	0
3743    	32.63, -11.66, -8.67 	11.18, 14.64, -7.61 	0.00, -0.00 	13,20,11,309		3.21,54.53	1000,1 	0
3752    	32.68, -11.66, -8.66 	10.95, 14.39, -7.64 	0.00, -0.00 	13,20,11,319		8.03,57.11	1000,1 	0
3761    	32.67, -11.72, -8.66 	10.70, 14.15, -7.66 	0.00, -0.00 	13,20,11,329		9.02,56.80	1000,1 	0
3769    	32.66, -11.75, -8.66 	10.46, 13.93, -7.70 	0.00, -0.00 	13,20,11,338		5.56,54.43	1000,1 	0
3778    	32.65, -11.74, -8.64 	10.18, 13.69, -7.72 	0.00, -0.00 	13,20,11,348		2.05,52.74	1000,1 	0
3787    	32.59, -11.80, -8.63 	9.97, 13.48, -7.74 	0.00, -0.00 	13,20,11,358		14.37,49.77	1000,1 	0
3795    	32.54, -11.85, -8.64 	9.75, 13.25, -7.75 	0.00, -0.00 	13,20,11,367		11.97,52.15	1000,1 	0
3804    	32.52, -11.86, -8.66 	9.58, 13.05, -7.76 	0.00, -0.00 	13,20,11,377		3.15,37.85	1000,1 	0
3813    	32.51, -11.83, -8.67 	9.42, 12.87, -7.78 	0.00, -0.00 	13,20,11,387		5.56,40.45	1000,1 	0
3822    	32.47, -11.78, -8.65 	9.23, 12.66, -7.77 	0.00, -0.00 	13,20,11,397		10.95,47.59	1000,1 	0
3830    	32.46, -11.75, -8.66 	8.95, 12.40, -7.75 	0.00, -0.00 	13,20,11,406		5.56,62.71	1000,1 	0
3839    	32.49, -11.79, -8.64 	8.73, 12.15, -7.72 	0.00, -0.00 	13,20,11,416		8.58,56.05	1000,1 	0
3848    	32.51, -11.77, -8.63 	8.52, 11.92, -7.71 	0.00, -0.00 	13,20,11,426		4.79,52.35	1000,1 	0
3856    	32.49, -11.80, -8.59 	8.34, 11.67, -7.69 	0.00, -0.00 	13,20,11,435		6.22,50.70	1000,1 	0
3864    	32.47, -11.85, -8.56 	8.09, 11.39, -7.65 	0.00, -0.00 	13,20,11,444		9.44,63.19	1000,1 	0
3874    	32.39, -11.89, -8.55 	7.90, 11.15, -7.62 	0.00, -0.00 	13,20,11,455		13.20,43.10	1000,1 	0
3882    	32.34, -11.89, -8.56 	7.69, 10.96, -7.61 	0.00, -0.00 	13,20,11,464		8.03,47.33	1000,1 	0
3891    	32.33, -11.84, -8.55 	7.58, 10.81, -7.59 	0.00, -0.00 	13,20,11,474		7.28,30.34	1000,1 	0
3900    	32.31, -11.80, -8.58 	7.40, 10.61, -7.56 	0.00, -0.00 	13,20,11,484		7.79,45.21	1000,1 	0
3908    	32.31, -11.77, -8.59 	7.23, 10.38, -7.54 	0.00, -0.00 	13,20,11,493		5.33,48.33	1000,1 	0
3917    	32.33, -11.74, -8.63 	7.08, 10.12, -7.48 	0.00, -0.00 	13,20,11,503		6.22,49.54	1000,1 	0
3926    	32.36, -11.70, -8.64 	6.88, 9.80, -7.40 	0.00, -0.00 	13,20,11,513		7.18,62.75	1000,1 	0
3934    	32.34, -11.75, -8.62 	6.64, 9.45, -7.28 	0.00, -0.00 	13,20,11,522		7.80,70.67	1000,1 	0
3943    	32.27, -11.75, -8.58 	6.41, 9.13, -7.22 	0.00, -0.00 	13,20,11,532		11.24,65.40	1000,1 	0
3952    	32.19, -11.78, -8.55 	6.20, 8.88, -7.19 	0.00, -0.00 	13,20,11,542		15.40,55.03	0,0 	0
3960    	32.13, -11.78, -8.55 	6.05, 8.67, -7.20 	0.00, -0.00 	13,20,11,551		9.63,43.60	0,0 	0
3969    	32.13, -11.71, -8.57 	5.89, 8.47, -7.17 	0.00, -0.00 	13,20,11,561		9.13,35.81	0,0 	0
3979    	32.05, -11.62, -8.60 	5.70, 8.23, -7.15 	0.00, -0.00 	13,20,11,572		20.50,51.66	0,0 	0
3987    	31.93, -11.57, -8.60 	5.52, 7.93, -7.11 	0.00, -0.00 	13,20,11,581		25.45,69.68	0,0 	0
3995    	31.89, -11.48, -8.62 	5.35, 7.62, -7.09 	0.00, -0.00 	13,20,11,590		16.31,58.06	0,0 	0
4004    	31.91, -11.38, -8.67 	5.22, 7.34, -7.07 	0.00, -0.00 	13,20,11,600		16.30,52.79	0,0 	0
4013    	31.98, -11.31, -8.65 	5.00, 7.05, -7.02 	0.00, -0.00 	13,20,11,610		17.88,60.18	0,0 	0
4021    	31.99, -11.33, -8.61 	4.72, 6.72, -6.98 	0.00, -0.00 	13,20,11,619		3.90,72.71	0,0 	0
4030    	31.94, -11.44, -8.59 	4.48, 6.40, -7.00 	0.00, -0.00 	13,20,11,629		19.49,66.34	0,0 	0
4039    	31.93, -11.57, -8.58 	4.32, 6.12, -7.05 	0.00, -0.00 	13,20,11,639		21.37,53.40	0,0 	0
4047    	31.89, -11.62, -8.59 	4.15, 5.89, -7.12 	0.00, -0.00 	13,20,11,648		11.97,47.41	0,0 	0
4055    	31.79, -11.66, -8.62 	3.93, 5.61, -7.17 	0.00, -0.00 	13,20,11,657		17.56,59.79	0,0 	0
4065    	31.69, -11.61, -8.64 	3.72, 5.31, -7.18 	0.00, -0.00 	13,20,11,668		15.72,53.26	0,0 	0
4073    	31.58, -11.53, -8.68 	3.59, 5.04, -7.22 	0.00, -0.00 	13,20,11,677		22.92,48.90	0,0 	0
4082    	31.54, -11.48, -8.68 	3.58, 4.79, -7.26 	0.00, -0.00 	13,20,11,687		10.95,40.99	0,0 	0
4091    	31.55, -11.44, -8.70 	3.55, 4.54, -7.30 	0.00, -0.00 	13,20,11,697		7.28,43.15	0,0 	0
4099    	31.48, -11.42, -8.71 	3.34, 4.28, -7.36 	0.00, -0.00 	13,20,11,706		11.78,55.03	0,0 	0
4108    	31.41, -11.36, -8.73 	3.10, 4.05, -7.37 	0.00, -0.00 	13,20,11,716		15.61,55.65	0,0 	0
4117    	31.40, -11.31, -8.75 	2.92, 3.79, -7.38 	0.00, -0.00 	13,20,11,726		9.02,52.14	0,0 	0
4125    	31.37, -11.29, -8.73 	2.77, 3.56, -7.40 	0.00, -0.00 	13,20,11,735		5.98,46.53	0,0 	0
4134    	31.28, -11.29, -8.73 	2.53, 3.32, -7.44 	0.00, -0.00 	13,20,11,745		10.84,42.68	0,0 	0
4143    	31.17, -11.23, -8.75 	2.36, 3.15, -7.51 	0.00, -0.00 	13,20,11,755		16.94,33.56	0,0 	0
4151    	31.05, -11.17, -8.76 	2.28, 3.07, -7.62 	0.00, -0.00 	13,20,11,764		20.08,16.23	0,0 	0
4160    	30.94, -11.10, -8.82 	2.12, 3.01, -7.70 	0.00, -0.00 	13,20,11,774		16.19,20.74	0,0 	0
4169    	30.85, -10.98, -8.86 	1.95, 2.94, -7.73 	0.00, -0.00 	13,20,11,784		21.67,26.81	0,0 	0
4177    	30.75, -10.90, -8.88 	1.80, 2.80, -7.74 	0.00, -0.00 	13,20,11,793		17.40,29.41	0,0 	0
4186    	30.62, -10.82, -8.92 	1.62, 2.73, -7.78 	0.00, -0.00 	13,20,11,803		19.94,24.57	0,0 	0
4195    	30.60, -10.75, -8.93 	1.41, 2.58, -7.80 	0.00, -0.00 	13,20,11,813		4.77,18.39	0,0 	0
4204    	30.51, -10.67, -8.91 	1.27, 2.47, -7.79 	0.00, -0.00 	13,20,11,823		9.35,13.13	0,0 	0
4212    	30.45, -10.63, -8.89 	1.03, 2.37, -7.78 	0.00, -0.00 	13,20,11,832		5.52,20.14	0,0 	0
4221    	30.32, -10.63, -8.86 	0.87, 2.26, -7.77 	0.00, -0.00 	13,20,11,842		9.63,13.86	0,0 	0
4230    	30.21, -10.62, -8.85 	0.73, 2.24, -7.79 	0.00, -0.00 	13,20,11,852		8.19,10.47	0,0 	0
4238    	30.10, -10.52, -8.84 	0.66, 2.20, -7.81 	0.00, -0.00 	13,20,11,861		11.55,6.73	0,0 	0
4246    	29.97, -10.43, -8.87 	0.56, 2.19, -7.79 	0.00, -0.00 	13,20,11,870		10.82,6.91	0,0 	0
4256    	29.87, -10.34, -8.88 	0.47, 2.15, -7.79 	0.00, -0.00 	13,20,11,881		10.20,7.48	0,0 	0
4264    	29.82, -10.24, -8.89 	0.36, 2.11, -7.77 	0.00, -0.00 	13,20,11,890		8.25,8.74	0,0 	0
4273    	29.79, -10.13, -8.94 	0.26, 2.08, -7.73 	0.00, -0.00 	13,20,11,900		8.62,7.02	0,0 	0
4282    	29.79, -10.02, -8.92 	0.21, 2.04, -7.70 	0.00, -0.00 	13,20,11,910		8.20,5.49	0,0 	0
4290    	29.75, -10.03, -8.93 	0.16, 1.99, -7.66 	0.00, -0.00 	13,20,11,919		3.08,5.49	0,0 	0
4299    	29.71, -10.01, -8.90 	0.18, 1.96, -7.65 	0.00, -0.00 	13,20,11,929		2.93,2.51	0,0 	0
4308    	29.69, -10.03, -8.88 	0.10, 1.90, -7.61 	0.00, -0.00 	13,20,11,939		2.21,7.16	0,0 	0
4316    	29.67, -10.06, -8.87 	0.09, 1.89, -7.60 	0.00, -0.00 	13,20,11,948		2.87,1.10	0,0 	0
4325    	29.62, -10.07, -8.85 	0.09, 1.85, -7.57 	0.00, -0.00 	13,20,11,958		3.52,3.05	0,0 	0
4334    	29.61, -10.08, -8.84 	0.11, 1.83, -7.54 	0.00, -0.00 	13,20,11,968		1.69,2.23	0,0 	0
4342    	29.55, -10.07, -8.85 	0.12, 1.78, -7.51 	0.00, -0.00 	13,20,11,977		4.52,4.19	0,0 	0
4351    	29.55, -10.06, -8.85 	0.16, 1.72, -7.48 	0.00, -0.00 	13,20,11,987		0.76,4.74	0,0 	0
4360    	29.55, -10.03, -8.86 	0.21, 1.67, -7.41 	0.00, -0.00 	13,20,11,997		2.28,5.18	0,0 	0
4368    	29.58, -10.00, -8.85 	0.23, 1.56, -7.32 	0.00, -0.00 	13,20,12,6		3.32,8.38	0,0 	0
4377    	29.58, -9.99, -8.85 	0.26, 1.45, -7.23 	0.00, -0.00 	13,20,12,16		0.76,7.94	0,0 	0
4386    	29.57, -9.96, -8.85 	0.35, 1.30, -7.14 	0.00, -0.00 	13,20,12,26		2.38,12.43	0,0 	0
