#Time 	Sensor1         Sensor2         Target          Time            Vel             
#================================================================

17      	30.24, -14.04, -7.74 	0.02, 0.08, -6.68 	-6.43, 7.66 	13,22,59,350		0.00,0.00	0,0 	0
24      	30.23, -14.04, -7.75 	0.02, 0.10, -6.67 	-6.43, 7.66 	13,22,59,359		1.38,3.05	0,0 	0
33      	30.19, -14.06, -7.76 	-0.03, 0.10, -6.68 	-6.43, 7.66 	13,22,59,369		4.89,5.35	0,0 	0
42      	30.18, -14.06, -7.74 	-0.01, 0.10, -6.68 	-6.43, 7.66 	13,22,59,379		1.07,2.14	0,0 	0
50      	30.24, -14.09, -7.73 	-0.05, 0.12, -6.68 	-6.43, 7.66 	13,22,59,388		8.25,5.54	0,0 	0
60      	30.27, -14.06, -7.73 	-0.03, 0.11, -6.67 	-6.43, 7.66 	13,22,59,399		4.31,2.22	0,0 	0
68      	30.23, -14.07, -7.74 	-0.03, 0.12, -6.68 	-6.43, 7.66 	13,22,59,408		5.00,1.34	0,0 	0
76      	30.23, -14.08, -7.74 	-0.02, 0.12, -6.67 	-6.43, 7.66 	13,22,59,417		1.33,1.20	0,0 	0
86      	30.24, -14.11, -7.73 	-0.01, 0.13, -6.66 	-6.43, 7.66 	13,22,59,428		3.34,1.43	0,0 	0
94      	30.24, -14.12, -7.73 	0.01, 0.12, -6.66 	-6.43, 7.66 	13,22,59,437		1.33,2.77	0,0 	0
102     	30.24, -14.11, -7.73 	0.02, 0.11, -6.65 	-6.43, 7.66 	13,22,59,446		1.33,1.81	0,0 	0
111     	30.23, -14.10, -7.74 	0.01, 0.12, -6.65 	-6.43, 7.66 	13,22,59,456		1.60,1.61	0,0 	0
120     	30.23, -14.08, -7.73 	0.03, 0.12, -6.64 	-6.43, 7.66 	13,22,59,466		2.37,2.14	0,0 	0
129     	30.27, -14.09, -7.73 	0.02, 0.14, -6.66 	-6.43, 7.66 	13,22,59,476		5.48,2.62	0,0 	0
137     	30.27, -14.09, -7.73 	0.02, 0.14, -6.67 	-6.43, 7.66 	13,22,59,485		1.20,0.00	0,0 	0
146     	30.27, -14.12, -7.71 	0.02, 0.15, -6.65 	-6.43, 7.66 	13,22,59,495		3.71,1.19	0,0 	0
155     	30.32, -14.08, -7.71 	0.03, 0.14, -6.65 	-6.43, 7.66 	13,22,59,505		7.15,1.61	0,0 	0
163     	30.32, -14.08, -7.71 	-0.01, 0.12, -6.64 	-6.43, 7.66 	13,22,59,514		0.00,5.47	0,0 	0
172     	30.32, -14.06, -7.71 	0.01, 0.13, -6.64 	-6.43, 7.66 	13,22,59,524		2.37,2.43	0,0 	0
181     	30.31, -14.06, -7.71 	0.02, 0.11, -6.64 	-6.43, 7.66 	13,22,59,534		1.07,2.62	0,0 	0
189     	30.31, -14.07, -7.71 	0.03, 0.12, -6.64 	-6.43, 7.66 	13,22,59,543		1.33,1.78	0,0 	0
198     	30.31, -14.06, -7.72 	-0.01, 0.14, -6.66 	-6.43, 7.66 	13,22,59,553		1.18,4.92	0,0 	0
207     	30.30, -14.07, -7.72 	-0.01, 0.13, -6.64 	-6.43, 7.66 	13,22,59,563		1.60,1.19	0,0 	0
215     	30.33, -14.04, -7.75 	-0.01, 0.13, -6.64 	-6.43, 7.66 	13,22,59,572		5.39,0.00	0,0 	0
224     	30.31, -14.00, -7.73 	-0.00, 0.13, -6.65 	-6.43, 7.66 	13,22,59,582		4.15,1.07	0,0 	0
233     	30.31, -14.00, -7.73 	0.01, 0.12, -6.65 	-6.43, 7.66 	13,22,59,592		0.00,1.61	0,0 	0
241     	30.35, -14.00, -7.73 	-0.03, 0.12, -6.65 	-6.43, 7.66 	13,22,59,601		4.82,4.81	0,0 	0
251     	30.36, -14.02, -7.73 	-0.04, 0.12, -6.66 	-6.43, 7.66 	13,22,59,612		1.44,0.96	0,0 	0
259     	30.41, -13.99, -7.72 	-0.03, 0.13, -6.65 	-6.43, 7.66 	13,22,59,621		6.59,1.78	0,0 	0
267     	30.41, -14.02, -7.73 	-0.02, 0.13, -6.65 	-6.43, 7.66 	13,22,59,630		2.66,1.20	0,0 	0
276     	30.40, -13.99, -7.72 	-0.01, 0.12, -6.64 	-6.43, 7.66 	13,22,59,640		2.60,1.61	0,0 	0
285     	30.40, -14.00, -7.72 	-0.06, 0.13, -6.64 	-6.43, 7.66 	13,22,59,650		1.18,5.49	0,0 	0
293     	30.37, -14.02, -7.71 	-0.04, 0.14, -6.66 	-6.43, 7.66 	13,22,59,659		3.85,2.73	0,0 	0
302     	30.36, -14.02, -7.71 	-0.02, 0.14, -6.64 	-6.43, 7.66 	13,22,59,669		1.07,2.14	0,0 	0
311     	30.35, -14.03, -7.73 	-0.03, 0.13, -6.65 	-6.43, 7.66 	13,22,59,679		1.60,1.59	0,0 	0
320     	30.37, -13.99, -7.73 	-0.01, 0.14, -6.64 	-6.43, 7.66 	13,22,59,689		4.15,2.43	0,0 	0
328     	30.41, -13.99, -7.74 	-0.01, 0.15, -6.66 	-6.43, 7.66 	13,22,59,698		4.82,1.34	0,0 	0
337     	30.41, -13.99, -7.74 	-0.04, 0.14, -6.66 	-6.43, 7.66 	13,22,59,708		0.00,3.40	0,0 	0
346     	30.41, -13.99, -7.74 	-0.01, 0.15, -6.66 	-6.43, 7.66 	13,22,59,718		0.00,3.40	0,0 	0
354     	30.36, -14.09, -7.73 	-0.04, 0.14, -6.66 	-6.43, 7.66 	13,22,59,727		13.42,3.83	0,0 	0
363     	30.35, -14.09, -7.73 	-0.07, 0.16, -6.65 	-6.43, 7.66 	13,22,59,737		1.07,4.02	0,0 	0
372     	30.34, -14.07, -7.74 	-0.07, 0.18, -6.67 	-6.43, 7.66 	13,22,59,747		2.60,2.38	0,0 	0
380     	30.35, -14.10, -7.73 	-0.09, 0.17, -6.65 	-6.43, 7.66 	13,22,59,756		4.17,2.73	0,0 	0
389     	30.35, -14.10, -7.74 	-0.07, 0.17, -6.67 	-6.43, 7.66 	13,22,59,766		0.00,2.14	0,0 	0
398     	30.40, -14.11, -7.74 	-0.04, 0.20, -6.67 	-6.43, 7.66 	13,22,59,776		5.48,3.96	0,0 	0
406     	30.43, -14.08, -7.75 	-0.04, 0.20, -6.67 	-6.43, 7.66 	13,22,59,785		5.39,0.00	0,0 	0
415     	30.43, -14.07, -7.75 	-0.09, 0.23, -6.68 	-6.43, 7.66 	13,22,59,795		1.18,6.47	0,0 	0
424     	30.43, -14.08, -7.75 	-0.09, 0.23, -6.67 	-6.43, 7.66 	13,22,59,805		1.18,0.00	0,0 	0
432     	30.43, -14.08, -7.76 	-0.06, 0.24, -6.66 	-6.43, 7.66 	13,22,59,814		0.00,3.83	0,0 	0
441     	30.43, -14.08, -7.76 	-0.08, 0.24, -6.67 	-6.43, 7.66 	13,22,59,824		0.00,2.14	0,0 	0
450     	30.44, -14.09, -7.73 	-0.07, 0.24, -6.66 	-6.43, 7.66 	13,22,59,834		1.60,1.07	0,0 	0
458     	30.41, -14.11, -7.73 	-0.10, 0.25, -6.66 	-6.43, 7.66 	13,22,59,843		4.49,3.87	0,0 	0
468     	30.41, -14.11, -7.75 	-0.05, 0.26, -6.67 	-6.43, 7.66 	13,22,59,854		0.00,4.91	0,0 	0
476     	30.40, -14.11, -7.75 	-0.03, 0.28, -6.68 	-6.43, 7.66 	13,22,59,863		1.20,3.57	0,0 	0
485     	30.43, -14.08, -7.75 	-0.10, 0.26, -6.67 	-6.43, 7.66 	13,22,59,873		4.79,7.82	0,0 	0
493     	30.43, -14.08, -7.76 	-0.08, 0.26, -6.66 	-6.43, 7.66 	13,22,59,882		0.00,2.41	0,0 	0
502     	30.48, -14.09, -7.76 	-0.09, 0.25, -6.66 	-6.43, 7.66 	13,22,59,892		5.48,1.59	0,0 	0
511     	30.48, -14.09, -7.75 	-0.13, 0.27, -6.68 	-6.43, 7.66 	13,22,59,902		0.00,4.92	0,0 	0
519     	30.48, -14.09, -7.75 	-0.08, 0.27, -6.67 	-6.43, 7.66 	13,22,59,911		0.00,6.02	0,0 	0
528     	30.48, -14.09, -7.76 	-0.12, 0.27, -6.67 	-6.43, 7.66 	13,22,59,921		0.00,4.28	0,0 	0
537     	30.45, -14.11, -7.75 	-0.07, 0.27, -6.67 	-6.43, 7.66 	13,22,59,931		3.99,5.35	0,0 	0
545     	30.45, -14.11, -7.75 	-0.13, 0.27, -6.66 	-6.43, 7.66 	13,22,59,940		0.00,7.22	0,0 	0
554     	30.45, -14.10, -7.75 	-0.11, 0.27, -6.66 	-6.43, 7.66 	13,22,59,950		1.18,2.14	0,0 	0
563     	30.46, -14.13, -7.73 	-0.13, 0.27, -6.66 	-6.43, 7.66 	13,22,59,960		3.71,2.14	0,0 	0
571     	30.46, -14.14, -7.73 	-0.13, 0.27, -6.66 	-6.43, 7.66 	13,22,59,969		1.33,0.00	0,0 	0
580     	30.46, -14.14, -7.74 	-0.13, 0.29, -6.66 	-6.43, 7.66 	13,22,59,979		0.00,2.38	0,0 	0
589     	30.47, -14.14, -7.74 	-0.14, 0.28, -6.64 	-6.43, 7.66 	13,22,59,989		1.07,1.59	0,0 	0
597     	30.45, -14.13, -7.72 	-0.17, 0.28, -6.64 	-6.43, 7.66 	13,22,59,998		2.75,3.61	0,0 	0
606     	30.48, -14.12, -7.73 	-0.13, 0.28, -6.66 	-6.43, 7.66 	13,23,0,8		3.42,4.28	0,0 	0
615     	30.48, -14.12, -7.73 	-0.16, 0.26, -6.66 	-6.43, 7.66 	13,23,0,18		0.00,3.96	0,0 	0
623     	30.49, -14.16, -7.71 	-0.12, 0.27, -6.66 	-6.43, 7.66 	13,23,0,27		5.46,4.97	0,0 	0
633     	30.53, -14.14, -7.71 	-0.15, 0.27, -6.66 	-6.43, 7.66 	13,23,0,38		5.27,2.89	0,0 	0
641     	30.45, -14.14, -7.71 	-0.19, 0.29, -6.66 	-6.43, 7.66 	13,23,0,47		10.84,5.54	0,0 	0
649     	30.45, -14.15, -7.71 	-0.15, 0.28, -6.65 	-6.43, 7.66 	13,23,0,56		1.33,5.01	0,0 	0
658     	30.45, -14.15, -7.71 	-0.18, 0.26, -6.64 	-6.43, 7.66 	13,23,0,66		0.00,3.96	0,0 	0
667     	30.45, -14.15, -7.71 	-0.18, 0.27, -6.66 	-6.43, 7.66 	13,23,0,76		0.00,1.19	0,0 	0
676     	30.44, -14.11, -7.73 	-0.18, 0.27, -6.66 	-6.43, 7.66 	13,23,0,86		4.85,0.00	0,0 	0
684     	30.44, -14.12, -7.74 	-0.18, 0.27, -6.66 	-6.43, 7.66 	13,23,0,95		1.33,0.00	0,0 	0
693     	30.43, -14.15, -7.71 	-0.18, 0.29, -6.66 	-6.43, 7.66 	13,23,0,105		3.71,2.38	0,0 	0
702     	30.48, -14.15, -7.71 	-0.17, 0.30, -6.65 	-6.43, 7.66 	13,23,0,115		5.35,1.59	0,0 	0
710     	30.47, -14.15, -7.71 	-0.17, 0.30, -6.65 	-6.43, 7.66 	13,23,0,124		1.20,0.00	0,0 	0
719     	30.44, -14.15, -7.71 	-0.17, 0.29, -6.64 	-6.43, 7.66 	13,23,0,134		3.21,1.19	0,0 	0
728     	30.43, -14.14, -7.71 	-0.18, 0.30, -6.66 	-6.43, 7.66 	13,23,0,144		1.60,1.61	0,0 	0
736     	30.43, -14.15, -7.71 	-0.19, 0.30, -6.65 	-6.43, 7.66 	13,23,0,153		1.33,1.20	0,0 	0
745     	30.43, -14.15, -7.71 	-0.17, 0.29, -6.65 	-6.43, 7.66 	13,23,0,163		0.00,2.46	0,0 	0
754     	30.42, -14.11, -7.72 	-0.17, 0.29, -6.65 	-6.43, 7.66 	13,23,0,173		4.85,0.00	0,0 	0
762     	30.42, -14.12, -7.72 	-0.17, 0.29, -6.65 	-6.43, 7.66 	13,23,0,182		1.33,0.00	0,0 	0
771     	30.42, -14.11, -7.72 	-0.17, 0.32, -6.64 	-6.43, 7.66 	13,23,0,192		1.18,3.56	0,0 	0
780     	30.48, -14.14, -7.70 	-0.17, 0.32, -6.64 	-6.43, 7.66 	13,23,0,202		7.34,0.00	0,0 	0
788     	30.47, -14.14, -7.70 	-0.17, 0.32, -6.66 	-6.43, 7.66 	13,23,0,211		1.20,0.00	0,0 	0
797     	30.47, -14.14, -7.70 	-0.16, 0.30, -6.65 	-6.43, 7.66 	13,23,0,221		0.00,2.62	0,0 	0
806     	30.48, -14.15, -7.70 	-0.15, 0.32, -6.65 	-6.43, 7.66 	13,23,0,231		1.60,2.59	0,0 	0
814     	30.47, -14.14, -7.70 	-0.19, 0.31, -6.64 	-6.43, 7.66 	13,23,0,240		1.80,4.97	0,0 	0
824     	30.47, -14.14, -7.70 	-0.20, 0.32, -6.66 	-6.43, 7.66 	13,23,0,251		0.00,1.45	0,0 	0
832     	30.50, -14.19, -7.69 	-0.19, 0.32, -6.65 	-6.43, 7.66 	13,23,0,260		6.43,1.20	0,0 	0
841     	30.50, -14.19, -7.69 	-0.19, 0.32, -6.65 	-6.43, 7.66 	13,23,0,270		0.00,0.00	0,0 	0
849     	30.50, -14.19, -7.69 	-0.19, 0.32, -6.65 	-6.43, 7.66 	13,23,0,279		0.00,0.00	0,0 	0
858     	30.50, -14.19, -7.69 	-0.19, 0.32, -6.65 	-6.43, 7.66 	13,23,0,289		0.00,0.00	0,0 	0
867     	30.50, -14.19, -7.69 	-0.19, 0.34, -6.67 	-6.43, 7.66 	13,23,0,299		0.00,1.19	0,0 	0
875     	30.50, -14.19, -7.69 	-0.19, 0.34, -6.67 	-6.43, 7.66 	13,23,0,308		0.00,0.00	0,0 	0
884     	30.46, -14.22, -7.69 	-0.20, 0.36, -6.66 	-6.43, 7.66 	13,23,0,318		5.56,2.62	0,0 	0
893     	30.47, -14.25, -7.68 	-0.18, 0.37, -6.66 	-6.43, 7.66 	13,23,0,328		3.71,2.43	0,0 	0
901     	30.47, -14.25, -7.68 	-0.18, 0.36, -6.66 	-6.43, 7.66 	13,23,0,337		0.00,1.34	0,0 	0
910     	30.43, -14.24, -7.68 	-0.21, 0.35, -6.68 	-6.43, 7.66 	13,23,0,347		4.44,4.42	0,0 	0
919     	30.42, -14.24, -7.68 	-0.20, 0.36, -6.67 	-6.43, 7.66 	13,23,0,357		1.07,1.59	0,0 	0
927     	30.43, -14.24, -7.68 	-0.20, 0.36, -6.67 	-6.43, 7.66 	13,23,0,366		1.20,0.00	0,0 	0
936     	30.46, -14.21, -7.67 	-0.21, 0.35, -6.66 	-6.43, 7.66 	13,23,0,376		4.79,1.59	0,0 	0
945     	30.47, -14.21, -7.67 	-0.21, 0.38, -6.67 	-6.43, 7.66 	13,23,0,386		1.07,3.71	0,0 	0
953     	30.49, -14.17, -7.67 	-0.20, 0.38, -6.67 	-6.43, 7.66 	13,23,0,395		4.67,1.20	0,0 	0
962     	30.46, -14.22, -7.68 	-0.23, 0.37, -6.67 	-6.43, 7.66 	13,23,0,405		5.72,4.42	0,0 	0
971     	30.44, -14.19, -7.69 	-0.23, 0.38, -6.67 	-6.43, 7.66 	13,23,0,415		4.15,1.19	0,0 	0
979     	30.44, -14.20, -7.69 	-0.23, 0.36, -6.67 	-6.43, 7.66 	13,23,0,424		1.33,2.67	0,0 	0
988     	30.44, -14.20, -7.70 	-0.24, 0.36, -6.67 	-6.43, 7.66 	13,23,0,434		0.00,1.07	0,0 	0
997     	30.43, -14.19, -7.68 	-0.22, 0.36, -6.66 	-6.43, 7.66 	13,23,0,444		1.60,2.14	0,0 	0
1005    	30.43, -14.17, -7.68 	-0.26, 0.38, -6.66 	-6.43, 7.66 	13,23,0,453		1.33,5.54	1000,1 	0
1015    	30.44, -14.20, -7.67 	-0.26, 0.36, -6.66 	-6.43, 7.66 	13,23,0,464		2.34,2.14	1000,1 	0
1023    	30.45, -14.21, -7.67 	-0.25, 0.37, -6.66 	-6.43, 7.66 	13,23,0,473		1.79,1.78	1000,1 	0
1032    	30.46, -14.15, -7.68 	-0.25, 0.37, -6.66 	-6.43, 7.66 	13,23,0,483		6.02,0.00	1000,1 	0
1040    	30.46, -14.15, -7.68 	-0.24, 0.36, -6.65 	-6.43, 7.66 	13,23,0,492		0.00,1.81	1000,1 	0
1049    	30.45, -14.15, -7.71 	-0.24, 0.37, -6.65 	-6.43, 7.66 	13,23,0,502		1.07,1.19	1000,1 	0
1058    	30.47, -14.20, -7.68 	-0.27, 0.38, -6.66 	-6.43, 7.66 	13,23,0,512		5.20,3.44	1000,1 	0
1066    	30.46, -14.15, -7.69 	-0.27, 0.38, -6.66 	-6.43, 7.66 	13,23,0,521		5.46,0.00	1000,1 	0
1075    	30.46, -14.15, -7.69 	-0.27, 0.38, -6.65 	-6.43, 7.66 	13,23,0,531		0.00,0.00	1000,1 	0
1084    	30.46, -14.15, -7.69 	-0.26, 0.38, -6.64 	-6.43, 7.66 	13,23,0,541		0.00,1.07	1000,1 	0
1092    	30.47, -14.20, -7.67 	-0.29, 0.37, -6.64 	-6.43, 7.66 	13,23,0,550		5.46,3.83	1000,1 	0
1101    	30.47, -14.20, -7.67 	-0.28, 0.37, -6.64 	-6.43, 7.66 	13,23,0,560		0.00,1.07	1000,1 	0
1110    	30.47, -14.20, -7.67 	-0.29, 0.38, -6.64 	-6.43, 7.66 	13,23,0,570		0.00,1.61	1000,1 	0
1118    	30.43, -14.17, -7.67 	-0.30, 0.39, -6.65 	-6.43, 7.66 	13,23,0,579		5.50,1.81	1000,1 	0
1127    	30.47, -14.20, -7.67 	-0.30, 0.39, -6.64 	-6.43, 7.66 	13,23,0,589		4.89,0.00	1000,1 	0
1136    	30.50, -14.16, -7.67 	-0.30, 0.41, -6.65 	-6.43, 7.66 	13,23,0,599		4.79,2.38	1000,1 	0
1144    	30.50, -14.16, -7.67 	-0.33, 0.39, -6.65 	-6.43, 7.66 	13,23,0,608		0.00,4.46	1000,1 	0
1153    	30.50, -14.16, -7.67 	-0.34, 0.40, -6.65 	-6.43, 7.66 	13,23,0,618		0.00,1.61	1000,1 	0
1162    	30.47, -14.20, -7.67 	-0.33, 0.40, -6.65 	-6.43, 7.66 	13,23,0,628		4.79,1.07	1000,1 	0
1170    	30.47, -14.19, -7.67 	-0.33, 0.40, -6.65 	-6.43, 7.66 	13,23,0,637		1.33,0.00	1000,1 	0
1179    	30.47, -14.19, -7.67 	-0.35, 0.41, -6.64 	-6.43, 7.66 	13,23,0,647		0.00,2.46	1000,1 	0
1188    	30.43, -14.19, -7.67 	-0.34, 0.42, -6.64 	-6.43, 7.66 	13,23,0,657		4.28,1.59	1000,1 	0
1196    	30.46, -14.15, -7.67 	-0.34, 0.43, -6.65 	-6.43, 7.66 	13,23,0,666		5.39,1.34	1000,1 	0
1205    	30.46, -14.15, -7.67 	-0.35, 0.44, -6.65 	-6.43, 7.66 	13,23,0,676		0.00,1.61	1000,1 	0
1214    	30.46, -14.15, -7.67 	-0.35, 0.41, -6.65 	-6.43, 7.66 	13,23,0,686		0.00,3.56	1000,1 	0
1223    	30.46, -14.15, -7.67 	-0.36, 0.41, -6.65 	-6.43, 7.66 	13,23,0,696		0.00,1.07	1000,1 	0
1231    	30.50, -14.16, -7.67 	-0.36, 0.41, -6.65 	-6.43, 7.66 	13,23,0,705		5.00,0.00	1000,1 	0
1240    	30.53, -14.13, -7.68 	-0.36, 0.41, -6.65 	-6.43, 7.66 	13,23,0,715		4.79,0.00	1000,1 	0
1249    	30.53, -14.16, -7.66 	-0.36, 0.42, -6.67 	-6.43, 7.66 	13,23,0,725		3.71,1.19	1000,1 	0
1257    	30.52, -14.19, -7.66 	-0.36, 0.40, -6.65 	-6.43, 7.66 	13,23,0,734		3.59,2.67	1000,1 	0
1266    	30.52, -14.20, -7.66 	-0.36, 0.40, -6.65 	-6.43, 7.66 	13,23,0,744		1.18,0.00	1000,1 	0
1275    	30.47, -14.19, -7.66 	-0.36, 0.40, -6.65 	-6.43, 7.66 	13,23,0,754		5.48,0.00	1000,1 	0
1283    	30.46, -14.19, -7.64 	-0.35, 0.41, -6.65 	-6.43, 7.66 	13,23,0,763		1.20,1.78	1000,1 	0
1292    	30.45, -14.14, -7.66 	-0.35, 0.42, -6.66 	-6.43, 7.66 	13,23,0,773		4.85,1.19	1000,1 	0
1301    	30.46, -14.15, -7.67 	-0.36, 0.42, -6.66 	-6.43, 7.66 	13,23,0,783		1.60,1.07	1000,1 	0
1309    	30.47, -14.12, -7.70 	-0.36, 0.42, -6.66 	-6.43, 7.66 	13,23,0,792		4.17,0.00	1000,1 	0
1318    	30.46, -14.12, -7.68 	-0.35, 0.42, -6.65 	-6.43, 7.66 	13,23,0,802		1.07,1.07	1000,1 	0
1327    	30.50, -14.12, -7.69 	-0.34, 0.42, -6.67 	-6.43, 7.66 	13,23,0,812		4.28,1.07	1000,1 	0
1335    	30.53, -14.10, -7.69 	-0.35, 0.41, -6.66 	-6.43, 7.66 	13,23,0,821		5.51,1.78	1000,1 	0
1344    	30.51, -14.12, -7.67 	-0.35, 0.42, -6.66 	-6.43, 7.66 	13,23,0,831		3.99,1.19	1000,1 	0
1353    	30.48, -14.15, -7.67 	-0.34, 0.42, -6.66 	-6.43, 7.66 	13,23,0,841		4.79,1.07	1000,1 	0
1361    	30.47, -14.15, -7.67 	-0.34, 0.42, -6.65 	-6.43, 7.66 	13,23,0,850		1.20,0.00	1000,1 	0
1370    	30.46, -14.12, -7.69 	-0.34, 0.42, -6.65 	-6.43, 7.66 	13,23,0,860		3.71,0.00	1000,1 	0
1379    	30.45, -14.12, -7.68 	-0.34, 0.42, -6.65 	-6.43, 7.66 	13,23,0,870		1.07,0.00	1000,1 	0
1387    	30.48, -14.14, -7.66 	-0.34, 0.43, -6.66 	-6.43, 7.66 	13,23,0,879		4.49,1.34	1000,1 	0
1397    	30.48, -14.14, -7.68 	-0.34, 0.43, -6.67 	-6.43, 7.66 	13,23,0,890		0.00,0.00	1000,1 	0
1405    	30.48, -14.14, -7.68 	-0.34, 0.43, -6.66 	-6.43, 7.66 	13,23,0,899		0.00,0.00	1000,1 	0
1414    	30.48, -14.14, -7.66 	-0.34, 0.43, -6.66 	-6.43, 7.66 	13,23,0,909		0.00,0.00	1000,1 	0
1422    	30.47, -14.14, -7.66 	-0.30, 0.46, -6.68 	-6.43, 7.66 	13,23,0,918		1.20,6.22	1000,1 	0
1431    	30.41, -14.21, -7.66 	-0.31, 0.45, -6.67 	-6.43, 7.66 	13,23,0,928		9.58,1.59	1000,1 	0
1440    	30.41, -14.21, -7.66 	-0.35, 0.45, -6.67 	-6.43, 7.66 	13,23,0,938		0.00,4.28	1000,1 	0
1448    	30.40, -14.20, -7.66 	-0.35, 0.44, -6.67 	-6.43, 7.66 	13,23,0,947		1.79,1.34	1000,1 	0
1457    	30.43, -14.16, -7.66 	-0.35, 0.43, -6.67 	-6.43, 7.66 	13,23,0,957		4.79,1.19	1000,1 	0
1466    	30.44, -14.17, -7.66 	-0.35, 0.43, -6.67 	-6.43, 7.66 	13,23,0,967		1.60,0.00	1000,1 	0
1474    	30.43, -14.17, -7.66 	-0.35, 0.43, -6.67 	-6.43, 7.66 	13,23,0,976		1.20,0.00	1000,1 	0
1483    	30.45, -14.22, -7.65 	-0.35, 0.43, -6.67 	-6.43, 7.66 	13,23,0,986		5.20,0.00	1000,1 	0
1492    	30.43, -14.25, -7.66 	-0.36, 0.44, -6.68 	-6.43, 7.66 	13,23,0,996		4.15,1.61	1000,1 	0
1500    	30.42, -14.25, -7.66 	-0.36, 0.44, -6.68 	-6.43, 7.66 	13,23,1,5		1.20,0.00	1000,1 	0
1509    	30.43, -14.27, -7.67 	-0.36, 0.44, -6.68 	-6.43, 7.66 	13,23,1,15		2.60,0.00	1000,1 	0
1518    	30.42, -14.27, -7.66 	-0.32, 0.44, -6.68 	-6.43, 7.66 	13,23,1,25		1.07,4.28	1000,1 	0
1526    	30.42, -14.27, -7.66 	-0.32, 0.44, -6.68 	-6.43, 7.66 	13,23,1,34		0.00,0.00	1000,1 	0
1535    	30.42, -14.27, -7.67 	-0.36, 0.44, -6.68 	-6.43, 7.66 	13,23,1,44		0.00,4.28	1000,1 	0
1544    	30.43, -14.27, -7.67 	-0.36, 0.44, -6.68 	-6.43, 7.66 	13,23,1,54		1.07,0.00	1000,1 	0
1552    	30.38, -14.27, -7.67 	-0.36, 0.45, -6.68 	-6.43, 7.66 	13,23,1,63		6.02,1.34	1000,1 	0
1561    	30.39, -14.28, -7.66 	-0.37, 0.44, -6.68 	-6.43, 7.66 	13,23,1,73		1.60,1.59	1000,1 	0
1570    	30.39, -14.28, -7.66 	-0.37, 0.45, -6.68 	-6.43, 7.66 	13,23,1,83		0.00,1.19	1000,1 	0
1579    	30.42, -14.25, -7.66 	-0.37, 0.45, -6.67 	-6.43, 7.66 	13,23,1,93		4.79,0.00	1000,1 	0
1588    	30.41, -14.22, -7.67 	-0.35, 0.45, -6.67 	-6.43, 7.66 	13,23,1,103		3.71,2.14	1000,1 	0
1596    	30.40, -14.22, -7.70 	-0.35, 0.45, -6.67 	-6.43, 7.66 	13,23,1,112		1.20,0.00	1000,1 	0
1605    	30.40, -14.22, -7.70 	-0.38, 0.44, -6.67 	-6.43, 7.66 	13,23,1,122		0.00,3.40	1000,1 	0
1613    	30.37, -14.28, -7.69 	-0.39, 0.45, -6.67 	-6.43, 7.66 	13,23,1,131		8.77,1.81	1000,1 	0
1622    	30.37, -14.29, -7.69 	-0.38, 0.45, -6.66 	-6.43, 7.66 	13,23,1,141		1.18,1.07	1000,1 	0
1631    	30.33, -14.30, -7.68 	-0.37, 0.45, -6.66 	-6.43, 7.66 	13,23,1,151		4.44,1.07	1000,1 	0
1639    	30.37, -14.28, -7.66 	-0.40, 0.47, -6.67 	-6.43, 7.66 	13,23,1,160		5.51,3.87	1000,1 	0
1648    	30.31, -14.25, -7.67 	-0.39, 0.47, -6.66 	-6.43, 7.66 	13,23,1,170		7.34,1.07	1000,1 	0
1657    	30.31, -14.24, -7.67 	-0.39, 0.45, -6.66 	-6.43, 7.66 	13,23,1,180		1.18,1.19	1000,1 	0
1665    	30.34, -14.23, -7.69 	-0.41, 0.47, -6.67 	-6.43, 7.66 	13,23,1,189		3.85,2.77	1000,1 	0
1674    	30.40, -14.21, -7.67 	-0.41, 0.45, -6.67 	-6.43, 7.66 	13,23,1,199		6.85,1.19	1000,1 	0
1683    	30.38, -14.19, -7.69 	-0.41, 0.49, -6.66 	-6.43, 7.66 	13,23,1,209		3.19,3.56	1000,1 	0
1691    	30.39, -14.20, -7.69 	-0.44, 0.49, -6.66 	-6.43, 7.66 	13,23,1,218		1.79,3.61	1000,1 	0
1700    	30.38, -14.16, -7.70 	-0.44, 0.49, -6.68 	-6.43, 7.66 	13,23,1,228		3.71,0.00	1000,1 	0
1709    	30.40, -14.19, -7.69 	-0.43, 0.47, -6.66 	-6.43, 7.66 	13,23,1,238		3.19,2.62	1000,1 	0
1717    	30.39, -14.13, -7.68 	-0.44, 0.48, -6.67 	-6.43, 7.66 	13,23,1,247		6.77,1.81	1000,1 	0
1726    	30.33, -14.10, -7.70 	-0.48, 0.47, -6.67 	-6.43, 7.66 	13,23,1,257		7.34,5.46	1000,1 	0
1735    	30.33, -14.12, -7.68 	-0.49, 0.48, -6.66 	-6.43, 7.66 	13,23,1,267		2.37,1.61	1000,1 	0
1743    	30.27, -14.13, -7.68 	-0.55, 0.50, -6.66 	-6.43, 7.66 	13,23,1,276		7.35,7.73	1000,1 	0
1752    	30.29, -14.09, -7.69 	-0.56, 0.51, -6.66 	-6.43, 7.66 	13,23,1,286		5.20,1.61	1000,1 	0
1761    	30.29, -14.04, -7.70 	-0.58, 0.49, -6.66 	-6.43, 7.66 	13,23,1,296		5.92,3.17	1000,1 	0
1770    	30.27, -14.00, -7.75 	-0.60, 0.52, -6.67 	-6.43, 7.66 	13,23,1,306		4.15,4.18	1000,1 	0
1779    	30.25, -14.02, -7.73 	-0.62, 0.53, -6.67 	-6.43, 7.66 	13,23,1,316		3.42,2.46	1000,1 	0
1787    	30.22, -14.03, -7.75 	-0.63, 0.52, -6.66 	-6.43, 7.66 	13,23,1,325		3.85,1.78	1000,1 	0
1796    	30.22, -13.93, -7.76 	-0.68, 0.54, -6.67 	-6.43, 7.66 	13,23,1,335		10.65,5.88	1000,1 	0
1804    	30.18, -13.92, -7.77 	-0.74, 0.53, -6.66 	-6.43, 7.66 	13,23,1,344		5.00,7.32	1000,1 	0
1813    	30.09, -13.79, -7.81 	-0.73, 0.56, -6.68 	-6.43, 7.66 	13,23,1,354		17.16,3.71	1000,1 	0
1822    	30.01, -13.80, -7.80 	-0.77, 0.61, -6.68 	-6.43, 7.66 	13,23,1,364		9.71,7.21	1000,1 	0
1830    	29.93, -13.79, -7.84 	-0.84, 0.61, -6.69 	-6.43, 7.66 	13,23,1,373		9.72,8.42	1000,1 	0
1839    	29.76, -13.71, -7.84 	-0.87, 0.64, -6.68 	-6.43, 7.66 	13,23,1,383		20.51,4.83	1000,1 	0
1848    	29.70, -13.60, -7.94 	-0.90, 0.65, -6.71 	-6.43, 7.66 	13,23,1,393		14.01,3.44	1000,1 	0
1856    	29.64, -13.47, -7.97 	-0.93, 0.70, -6.71 	-6.43, 7.66 	13,23,1,402		17.53,7.64	1000,1 	0
1865    	29.62, -13.28, -8.03 	-0.97, 0.73, -6.74 	-6.43, 7.66 	13,23,1,412		21.41,4.92	1000,1 	0
1874    	29.61, -13.25, -8.03 	-0.93, 0.78, -6.77 	-6.43, 7.66 	13,23,1,422		3.71,7.27	1000,1 	0
1882    	29.51, -13.15, -8.03 	-0.96, 0.80, -6.76 	-6.43, 7.66 	13,23,1,431		17.86,4.52	1000,1 	0
1891    	29.42, -13.13, -8.05 	-1.03, 0.84, -6.76 	-6.43, 7.66 	13,23,1,441		9.92,8.93	1000,1 	0
1900    	29.30, -13.13, -8.06 	-1.12, 0.86, -6.75 	-6.43, 7.66 	13,23,1,451		12.84,10.78	1000,1 	0
1908    	29.14, -13.13, -8.09 	-1.17, 0.91, -6.76 	-6.43, 7.66 	13,23,1,460		20.47,9.06	1000,1 	0
1917    	29.02, -13.03, -8.14 	-1.25, 0.96, -6.77 	-6.43, 7.66 	13,23,1,470		16.68,10.49	1000,1 	0
1927    	28.94, -12.91, -8.21 	-1.31, 1.02, -6.82 	-6.43, 7.66 	13,23,1,480		15.44,7.93	1000,1 	0
1935    	28.79, -12.77, -8.27 	-1.34, 1.06, -6.86 	-6.43, 7.66 	13,23,1,489		25.01,6.50	1000,1 	0
1944    	28.74, -12.64, -8.34 	-1.42, 1.10, -6.89 	-6.43, 7.66 	13,23,1,499		15.18,10.80	1000,1 	0
1953    	28.81, -12.46, -8.42 	-1.44, 1.13, -6.93 	-6.43, 7.66 	13,23,1,509		21.48,3.22	1000,1 	0
1962    	28.81, -12.25, -8.47 	-1.47, 1.13, -6.97 	-6.43, 7.66 	13,23,1,519		23.68,3.21	1000,1 	0
1971    	28.77, -12.23, -8.46 	-1.58, 1.16, -7.01 	-6.43, 7.66 	13,23,1,529		4.44,12.34	1000,1 	0
1979    	28.72, -12.26, -8.45 	-1.67, 1.17, -7.05 	-6.43, 7.66 	13,23,1,538		7.70,12.12	1000,1 	0
1988    	28.75, -12.21, -8.50 	-1.73, 1.16, -7.08 	-6.43, 7.66 	13,23,1,548		5.72,6.51	1000,1 	0
1996    	28.67, -12.19, -8.50 	-1.84, 1.16, -7.12 	-6.43, 7.66 	13,23,1,557		9.99,13.23	1000,1 	0
2005    	28.58, -12.21, -8.49 	-1.94, 1.16, -7.16 	-6.43, 7.66 	13,23,1,567		9.92,11.76	1000,1 	0
2014    	28.43, -12.17, -8.53 	-2.06, 1.21, -7.22 	-6.43, 7.66 	13,23,1,577		17.77,13.75	1000,1 	0
2022    	28.36, -12.07, -8.61 	-2.17, 1.26, -7.30 	-6.43, 7.66 	13,23,1,586		14.65,16.00	1000,1 	0
2031    	28.35, -11.98, -8.65 	-2.18, 1.36, -7.38 	-6.43, 7.66 	13,23,1,596		10.71,10.69	1000,1 	0
2040    	28.18, -11.81, -8.71 	-2.18, 1.39, -7.44 	-6.43, 7.66 	13,23,1,606		27.01,3.74	1000,1 	0
2048    	28.15, -11.60, -8.77 	-2.21, 1.38, -7.46 	-6.43, 7.66 	13,23,1,615		26.88,3.83	1000,1 	0
2057    	28.04, -11.39, -8.82 	-2.27, 1.40, -7.51 	-6.43, 7.66 	13,23,1,625		25.38,6.88	1000,1 	0
2066    	27.95, -11.21, -8.91 	-2.29, 1.41, -7.54 	-6.43, 7.66 	13,23,1,635		22.79,2.46	1000,1 	0
2074    	27.79, -11.07, -8.97 	-2.36, 1.44, -7.57 	-6.43, 7.66 	13,23,1,644		25.89,9.38	1000,1 	0
2083    	27.65, -11.01, -8.97 	-2.47, 1.49, -7.61 	-6.43, 7.66 	13,23,1,654		17.55,13.75	1000,1 	0
2092    	27.39, -10.91, -9.07 	-2.62, 1.50, -7.64 	-6.43, 7.66 	13,23,1,664		30.80,16.10	1000,1 	0
2100    	27.21, -10.66, -9.12 	-2.79, 1.54, -7.70 	-6.43, 7.66 	13,23,1,673		39.30,22.38	1000,1 	0
2109    	27.07, -10.38, -9.14 	-2.99, 1.60, -7.75 	-6.43, 7.66 	13,23,1,683		34.22,22.28	1000,1 	0
2118    	26.82, -10.13, -9.18 	-3.21, 1.63, -7.79 	-6.43, 7.66 	13,23,1,693		38.92,24.91	1000,1 	0
2126    	26.61, -9.99, -9.18 	-3.48, 1.72, -7.87 	-6.43, 7.66 	13,23,1,702		32.39,35.49	1000,1 	0
2135    	26.48, -9.78, -9.21 	-3.83, 1.82, -7.96 	-6.43, 7.66 	13,23,1,712		26.44,41.14	1000,1 	0
2144    	26.45, -9.47, -9.25 	-4.18, 1.89, -8.05 	-6.43, 7.66 	13,23,1,722		34.59,39.26	1000,1 	0
2153    	26.40, -9.25, -9.26 	-4.43, 1.98, -8.16 	-6.43, 7.66 	13,23,1,732		25.43,29.94	1000,1 	0
2161    	26.27, -9.09, -9.27 	-4.64, 2.09, -8.27 	-6.43, 7.66 	13,23,1,741		25.37,29.83	1000,1 	0
2170    	26.17, -8.94, -9.26 	-4.94, 2.25, -8.37 	-6.43, 7.66 	13,23,1,751		20.32,37.31	1000,1 	0
2179    	26.04, -8.74, -9.29 	-5.16, 2.33, -8.42 	-6.43, 7.66 	13,23,1,761		26.44,26.50	1000,1 	0
2188    	25.86, -8.63, -9.33 	-5.36, 2.30, -8.43 	-6.43, 7.66 	13,23,1,771		23.53,21.63	1000,1 	0
2196    	25.60, -8.61, -9.33 	-5.51, 2.35, -8.45 	-6.43, 7.66 	13,23,1,780		32.62,20.05	1000,1 	0
2205    	25.41, -8.51, -9.33 	-5.67, 2.43, -8.49 	-6.43, 7.66 	13,23,1,790		23.91,19.70	1000,1 	0
2213    	25.16, -8.44, -9.33 	-5.84, 2.56, -8.57 	-6.43, 7.66 	13,23,1,799		32.66,27.14	1000,1 	0
2222    	25.16, -8.13, -9.38 	-5.90, 2.65, -8.66 	-6.43, 7.66 	13,23,1,808		34.33,11.55	1000,1 	0
2231    	25.13, -7.92, -9.36 	-6.04, 2.74, -8.69 	-6.43, 7.66 	13,23,1,818		23.89,18.77	1000,1 	0
2239    	25.06, -7.84, -9.31 	-6.27, 2.79, -8.70 	-6.43, 7.66 	13,23,1,828		12.56,28.56	1000,1 	0
2248    	24.94, -7.84, -9.28 	-6.46, 2.85, -8.72 	-6.43, 7.66 	13,23,1,837		13.92,22.28	1000,1 	0
2257    	24.93, -7.78, -9.25 	-6.63, 2.90, -8.72 	-6.43, 7.66 	13,23,1,847		7.18,20.23	1000,1 	0
2265    	24.81, -7.80, -9.19 	-6.77, 2.98, -8.73 	-6.43, 7.66 	13,23,1,856		14.70,19.39	1000,1 	0
2274    	24.69, -7.83, -9.16 	-6.88, 3.08, -8.75 	-6.43, 7.66 	13,23,1,866		14.36,17.62	1000,1 	0
2283    	24.52, -7.83, -9.16 	-7.03, 3.21, -8.76 	-6.43, 7.66 	13,23,1,876		18.20,21.62	1000,1 	0
2291    	24.47, -7.77, -9.17 	-7.12, 3.36, -8.79 	-6.43, 7.66 	13,23,1,885		10.00,21.76	1000,1 	0
2300    	24.45, -7.69, -9.17 	-7.17, 3.49, -8.80 	-6.43, 7.66 	13,23,1,895		8.56,15.72	1000,1 	0
2309    	24.42, -7.63, -9.16 	-7.23, 3.59, -8.78 	-6.43, 7.66 	13,23,1,906		8.29,12.55	1000,1 	0
2317    	24.42, -7.63, -9.18 	-7.27, 3.71, -8.75 	-6.43, 7.66 	13,23,1,915		0.00,15.54	1000,1 	0
2326    	24.43, -7.65, -9.15 	-7.32, 3.85, -8.70 	-6.43, 7.66 	13,23,1,924		2.60,16.42	1000,1 	0
2335    	24.40, -7.66, -9.14 	-7.28, 3.89, -8.63 	-6.43, 7.66 	13,23,1,934		3.42,6.34	1000,1 	0
2344    	24.44, -7.63, -9.13 	-7.27, 4.02, -8.57 	-6.43, 7.66 	13,23,1,944		6.43,14.28	1000,1 	0
2352    	24.44, -7.66, -9.13 	-7.23, 4.13, -8.49 	-6.43, 7.66 	13,23,1,953		4.17,15.80	1000,1 	0
2361    	24.44, -7.66, -9.11 	-7.13, 4.27, -8.41 	-6.43, 7.66 	13,23,1,963		1.07,18.65	1000,1 	0
2370    	24.44, -7.67, -9.11 	-6.96, 4.46, -8.26 	-6.43, 7.66 	13,23,1,973		1.18,28.55	1000,1 	0
2379    	24.44, -7.66, -9.13 	-6.72, 4.65, -8.06 	-6.43, 7.66 	13,23,1,983		1.18,33.98	1000,1 	0
2387    	24.41, -7.66, -9.12 	-6.31, 4.90, -7.80 	-6.43, 7.66 	13,23,1,992		4.82,59.77	1000,1 	0
2396    	24.44, -7.67, -9.11 	-5.96, 5.18, -7.59 	-6.43, 7.66 	13,23,2,2		3.42,49.73	1000,1 	0
2404    	24.43, -7.66, -9.13 	-5.72, 5.35, -7.52 	-6.43, 7.66 	13,23,2,11		1.79,37.62	1000,1 	0
2413    	24.47, -7.68, -9.12 	-5.52, 5.49, -7.47 	-6.43, 7.66 	13,23,2,21		5.85,26.19	1000,1 	0
2422    	24.47, -7.68, -9.12 	-5.33, 5.65, -7.40 	-6.43, 7.66 	13,23,2,31		0.00,27.63	1000,1 	0
2430    	24.51, -7.68, -9.10 	-5.26, 5.79, -7.32 	-6.43, 7.66 	13,23,2,40		4.82,19.73	1000,1 	0
2439    	24.57, -7.77, -9.09 	-5.20, 5.85, -7.24 	-6.43, 7.66 	13,23,2,50		11.44,9.52	1000,1 	0
2448    	24.64, -7.79, -9.07 	-5.21, 5.93, -7.16 	-6.43, 7.66 	13,23,2,60		7.86,8.40	1000,1 	0
2456    	24.69, -7.80, -9.04 	-5.13, 6.00, -7.08 	-6.43, 7.66 	13,23,2,69		6.17,13.32	1000,1 	0
2465    	24.77, -7.85, -9.01 	-5.06, 6.12, -7.04 	-6.43, 7.66 	13,23,2,79		11.30,15.51	1000,1 	0
2474    	24.79, -7.80, -9.05 	-5.00, 6.20, -7.00 	-6.43, 7.66 	13,23,2,89		6.30,11.39	1000,1 	0
2482    	24.88, -7.78, -9.06 	-4.94, 6.27, -6.98 	-6.43, 7.66 	13,23,2,98		11.16,10.71	1000,1 	0
2491    	24.93, -7.76, -9.05 	-4.90, 6.39, -6.98 	-6.43, 7.66 	13,23,2,108		5.85,14.82	1000,1 	0
2500    	25.05, -7.75, -9.06 	-4.82, 6.51, -7.01 	-6.43, 7.66 	13,23,2,118		13.97,16.11	1000,1 	0
2509    	25.08, -7.77, -9.06 	-4.76, 6.58, -7.02 	-6.43, 7.66 	13,23,2,128		3.99,10.43	1000,1 	0
2517    	25.14, -7.79, -9.05 	-4.75, 6.69, -7.04 	-6.43, 7.66 	13,23,2,137		7.70,13.40	1000,1 	0
2526    	25.15, -7.78, -9.04 	-4.78, 6.76, -7.05 	-6.43, 7.66 	13,23,2,147		1.60,7.86	1000,1 	0
2535    	25.18, -7.79, -9.05 	-4.79, 6.78, -7.05 	-6.43, 7.66 	13,23,2,157		3.42,2.62	1000,1 	0
2543    	25.17, -7.79, -9.04 	-4.83, 6.85, -7.06 	-6.43, 7.66 	13,23,2,166		1.20,10.58	1000,1 	0
2552    	25.14, -7.79, -9.02 	-4.84, 6.91, -7.06 	-6.43, 7.66 	13,23,2,176		3.21,6.05	1000,1 	0
2561    	25.13, -7.78, -9.02 	-4.90, 6.98, -7.07 	-6.43, 7.66 	13,23,2,186		1.60,10.58	1000,1 	0
2569    	25.16, -7.78, -9.01 	-4.97, 7.09, -7.07 	-6.43, 7.66 	13,23,2,195		3.61,15.90	1000,1 	0
2578    	25.15, -7.78, -9.02 	-5.01, 7.20, -7.08 	-6.43, 7.66 	13,23,2,205		1.07,12.69	1000,1 	0
2587    	25.11, -7.79, -9.02 	-5.07, 7.29, -7.08 	-6.43, 7.66 	13,23,2,215		4.44,13.14	1000,1 	0
2595    	25.13, -7.78, -9.03 	-5.14, 7.38, -7.08 	-6.43, 7.66 	13,23,2,224		2.75,13.71	1000,1 	0
2604    	25.13, -7.78, -9.03 	-5.16, 7.45, -7.08 	-6.43, 7.66 	13,23,2,234		0.00,8.62	1000,1 	0
2613    	25.11, -7.75, -9.02 	-5.23, 7.53, -7.09 	-6.43, 7.66 	13,23,2,244		4.15,11.27	1000,1 	0
2621    	25.11, -7.74, -9.01 	-5.27, 7.55, -7.08 	-6.43, 7.66 	13,23,2,253		1.33,5.54	1000,1 	0
2630    	25.13, -7.73, -9.00 	-5.31, 7.56, -7.07 	-6.43, 7.66 	13,23,2,263		2.45,4.46	1000,1 	0
2639    	25.12, -7.70, -9.00 	-5.35, 7.62, -7.06 	-6.43, 7.66 	13,23,2,273		2.60,7.37	1000,1 	0
2647    	25.10, -7.68, -9.01 	-5.38, 7.64, -7.06 	-6.43, 7.66 	13,23,2,282		3.59,5.54	1000,1 	0
2656    	25.08, -7.69, -9.01 	-5.38, 7.65, -7.05 	-6.43, 7.66 	13,23,2,292		2.45,1.19	1000,1 	0
2665    	25.04, -7.69, -9.02 	-5.41, 7.65, -7.05 	-6.43, 7.66 	13,23,2,302		4.28,3.21	1000,1 	0
2673    	25.06, -7.66, -9.02 	-5.43, 7.67, -7.05 	-6.43, 7.66 	13,23,2,311		4.67,3.62	1000,1 	0
2682    	25.03, -7.68, -9.03 	-5.40, 7.67, -7.04 	-6.43, 7.66 	13,23,2,321		3.99,3.21	1000,1 	0
2691    	25.11, -7.66, -9.01 	-5.41, 7.69, -7.04 	-6.43, 7.66 	13,23,2,331		8.89,2.62	1000,1 	0
2700    	25.09, -7.67, -9.01 	-5.42, 7.70, -7.04 	-6.43, 7.66 	13,23,2,341		2.45,1.61	1000,1 	0
2708    	25.07, -7.65, -9.02 	-5.41, 7.68, -7.03 	-6.43, 7.66 	13,23,2,350		3.59,2.95	1000,1 	0
2717    	25.09, -7.64, -9.02 	-5.40, 7.70, -7.01 	-6.43, 7.66 	13,23,2,360		2.45,2.59	1000,1 	0
2726    	25.09, -7.65, -9.02 	-5.41, 7.71, -7.00 	-6.43, 7.66 	13,23,2,370		1.18,1.61	1000,1 	0
2734    	25.14, -7.61, -9.01 	-5.43, 7.74, -6.97 	-6.43, 7.66 	13,23,2,379		8.04,4.71	1000,1 	0
2743    	25.11, -7.64, -9.01 	-5.47, 7.79, -6.94 	-6.43, 7.66 	13,23,2,389		4.79,6.44	1000,1 	0
2752    	25.09, -7.61, -9.02 	-5.51, 7.83, -6.91 	-6.43, 7.66 	13,23,2,399		4.15,6.44	1000,1 	0
2761    	25.06, -7.64, -9.00 	-5.56, 7.87, -6.87 	-6.43, 7.66 	13,23,2,409		4.79,7.21	1000,1 	0
2769    	25.05, -7.60, -9.00 	-5.63, 7.97, -6.84 	-6.43, 7.66 	13,23,2,418		5.46,14.79	1000,1 	0
2778    	25.04, -7.61, -8.99 	-5.69, 8.05, -6.81 	-6.43, 7.66 	13,23,2,428		1.60,10.58	1000,1 	0
2786    	25.07, -7.59, -8.99 	-5.76, 8.12, -6.79 	-6.43, 7.66 	13,23,2,437		4.49,13.52	1000,1 	0
2795    	25.09, -7.58, -8.98 	-5.85, 8.21, -6.77 	-6.43, 7.66 	13,23,2,447		2.45,13.63	1000,1 	0
2804    	25.07, -7.60, -8.98 	-5.96, 8.28, -6.75 	-6.43, 7.66 	13,23,2,457		3.19,14.51	1000,1 	0
2812    	25.04, -7.61, -8.97 	-6.04, 8.29, -6.71 	-6.43, 7.66 	13,23,2,466		3.85,10.93	1000,1 	0
2821    	25.02, -7.60, -8.99 	-6.17, 8.35, -6.69 	-6.43, 7.66 	13,23,2,476		2.45,15.20	1000,1 	0
2830    	25.03, -7.58, -8.98 	-6.25, 8.38, -6.69 	-6.43, 7.66 	13,23,2,486		2.60,9.32	1000,1 	0
2838    	25.01, -7.56, -8.97 	-6.29, 8.44, -6.70 	-6.43, 7.66 	13,23,2,495		3.59,9.06	1000,1 	0
2847    	25.00, -7.50, -8.99 	-6.31, 8.49, -6.72 	-6.43, 7.66 	13,23,2,505		6.01,6.34	1000,1 	0
2856    	25.01, -7.46, -9.00 	-6.34, 8.52, -6.73 	-6.43, 7.66 	13,23,2,515		4.86,4.83	1000,1 	0
2864    	24.98, -7.44, -8.99 	-6.41, 8.55, -6.74 	-6.43, 7.66 	13,23,2,524		4.49,9.38	1000,1 	0
2873    	25.00, -7.36, -9.01 	-6.46, 8.58, -6.75 	-6.43, 7.66 	13,23,2,534		8.56,5.88	1000,1 	0
2882    	24.96, -7.35, -9.01 	-6.49, 8.59, -6.76 	-6.43, 7.66 	13,23,2,544		5.48,3.44	1000,1 	0
2890    	24.97, -7.37, -8.98 	-6.55, 8.62, -6.76 	-6.43, 7.66 	13,23,2,553		2.92,8.31	1000,1 	0
2899    	24.94, -7.35, -8.98 	-6.61, 8.61, -6.76 	-6.43, 7.66 	13,23,2,563		3.99,7.56	1000,1 	0
2908    	24.96, -7.32, -8.99 	-6.66, 8.63, -6.75 	-6.43, 7.66 	13,23,2,573		4.15,5.88	1000,1 	0
2917    	24.96, -7.30, -8.96 	-6.70, 8.66, -6.76 	-6.43, 7.66 	13,23,2,583		2.37,5.61	1000,1 	0
2925    	24.97, -7.32, -8.96 	-6.70, 8.67, -6.76 	-6.43, 7.66 	13,23,2,592		2.92,1.34	1000,1 	0
2934    	24.94, -7.33, -8.97 	-6.69, 8.67, -6.76 	-6.43, 7.66 	13,23,2,602		3.42,1.07	1000,1 	0
2943    	24.91, -7.36, -8.98 	-6.68, 8.67, -6.76 	-6.43, 7.66 	13,23,2,612		4.79,1.07	1000,1 	0
2951    	24.98, -7.33, -8.97 	-6.68, 8.70, -6.77 	-6.43, 7.66 	13,23,2,621		9.33,2.67	1000,1 	0
2960    	24.99, -7.32, -8.99 	-6.68, 8.70, -6.77 	-6.43, 7.66 	13,23,2,631		2.45,0.00	1000,1 	0
2969    	24.97, -7.32, -8.96 	-6.67, 8.68, -6.76 	-6.43, 7.66 	13,23,2,641		3.21,1.61	1000,1 	0
2977    	24.94, -7.33, -8.97 	-6.67, 8.68, -6.76 	-6.43, 7.66 	13,23,2,650		3.85,0.00	1000,1 	0
2986    	24.96, -7.33, -8.96 	-6.68, 8.67, -6.76 	-6.43, 7.66 	13,23,2,660		2.14,1.59	1000,1 	0
2995    	24.96, -7.33, -8.96 	-6.72, 8.69, -6.75 	-6.43, 7.66 	13,23,2,670		0.00,4.46	1000,1 	0
3003    	24.92, -7.36, -8.96 	-6.71, 8.68, -6.75 	-6.43, 7.66 	13,23,2,679		6.26,1.20	1000,1 	0
3012    	24.89, -7.37, -8.96 	-6.72, 8.67, -6.75 	-6.43, 7.66 	13,23,2,689		3.42,1.59	1000,1 	0
3021    	24.89, -7.38, -8.96 	-6.72, 8.67, -6.74 	-6.43, 7.66 	13,23,2,699		1.18,0.00	1000,1 	0
3029    	24.89, -7.36, -8.96 	-6.72, 8.69, -6.75 	-6.43, 7.66 	13,23,2,708		2.66,1.34	1000,1 	0
3038    	24.89, -7.36, -8.96 	-6.71, 8.68, -6.76 	-6.43, 7.66 	13,23,2,718		0.00,1.07	1000,1 	0
3047    	24.89, -7.36, -8.95 	-6.74, 8.67, -6.75 	-6.43, 7.66 	13,23,2,728		0.00,3.40	1000,1 	0
3055    	24.90, -7.35, -8.96 	-6.75, 8.67, -6.75 	-6.43, 7.66 	13,23,2,737		1.80,1.20	1000,1 	0
3064    	24.91, -7.34, -8.96 	-6.75, 8.67, -6.75 	-6.43, 7.66 	13,23,2,747		1.60,0.00	1000,1 	0
3073    	24.93, -7.35, -8.96 	-6.75, 8.69, -6.75 	-6.43, 7.66 	13,23,2,757		2.45,1.19	1000,1 	0
3082    	24.91, -7.36, -8.96 	-6.75, 8.67, -6.75 	-6.43, 7.66 	13,23,2,767		2.45,1.19	1000,1 	0
3091    	24.92, -7.40, -8.96 	-6.76, 8.67, -6.74 	0.00, -0.00 	13,23,2,786		4.17,1.20	1000,1 	0
3100    	24.93, -7.37, -8.98 	-6.78, 8.66, -6.74 	0.00, -0.00 	13,23,2,796		3.90,3.65	1000,1 	0
3108    	24.93, -7.41, -8.97 	-6.80, 8.66, -6.74 	0.00, -0.00 	13,23,2,805		6.39,3.85	1000,1 	0
3117    	24.92, -7.38, -8.99 	-6.80, 8.66, -6.73 	0.00, -0.00 	13,23,2,815		3.90,0.00	1000,1 	0
3126    	24.90, -7.41, -8.97 	-6.77, 8.66, -6.75 	0.00, -0.00 	13,23,2,825		4.79,4.81	1000,1 	0
3134    	24.92, -7.41, -8.96 	-6.78, 8.65, -6.74 	0.00, -0.00 	13,23,2,834		3.85,2.86	1000,1 	0
3143    	24.92, -7.41, -8.96 	-6.76, 8.65, -6.75 	0.00, -0.00 	13,23,2,844		0.00,3.21	1000,1 	0
3152    	24.91, -7.38, -8.96 	-6.75, 8.64, -6.73 	0.00, -0.00 	13,23,2,854		3.90,2.42	1000,1 	0
3160    	24.91, -7.38, -8.96 	-6.74, 8.66, -6.74 	0.00, -0.00 	13,23,2,863		0.00,4.66	1000,1 	0
3169    	24.92, -7.38, -8.96 	-6.72, 8.64, -6.73 	0.00, -0.00 	13,23,2,873		1.61,4.83	1000,1 	0
3178    	24.89, -7.40, -8.95 	-6.75, 8.65, -6.73 	0.00, -0.00 	13,23,2,883		5.13,5.16	1000,1 	0
3186    	24.93, -7.38, -8.95 	-6.73, 8.64, -6.74 	0.00, -0.00 	13,23,2,892		8.00,4.43	1000,1 	0
3195    	24.96, -7.40, -8.93 	-6.76, 8.64, -6.72 	0.00, -0.00 	13,23,2,902		5.13,4.81	1000,1 	0
3204    	24.95, -7.37, -8.93 	-6.74, 8.63, -6.73 	0.00, -0.00 	13,23,2,912		3.90,3.69	1000,1 	0
3212    	24.92, -7.38, -8.93 	-6.74, 8.64, -6.74 	0.00, -0.00 	13,23,2,921		6.16,2.14	1000,1 	0
3221    	24.94, -7.40, -8.94 	-6.72, 8.64, -6.74 	0.00, -0.00 	13,23,2,931		3.67,3.21	1000,1 	0
3230    	24.96, -7.37, -8.95 	-6.71, 8.63, -6.74 	0.00, -0.00 	13,23,2,941		4.79,2.42	1000,1 	0
3239    	24.98, -7.37, -8.95 	-6.72, 8.61, -6.72 	0.00, -0.00 	13,23,2,951		3.85,4.66	1000,1 	0
3247    	24.98, -7.36, -8.94 	-6.68, 8.62, -6.73 	0.00, -0.00 	13,23,2,960		2.87,7.96	1000,1 	0
3256    	24.98, -7.41, -8.94 	-6.69, 8.62, -6.73 	0.00, -0.00 	13,23,2,970		6.24,1.37	1000,1 	0
3265    	24.98, -7.38, -8.95 	-6.70, 8.62, -6.73 	0.00, -0.00 	13,23,2,980		3.90,1.60	1000,1 	0
3273    	24.99, -7.41, -8.94 	-6.71, 8.63, -6.73 	0.00, -0.00 	13,23,2,989		4.68,2.90	1000,1 	0
3282    	25.00, -7.40, -8.94 	-6.71, 8.63, -6.73 	0.00, -0.00 	13,23,2,999		2.40,0.00	1000,1 	0
3291    	24.99, -7.37, -8.96 	-6.72, 8.62, -6.72 	0.00, -0.00 	13,23,3,9		3.90,2.38	1000,1 	0
3299    	24.99, -7.41, -8.93 	-6.71, 8.62, -6.72 	0.00, -0.00 	13,23,3,18		6.39,1.92	1000,1 	0
3308    	24.99, -7.40, -8.94 	-6.71, 8.63, -6.72 	0.00, -0.00 	13,23,3,28		1.78,1.78	1000,1 	0
3317    	25.01, -7.40, -8.95 	-6.69, 8.63, -6.73 	0.00, -0.00 	13,23,3,38		3.21,3.21	1000,1 	0
3326    	25.03, -7.41, -8.94 	-6.70, 8.63, -6.73 	0.00, -0.00 	13,23,3,48		4.40,1.92	1000,1 	0
3334    	25.02, -7.38, -8.94 	-6.69, 8.63, -6.73 	0.00, -0.00 	13,23,3,57		4.68,1.92	1000,1 	0
3343    	25.03, -7.40, -8.95 	-6.68, 8.64, -6.74 	0.00, -0.00 	13,23,3,67		2.39,2.38	1000,1 	0
3351    	25.07, -7.40, -8.94 	-6.67, 8.65, -6.74 	0.00, -0.00 	13,23,3,76		7.71,2.86	1000,1 	0
3360    	25.06, -7.39, -8.94 	-6.68, 8.65, -6.75 	0.00, -0.00 	13,23,3,86		2.39,1.60	1000,1 	0
3369    	25.06, -7.40, -8.93 	-6.70, 8.64, -6.75 	0.00, -0.00 	13,23,3,96		1.78,3.65	1000,1 	0
3377    	25.03, -7.40, -8.93 	-6.69, 8.65, -6.75 	0.00, -0.00 	13,23,3,105		5.78,2.86	1000,1 	0
3386    	25.05, -7.41, -8.94 	-6.70, 8.66, -6.75 	0.00, -0.00 	13,23,3,115		3.67,2.42	1000,1 	0
3395    	25.04, -7.38, -8.93 	-6.70, 8.65, -6.75 	0.00, -0.00 	13,23,3,125		3.90,1.78	1000,1 	0
3403    	25.05, -7.37, -8.93 	-6.72, 8.64, -6.74 	0.00, -0.00 	13,23,3,134		2.87,4.38	1000,1 	0
3412    	25.05, -7.38, -8.93 	-6.71, 8.62, -6.72 	0.00, -0.00 	13,23,3,144		1.78,3.93	1000,1 	0
3421    	25.07, -7.39, -8.94 	-6.71, 8.63, -6.72 	0.00, -0.00 	13,23,3,154		3.21,1.78	1000,1 	0
3430    	25.07, -7.36, -8.95 	-6.71, 8.62, -6.72 	0.00, -0.00 	13,23,3,164		4.26,2.14	1000,1 	0
3438    	25.10, -7.37, -8.95 	-6.72, 8.64, -6.73 	0.00, -0.00 	13,23,3,173		6.16,4.72	1000,1 	0
3447    	25.10, -7.37, -8.94 	-6.74, 8.63, -6.72 	0.00, -0.00 	13,23,3,183		0.00,3.13	1000,1 	0
3456    	25.12, -7.37, -8.93 	-6.72, 8.64, -6.73 	0.00, -0.00 	13,23,3,193		3.21,3.65	1000,1 	0
3464    	25.13, -7.37, -8.93 	-6.70, 8.63, -6.73 	0.00, -0.00 	13,23,3,202		1.93,4.43	1000,1 	0
3473    	25.11, -7.37, -8.95 	-6.72, 8.65, -6.73 	0.00, -0.00 	13,23,3,212		3.21,4.83	1000,1 	0
3482    	25.11, -7.37, -8.93 	-6.70, 8.65, -6.74 	0.00, -0.00 	13,23,3,222		0.00,3.21	1000,1 	0
3491    	25.15, -7.40, -8.93 	-6.70, 8.65, -6.73 	0.00, -0.00 	13,23,3,232		8.80,0.00	1000,1 	0
3499    	25.17, -7.39, -8.94 	-6.70, 8.65, -6.73 	0.00, -0.00 	13,23,3,241		4.40,0.00	1000,1 	0
3508    	25.19, -7.37, -8.95 	-6.72, 8.64, -6.73 	0.00, -0.00 	13,23,3,251		3.67,3.65	1000,1 	0
3517    	25.18, -7.36, -8.94 	-6.72, 8.64, -6.72 	0.00, -0.00 	13,23,3,261		2.87,0.00	1000,1 	0
3525    	25.18, -7.36, -8.94 	-6.72, 8.63, -6.73 	0.00, -0.00 	13,23,3,270		0.00,2.14	1000,1 	0
3534    	25.18, -7.36, -8.94 	-6.72, 8.62, -6.73 	0.00, -0.00 	13,23,3,280		0.00,1.78	1000,1 	0
3542    	25.21, -7.37, -8.94 	-6.72, 8.63, -6.72 	0.00, -0.00 	13,23,3,289		6.16,2.14	1000,1 	0
3551    	25.21, -7.39, -8.91 	-6.73, 8.61, -6.72 	0.00, -0.00 	13,23,3,299		1.78,3.89	1000,1 	0
3560    	25.22, -7.40, -8.92 	-6.71, 8.61, -6.72 	0.00, -0.00 	13,23,3,309		2.39,3.21	1000,1 	0
3568    	25.21, -7.39, -8.92 	-6.72, 8.61, -6.71 	0.00, -0.00 	13,23,3,318		2.87,1.92	1000,1 	0
3577    	25.21, -7.40, -8.94 	-6.71, 8.62, -6.72 	0.00, -0.00 	13,23,3,328		1.78,2.38	1000,1 	0
3586    	25.20, -7.40, -8.92 	-6.73, 8.63, -6.73 	0.00, -0.00 	13,23,3,338		1.61,3.69	1000,1 	0
3595    	25.22, -7.40, -8.92 	-6.72, 8.64, -6.73 	0.00, -0.00 	13,23,3,348		3.85,2.86	1000,1 	0
3603    	25.22, -7.40, -8.93 	-6.71, 8.63, -6.72 	0.00, -0.00 	13,23,3,357		0.00,2.90	1000,1 	0
3612    	25.24, -7.40, -8.93 	-6.72, 8.62, -6.73 	0.00, -0.00 	13,23,3,367		4.82,2.38	1000,1 	0
3621    	25.24, -7.39, -8.92 	-6.71, 8.61, -6.72 	0.00, -0.00 	13,23,3,377		2.39,2.42	1000,1 	0
3629    	25.24, -7.40, -8.91 	-6.72, 8.62, -6.72 	0.00, -0.00 	13,23,3,386		2.13,2.90	1000,1 	0
3638    	25.24, -7.43, -8.91 	-6.73, 8.63, -6.72 	0.00, -0.00 	13,23,3,396		4.57,2.07	1000,1 	0
3647    	25.26, -7.41, -8.91 	-6.71, 8.62, -6.73 	0.00, -0.00 	13,23,3,406		5.99,3.69	1000,1 	0
3655    	25.26, -7.40, -8.92 	-6.72, 8.63, -6.72 	0.00, -0.00 	13,23,3,415		1.78,2.42	1000,1 	0
3664    	25.21, -7.43, -8.91 	-6.73, 8.61, -6.71 	0.00, -0.00 	13,23,3,425		9.44,3.33	1000,1 	0
3673    	25.21, -7.42, -8.91 	-6.73, 8.62, -6.71 	0.00, -0.00 	13,23,3,435		1.78,1.78	1000,1 	0
3682    	25.23, -7.43, -8.91 	-6.72, 8.61, -6.72 	0.00, -0.00 	13,23,3,445		3.67,2.42	1000,1 	0
3690    	25.24, -7.45, -8.91 	-6.72, 8.62, -6.72 	0.00, -0.00 	13,23,3,454		3.90,1.78	1000,1 	0
3699    	25.26, -7.43, -8.89 	-6.72, 8.60, -6.73 	0.00, -0.00 	13,23,3,464		5.99,3.56	1000,1 	0
3707    	25.29, -7.43, -8.89 	-6.72, 8.61, -6.71 	0.00, -0.00 	13,23,3,473		4.82,1.78	1000,1 	0
3716    	25.31, -7.44, -8.89 	-6.72, 8.61, -6.71 	0.00, -0.00 	13,23,3,483		3.14,0.00	1000,1 	0
3725    	25.30, -7.44, -8.89 	-6.73, 8.61, -6.71 	0.00, -0.00 	13,23,3,493		1.61,1.60	1000,1 	0
3733    	25.32, -7.43, -8.89 	-6.72, 8.61, -6.71 	0.00, -0.00 	13,23,3,502		3.67,1.60	1000,1 	0
3742    	25.29, -7.41, -8.91 	-6.73, 8.61, -6.71 	0.00, -0.00 	13,23,3,512		5.13,1.37	1000,1 	0
3751    	25.29, -7.41, -8.89 	-6.73, 8.61, -6.71 	0.00, -0.00 	13,23,3,522		0.00,0.00	1000,1 	0
3759    	25.32, -7.42, -8.89 	-6.74, 8.60, -6.71 	0.00, -0.00 	13,23,3,531		5.13,2.38	1000,1 	0
3768    	25.34, -7.43, -8.88 	-6.71, 8.61, -6.72 	0.00, -0.00 	13,23,3,541		3.14,4.38	1000,1 	0
3777    	25.34, -7.43, -8.88 	-6.72, 8.61, -6.71 	0.00, -0.00 	13,23,3,551		0.00,1.60	1000,1 	0
3785    	25.35, -7.43, -8.88 	-6.71, 8.62, -6.71 	0.00, -0.00 	13,23,3,560		1.61,2.38	1000,1 	0
3794    	25.37, -7.42, -8.89 	-6.72, 8.61, -6.71 	0.00, -0.00 	13,23,3,570		3.15,2.04	1000,1 	0
3803    	25.37, -7.42, -8.89 	-6.73, 8.61, -6.71 	0.00, -0.00 	13,23,3,580		0.00,1.37	1000,1 	0
3812    	25.37, -7.43, -8.88 	-6.72, 8.60, -6.71 	0.00, -0.00 	13,23,3,590		1.78,2.42	1000,1 	0
3820    	25.38, -7.43, -8.88 	-6.72, 8.61, -6.72 	0.00, -0.00 	13,23,3,599		1.61,1.78	1000,1 	0
3829    	25.37, -7.41, -8.89 	-6.72, 8.62, -6.72 	0.00, -0.00 	13,23,3,609		3.34,1.53	1000,1 	0
3838    	25.37, -7.41, -8.89 	-6.71, 8.61, -6.71 	0.00, -0.00 	13,23,3,619		0.00,2.42	1000,1 	0
3846    	25.36, -7.40, -8.89 	-6.72, 8.60, -6.72 	0.00, -0.00 	13,23,3,628		2.39,2.38	1000,1 	0
3855    	25.36, -7.41, -8.89 	-6.72, 8.60, -6.72 	0.00, -0.00 	13,23,3,638		1.52,0.00	1000,1 	0
3864    	25.39, -7.39, -8.89 	-6.71, 8.60, -6.72 	0.00, -0.00 	13,23,3,648		5.99,1.60	1000,1 	0
3873    	25.36, -7.42, -8.88 	-6.72, 8.60, -6.72 	0.00, -0.00 	13,23,3,658		7.18,1.60	1000,1 	0
3881    	25.36, -7.42, -8.88 	-6.71, 8.61, -6.73 	0.00, -0.00 	13,23,3,667		0.00,2.38	1000,1 	0
3890    	25.36, -7.42, -8.88 	-6.71, 8.61, -6.73 	0.00, -0.00 	13,23,3,677		0.00,0.00	1000,1 	0
3898    	25.39, -7.40, -8.89 	-6.72, 8.61, -6.72 	0.00, -0.00 	13,23,3,686		5.99,1.60	1000,1 	0
3907    	25.39, -7.40, -8.89 	-6.72, 8.61, -6.72 	0.00, -0.00 	13,23,3,696		0.00,0.00	1000,1 	0
3916    	25.39, -7.43, -8.87 	-6.72, 8.61, -6.72 	0.00, -0.00 	13,23,3,706		5.33,0.00	1000,1 	0
3924    	25.39, -7.44, -8.88 	-6.73, 8.60, -6.72 	0.00, -0.00 	13,23,3,715		1.78,2.38	1000,1 	0
3933    	25.40, -7.43, -8.85 	-6.71, 8.61, -6.72 	0.00, -0.00 	13,23,3,725		2.05,3.13	1000,1 	0
3942    	25.42, -7.44, -8.86 	-6.71, 8.59, -6.72 	0.00, -0.00 	13,23,3,735		3.67,3.56	1000,1 	0
3950    	25.43, -7.46, -8.86 	-6.72, 8.58, -6.72 	0.00, -0.00 	13,23,3,744		3.90,2.38	1000,1 	0
3959    	25.46, -7.44, -8.87 	-6.69, 8.57, -6.73 	0.00, -0.00 	13,23,3,754		5.13,4.42	0,0 	0
3968    	25.41, -7.47, -8.86 	-6.68, 8.56, -6.73 	0.00, -0.00 	13,23,3,764		8.26,2.07	0,0 	0
3977    	25.42, -7.50, -8.88 	-6.64, 8.53, -6.72 	0.00, -0.00 	13,23,3,774		5.56,7.39	0,0 	0
3985    	25.43, -7.50, -8.88 	-6.64, 8.52, -6.73 	0.00, -0.00 	13,23,3,783		1.61,1.78	0,0 	0
3994    	25.43, -7.51, -8.88 	-6.58, 8.46, -6.73 	0.00, -0.00 	13,23,3,793		1.52,12.42	0,0 	0
4003    	25.43, -7.49, -8.88 	-6.51, 8.35, -6.72 	0.00, -0.00 	13,23,3,803		3.55,22.12	0,0 	0
4011    	25.45, -7.47, -8.89 	-6.44, 8.24, -6.70 	0.00, -0.00 	13,23,3,812		4.11,18.18	0,0 	0
4020    	25.44, -7.50, -8.87 	-6.32, 8.08, -6.67 	0.00, -0.00 	13,23,3,822		4.77,28.44	0,0 	0
4029    	25.46, -7.49, -8.89 	-6.13, 7.90, -6.66 	0.00, -0.00 	13,23,3,832		3.67,44.46	0,0 	0
4037    	25.47, -7.49, -8.88 	-5.89, 7.75, -6.68 	0.00, -0.00 	13,23,3,841		1.61,47.55	0,0 	0
4046    	25.45, -7.51, -8.90 	-5.62, 7.59, -6.69 	0.00, -0.00 	13,23,3,851		4.11,43.92	0,0 	0
4055    	25.50, -7.50, -8.89 	-5.51, 7.46, -6.68 	0.00, -0.00 	13,23,3,861		8.22,28.99	0,0 	0
4063    	25.50, -7.55, -8.90 	-5.36, 7.34, -6.67 	0.00, -0.00 	13,23,3,870		7.10,31.26	0,0 	0
4072    	25.52, -7.58, -8.88 	-5.21, 7.20, -6.64 	0.00, -0.00 	13,23,3,880		6.15,29.86	0,0 	0
4081    	25.51, -7.62, -8.86 	-5.06, 7.07, -6.62 	0.00, -0.00 	13,23,3,890		7.28,32.43	0,0 	0
4089    	25.59, -7.66, -8.86 	-4.94, 6.94, -6.59 	0.00, -0.00 	13,23,3,899		14.67,30.09	0,0 	0
4098    	25.61, -7.72, -8.85 	-4.82, 6.84, -6.59 	0.00, -0.00 	13,23,3,909		8.09,21.63	0,0 	0
4107    	25.65, -7.74, -8.86 	-4.67, 6.74, -6.62 	0.00, -0.00 	13,23,3,919		4.89,20.31	0,0 	0
4115    	25.73, -7.69, -8.90 	-4.46, 6.65, -6.68 	0.00, -0.00 	13,23,3,928		12.59,32.17	0,0 	0
4124    	25.75, -7.73, -8.91 	-4.30, 6.54, -6.72 	0.00, -0.00 	13,23,3,938		4.66,24.60	0,0 	0
4133    	25.87, -7.68, -8.93 	-4.17, 6.43, -6.75 	0.00, -0.00 	13,23,3,948		18.90,23.69	0,0 	0
4141    	25.97, -7.76, -8.93 	-4.09, 6.31, -6.78 	0.00, -0.00 	13,23,3,957		17.40,21.02	0,0 	0
4150    	26.02, -7.83, -8.91 	-3.99, 6.20, -6.80 	0.00, -0.00 	13,23,3,967		11.79,18.12	0,0 	0
4159    	26.06, -7.94, -8.89 	-3.89, 6.13, -6.82 	0.00, -0.00 	13,23,3,977		14.16,15.35	0,0 	0
4168    	26.11, -8.13, -8.84 	-3.85, 6.03, -6.84 	0.00, -0.00 	13,23,3,987		28.24,14.88	0,0 	0
4176    	26.19, -8.28, -8.85 	-3.81, 5.97, -6.87 	0.00, -0.00 	13,23,3,996		23.98,10.76	0,0 	0
4185    	26.30, -8.42, -8.88 	-3.77, 5.90, -6.88 	0.00, -0.00 	13,23,4,6		22.54,10.10	0,0 	0
4194    	26.36, -8.52, -8.89 	-3.71, 5.84, -6.93 	0.00, -0.00 	13,23,4,16		15.99,12.42	0,0 	0
4202    	26.37, -8.55, -8.89 	-3.63, 5.76, -6.97 	0.00, -0.00 	13,23,4,25		4.77,15.45	0,0 	0
4211    	26.44, -8.59, -8.91 	-3.55, 5.64, -6.99 	0.00, -0.00 	13,23,4,35		9.97,17.69	0,0 	0
4220    	26.53, -8.62, -8.92 	-3.46, 5.49, -7.03 	0.00, -0.00 	13,23,4,45		14.50,24.87	0,0 	0
4228    	26.56, -8.60, -8.93 	-3.30, 5.33, -7.09 	0.00, -0.00 	13,23,4,54		5.13,32.98	0,0 	0
4237    	26.69, -8.63, -8.91 	-3.16, 5.18, -7.17 	0.00, -0.00 	13,23,4,64		16.15,25.36	0,0 	0
4246    	26.71, -8.74, -8.93 	-3.08, 5.06, -7.24 	0.00, -0.00 	13,23,4,74		15.47,21.02	0,0 	0
4254    	26.81, -8.81, -8.89 	-3.03, 4.96, -7.33 	0.00, -0.00 	13,23,4,83		18.51,16.84	0,0 	0
4263    	26.83, -8.87, -8.90 	-2.98, 4.83, -7.39 	0.00, -0.00 	13,23,4,93		7.08,17.21	0,0 	0
4272    	26.86, -8.93, -8.89 	-2.96, 4.73, -7.45 	0.00, -0.00 	13,23,4,103		10.02,14.06	0,0 	0
4280    	26.88, -8.95, -8.91 	-2.93, 4.66, -7.52 	0.00, -0.00 	13,23,4,112		4.10,11.52	0,0 	0
4289    	26.90, -9.04, -8.91 	-2.95, 4.56, -7.58 	0.00, -0.00 	13,23,4,122		10.92,12.23	0,0 	0
4298    	26.91, -9.05, -8.91 	-2.88, 4.49, -7.64 	0.00, -0.00 	13,23,4,132		2.05,13.39	0,0 	0
4306    	26.99, -9.05, -8.93 	-2.79, 4.44, -7.70 	0.00, -0.00 	13,23,4,141		11.01,14.64	0,0 	0
4315    	27.02, -9.20, -8.93 	-2.68, 4.38, -7.77 	0.00, -0.00 	13,23,4,151		19.25,16.62	0,0 	0
4324    	27.07, -9.26, -8.93 	-2.63, 4.29, -7.82 	0.00, -0.00 	13,23,4,161		11.43,14.11	0,0 	0
4333    	27.19, -9.40, -8.91 	-2.59, 4.18, -7.86 	0.00, -0.00 	13,23,4,171		25.76,16.31	0,0 	0
4341    	27.27, -9.50, -8.86 	-2.53, 4.04, -7.91 	0.00, -0.00 	13,23,4,180		18.46,21.62	0,0 	0
4350    	27.35, -9.65, -8.86 	-2.42, 3.91, -7.97 	0.00, -0.00 	13,23,4,190		20.98,20.95	0,0 	0
4359    	27.35, -9.79, -8.83 	-2.37, 3.84, -8.00 	0.00, -0.00 	13,23,4,200		21.31,13.60	0,0 	0
4367    	27.36, -10.00, -8.84 	-2.34, 3.74, -8.02 	0.00, -0.00 	13,23,4,209		28.95,14.41	0,0 	0
4376    	27.49, -10.09, -8.85 	-2.26, 3.67, -8.05 	0.00, -0.00 	13,23,4,219		19.71,13.52	0,0 	0
4385    	27.62, -10.20, -8.87 	-2.16, 3.62, -8.06 	0.00, -0.00 	13,23,4,229		24.55,15.13	0,0 	0
4393    	27.74, -10.31, -8.85 	-2.07, 3.58, -8.06 	0.00, -0.00 	13,23,4,238		22.45,13.88	0,0 	0
4402    	27.90, -10.40, -8.86 	-1.97, 3.55, -8.08 	0.00, -0.00 	13,23,4,248		23.72,13.89	0,0 	0
4411    	28.11, -10.57, -8.82 	-1.80, 3.49, -8.10 	0.00, -0.00 	13,23,4,258		38.84,24.70	0,0 	0
4419    	28.25, -10.67, -8.76 	-1.70, 3.45, -8.10 	0.00, -0.00 	13,23,4,267		23.63,16.40	0,0 	0
4428    	28.28, -10.92, -8.71 	-1.56, 3.39, -8.08 	0.00, -0.00 	13,23,4,277		32.16,18.21	0,0 	0
4437    	28.33, -11.13, -8.65 	-1.45, 3.29, -8.03 	0.00, -0.00 	13,23,4,287		30.07,22.65	0,0 	0
4445    	28.37, -11.48, -8.60 	-1.23, 3.19, -7.98 	0.00, -0.00 	13,23,4,296		50.53,34.67	0,0 	0
4454    	28.45, -11.69, -8.51 	-0.98, 3.17, -7.95 	0.00, -0.00 	13,23,4,306		28.32,31.33	0,0 	0
4463    	28.60, -11.88, -8.47 	-0.72, 3.20, -7.91 	0.00, -0.00 	13,23,4,316		35.14,37.33	0,0 	0
4471    	28.62, -12.05, -8.38 	-0.44, 3.21, -7.86 	0.00, -0.00 	13,23,4,325		24.51,39.88	0,0 	0
4480    	28.76, -12.14, -8.35 	-0.21, 3.19, -7.77 	0.00, -0.00 	13,23,4,335		20.96,29.04	0,0 	0
4489    	28.91, -12.23, -8.29 	0.10, 3.14, -7.69 	0.00, -0.00 	13,23,4,345		24.77,44.51	0,0 	0
4498    	29.15, -12.25, -8.23 	0.28, 3.08, -7.58 	0.00, -0.00 	13,23,4,355		34.44,26.52	0,0 	0
4506    	29.35, -12.37, -8.17 	0.50, 3.01, -7.46 	0.00, -0.00 	13,23,4,364		34.18,33.06	0,0 	0
4515    	29.41, -12.57, -8.10 	0.69, 2.98, -7.33 	0.00, -0.00 	13,23,4,374		25.03,24.45	0,0 	0
4524    	29.51, -12.69, -8.07 	0.84, 2.92, -7.20 	0.00, -0.00 	13,23,4,384		22.86,22.10	0,0 	0
4532    	29.56, -12.94, -8.01 	0.96, 2.89, -7.07 	0.00, -0.00 	13,23,4,393		35.96,18.52	0,0 	0
4541    	29.56, -13.15, -7.94 	1.10, 2.86, -6.96 	0.00, -0.00 	13,23,4,403		26.64,17.37	0,0 	0
4550    	29.57, -13.27, -7.94 	1.18, 2.84, -6.86 	0.00, -0.00 	13,23,4,413		16.80,12.79	0,0 	0
4558    	29.68, -13.39, -7.96 	1.20, 2.83, -6.82 	0.00, -0.00 	13,23,4,422		22.56,3.17	0,0 	0
4567    	29.73, -13.33, -7.96 	1.34, 2.86, -6.84 	0.00, -0.00 	13,23,4,432		8.98,17.25	0,0 	0
4576    	29.86, -13.29, -7.95 	1.47, 2.90, -6.83 	0.00, -0.00 	13,23,4,442		20.21,20.11	0,0 	0
4584    	29.95, -13.33, -7.98 	1.54, 2.94, -6.85 	0.00, -0.00 	13,23,4,451		12.07,9.91	0,0 	0
4593    	30.03, -13.30, -7.96 	1.58, 2.95, -6.84 	0.00, -0.00 	13,23,4,461		11.55,4.97	0,0 	0
4602    	30.06, -13.34, -7.95 	1.60, 2.96, -6.82 	0.00, -0.00 	13,23,4,471		7.35,3.13	0,0 	0
4611    	30.06, -13.43, -7.94 	1.56, 2.94, -6.84 	0.00, -0.00 	13,23,4,481		12.18,6.25	0,0 	0
4619    	30.09, -13.48, -7.90 	1.53, 2.94, -6.85 	0.00, -0.00 	13,23,4,490		8.66,4.12	0,0 	0
4628    	30.06, -13.58, -7.88 	1.54, 2.94, -6.86 	0.00, -0.00 	13,23,4,500		14.31,1.37	0,0 	0
4636    	29.98, -13.60, -7.87 	1.53, 2.94, -6.85 	0.00, -0.00 	13,23,4,509		12.76,1.37	0,0 	0
4645    	30.02, -13.60, -7.88 	1.51, 2.93, -6.85 	0.00, -0.00 	13,23,4,519		6.02,2.73	0,0 	0
4654    	30.01, -13.57, -7.88 	1.52, 2.94, -6.85 	0.00, -0.00 	13,23,4,529		5.33,2.04	0,0 	0
4662    	29.98, -13.61, -7.88 	1.49, 2.93, -6.86 	0.00, -0.00 	13,23,4,538		7.36,4.38	0,0 	0
4671    	29.98, -13.64, -7.87 	1.52, 2.92, -6.86 	0.00, -0.00 	13,23,4,548		4.00,3.87	0,0 	0
4680    	29.95, -13.68, -7.89 	1.50, 2.89, -6.87 	0.00, -0.00 	13,23,4,558		7.36,5.31	0,0 	0
4689    	29.95, -13.70, -7.89 	1.48, 2.88, -6.89 	0.00, -0.00 	13,23,4,568		1.52,3.13	0,0 	0
4697    	29.97, -13.73, -7.85 	1.47, 2.83, -6.90 	0.00, -0.00 	13,23,4,577		5.33,6.24	0,0 	0
4706    	30.00, -13.71, -7.87 	1.40, 2.80, -6.92 	0.00, -0.00 	13,23,4,587		4.49,9.27	0,0 	0
4715    	29.96, -13.73, -7.83 	1.36, 2.73, -6.93 	0.00, -0.00 	13,23,4,597		6.29,12.62	0,0 	0
4723    	29.99, -13.72, -7.85 	1.25, 2.66, -6.97 	0.00, -0.00 	13,23,4,606		4.40,17.56	0,0 	0
4732    	29.91, -13.74, -7.84 	1.14, 2.56, -6.97 	0.00, -0.00 	13,23,4,616		10.00,19.52	0,0 	0
4741    	29.93, -13.76, -7.83 	1.00, 2.43, -6.96 	0.00, -0.00 	13,23,4,626		4.10,26.38	0,0 	0
4749    	29.93, -13.77, -7.84 	0.90, 2.33, -6.94 	0.00, -0.00 	13,23,4,635		1.33,18.66	0,0 	0
4758    	29.95, -13.74, -7.83 	0.83, 2.24, -6.93 	0.00, -0.00 	13,23,4,645		4.67,13.51	0,0 	0
4767    	29.97, -13.72, -7.84 	0.78, 2.17, -6.93 	0.00, -0.00 	13,23,4,655		4.11,12.62	0,0 	0
4775    	29.99, -13.71, -7.83 	0.82, 2.12, -6.93 	0.00, -0.00 	13,23,4,664		3.15,8.28	0,0 	0
4784    	29.97, -13.71, -7.84 	0.78, 2.07, -6.91 	0.00, -0.00 	13,23,4,674		2.41,8.18	0,0 	0
4793    	29.93, -13.72, -7.85 	0.74, 1.98, -6.89 	0.00, -0.00 	13,23,4,684		5.71,13.93	0,0 	0
4801    	29.94, -13.75, -7.81 	0.71, 1.93, -6.88 	0.00, -0.00 	13,23,4,693		4.77,8.62	0,0 	0
4810    	29.91, -13.78, -7.81 	0.64, 1.86, -6.86 	0.00, -0.00 	13,23,4,703		5.39,12.49	0,0 	0
4819    	29.99, -13.78, -7.80 	0.60, 1.81, -6.84 	0.00, -0.00 	13,23,4,713		11.01,8.16	0,0 	0
4827    	29.94, -13.76, -7.80 	0.58, 1.75, -6.82 	0.00, -0.00 	13,23,4,722		7.52,9.53	0,0 	0
4836    	29.89, -13.82, -7.78 	0.56, 1.71, -6.82 	0.00, -0.00 	13,23,4,732		10.01,6.40	0,0 	0
4845    	29.84, -13.88, -7.80 	0.54, 1.67, -6.82 	0.00, -0.00 	13,23,4,742		10.26,6.66	0,0 	0
4854    	29.87, -13.91, -7.75 	0.57, 1.61, -6.82 	0.00, -0.00 	13,23,4,752		6.15,8.73	0,0 	0
4862    	29.90, -13.91, -7.76 	0.57, 1.61, -6.82 	0.00, -0.00 	13,23,4,761		4.13,0.00	0,0 	0
4871    	29.88, -13.98, -7.77 	0.55, 1.57, -6.82 	0.00, -0.00 	13,23,4,771		9.63,5.83	0,0 	0
4880    	29.88, -13.97, -7.76 	0.58, 1.55, -6.82 	0.00, -0.00 	13,23,4,781		1.52,5.17	0,0 	0
4888    	29.92, -13.99, -7.72 	0.56, 1.52, -6.82 	0.00, -0.00 	13,23,4,790		6.29,5.31	0,0 	0
4897    	29.83, -14.04, -7.73 	0.57, 1.48, -6.82 	0.00, -0.00 	13,23,4,800		12.08,4.20	0,0 	0
4906    	29.83, -14.12, -7.72 	0.51, 1.45, -6.80 	0.00, -0.00 	13,23,4,810		12.18,9.38	0,0 	0
4914    	29.81, -14.17, -7.69 	0.53, 1.43, -6.82 	0.00, -0.00 	13,23,4,819		8.09,4.14	0,0 	0
4923    	29.84, -14.16, -7.71 	0.53, 1.42, -6.81 	0.00, -0.00 	13,23,4,829		3.85,1.34	0,0 	0
4932    	29.81, -14.20, -7.71 	0.55, 1.41, -6.81 	0.00, -0.00 	13,23,4,839		6.16,3.17	0,0 	0
4940    	29.76, -14.19, -7.70 	0.52, 1.41, -6.81 	0.00, -0.00 	13,23,4,848		7.05,4.12	0,0 	0
4949    	29.79, -14.20, -7.73 	0.52, 1.40, -6.80 	0.00, -0.00 	13,23,4,858		3.85,1.34	0,0 	0
4958    	29.78, -14.19, -7.68 	0.50, 1.41, -6.80 	0.00, -0.00 	13,23,4,868		2.05,3.17	0,0 	0
4966    	29.84, -14.17, -7.70 	0.54, 1.39, -6.77 	0.00, -0.00 	13,23,4,877		8.40,6.33	0,0 	0
4975    	29.81, -14.20, -7.69 	0.53, 1.38, -6.78 	0.00, -0.00 	13,23,4,887		4.49,1.78	0,0 	0
4984    	29.81, -14.20, -7.65 	0.55, 1.37, -6.79 	0.00, -0.00 	13,23,4,897		0.00,3.17	0,0 	0
4992    	29.82, -14.23, -7.64 	0.52, 1.36, -6.78 	0.00, -0.00 	13,23,4,906		4.77,4.38	0,0 	0
5001    	29.80, -14.24, -7.63 	0.52, 1.36, -6.78 	0.00, -0.00 	13,23,4,916		2.75,0.00	0,0 	0
5010    	29.79, -14.24, -7.62 	0.52, 1.36, -6.78 	0.00, -0.00 	13,23,4,926		1.38,0.00	0,0 	0
5018    	29.77, -14.32, -7.59 	0.52, 1.35, -6.78 	0.00, -0.00 	13,23,4,935		12.49,1.53	0,0 	0
5027    	29.74, -14.32, -7.60 	0.48, 1.33, -6.76 	0.00, -0.00 	13,23,4,945		4.82,4.97	0,0 	0
