#Time 	Sensor1         Sensor2         Target          Time            Vel             
#================================================================

15      	30.01, -15.62, -7.01 	-0.47, 0.96, -6.62 	21.65, 12.50 	13,23,26,823		0.00,0.00	0,0 	0
20      	30.01, -15.62, -7.01 	-0.49, 0.96, -6.62 	21.65, 12.50 	13,23,26,832		0.00,3.85	0,0 	0
29      	29.98, -15.68, -7.01 	-0.49, 0.96, -6.62 	21.65, 12.50 	13,23,26,842		6.74,0.00	0,0 	0
38      	29.99, -15.71, -7.00 	-0.48, 0.96, -6.60 	21.65, 12.50 	13,23,26,852		3.71,1.07	0,0 	0
46      	29.98, -15.70, -6.99 	-0.48, 0.96, -6.62 	21.65, 12.50 	13,23,26,861		1.80,0.00	0,0 	0
55      	30.04, -15.68, -6.99 	-0.48, 0.96, -6.61 	21.65, 12.50 	13,23,26,871		6.85,0.00	0,0 	0
64      	30.06, -15.63, -6.98 	-0.48, 0.96, -6.61 	21.65, 12.50 	13,23,26,881		5.20,0.00	0,0 	0
73      	30.06, -15.65, -6.98 	-0.49, 0.97, -6.61 	21.65, 12.50 	13,23,26,891		1.18,1.61	0,0 	0
81      	30.11, -15.65, -6.96 	-0.49, 0.96, -6.61 	21.65, 12.50 	13,23,26,900		6.02,1.34	0,0 	0
90      	30.11, -15.65, -6.99 	-0.48, 0.96, -6.61 	21.65, 12.50 	13,23,26,910		0.00,1.07	0,0 	0
99      	30.10, -15.65, -6.95 	-0.48, 0.98, -6.62 	21.65, 12.50 	13,23,26,920		1.07,2.38	0,0 	0
107     	30.10, -15.66, -6.95 	-0.49, 0.98, -6.61 	21.65, 12.50 	13,23,26,929		1.33,1.20	0,0 	0
117     	30.10, -15.66, -6.95 	-0.50, 0.98, -6.61 	21.65, 12.50 	13,23,26,940		0.00,0.96	0,0 	0
125     	30.10, -15.66, -6.95 	-0.51, 0.98, -6.61 	21.65, 12.50 	13,23,26,949		0.00,1.20	0,0 	0
133     	30.11, -15.69, -6.93 	-0.50, 0.97, -6.60 	21.65, 12.50 	13,23,26,958		4.17,1.81	0,0 	0
142     	30.11, -15.69, -6.93 	-0.50, 0.97, -6.60 	21.65, 12.50 	13,23,26,968		0.00,0.00	0,0 	0
151     	30.12, -15.70, -6.92 	-0.48, 0.98, -6.61 	21.65, 12.50 	13,23,26,978		1.60,2.43	0,0 	0
159     	30.11, -15.70, -6.91 	-0.50, 0.97, -6.60 	21.65, 12.50 	13,23,26,987		1.20,2.73	0,0 	0
168     	30.10, -15.69, -6.93 	-0.50, 0.97, -6.60 	21.65, 12.50 	13,23,26,997		1.60,0.00	0,0 	0
177     	30.07, -15.73, -6.93 	-0.50, 0.97, -6.60 	21.65, 12.50 	13,23,27,7		5.72,0.00	0,0 	0
185     	30.06, -15.73, -6.93 	-0.49, 0.98, -6.61 	21.65, 12.50 	13,23,27,16		1.20,1.78	0,0 	0
194     	30.06, -15.73, -6.93 	-0.49, 0.97, -6.61 	21.65, 12.50 	13,23,27,26		0.00,1.19	0,0 	0
203     	30.06, -15.73, -6.93 	-0.50, 0.98, -6.60 	21.65, 12.50 	13,23,27,36		0.00,1.61	0,0 	0
211     	30.02, -15.77, -6.94 	-0.50, 0.98, -6.60 	21.65, 12.50 	13,23,27,45		7.18,0.00	0,0 	0
220     	30.02, -15.77, -6.95 	-0.50, 0.99, -6.61 	21.65, 12.50 	13,23,27,55		0.00,1.19	0,0 	0
229     	30.03, -15.80, -6.93 	-0.49, 0.99, -6.61 	21.65, 12.50 	13,23,27,65		3.71,1.07	0,0 	0
238     	30.02, -15.77, -6.93 	-0.49, 1.00, -6.60 	21.65, 12.50 	13,23,27,75		3.71,1.19	0,0 	0
246     	30.00, -15.73, -6.95 	-0.49, 1.01, -6.62 	21.65, 12.50 	13,23,27,84		5.85,1.34	0,0 	0
255     	30.01, -15.73, -6.95 	-0.50, 1.00, -6.62 	21.65, 12.50 	13,23,27,94		1.07,1.59	0,0 	0
264     	30.01, -15.73, -6.95 	-0.50, 1.00, -6.62 	21.65, 12.50 	13,23,27,104		0.00,0.00	0,0 	0
272     	30.04, -15.73, -6.93 	-0.52, 0.99, -6.61 	21.65, 12.50 	13,23,27,113		3.61,2.73	0,0 	0
281     	30.08, -15.71, -6.94 	-0.52, 0.98, -6.61 	21.65, 12.50 	13,23,27,123		4.89,1.19	0,0 	0
290     	30.08, -15.71, -6.94 	-0.50, 0.98, -6.61 	21.65, 12.50 	13,23,27,133		0.00,2.14	0,0 	0
298     	30.08, -15.71, -6.94 	-0.50, 0.99, -6.61 	21.65, 12.50 	13,23,27,142		0.00,1.34	0,0 	0
308     	30.03, -15.69, -6.93 	-0.49, 0.99, -6.60 	21.65, 12.50 	13,23,27,153		5.27,0.96	0,0 	0
316     	30.01, -15.77, -6.93 	-0.51, 0.98, -6.60 	21.65, 12.50 	13,23,27,162		10.92,2.73	0,0 	0
324     	30.01, -15.77, -6.93 	-0.49, 0.99, -6.61 	21.65, 12.50 	13,23,27,171		0.00,2.73	0,0 	0
333     	30.01, -15.77, -6.93 	-0.51, 0.97, -6.60 	21.65, 12.50 	13,23,27,181		0.00,3.17	0,0 	0
342     	30.01, -15.78, -6.94 	-0.51, 0.98, -6.60 	21.65, 12.50 	13,23,27,191		1.18,1.19	0,0 	0
350     	30.01, -15.77, -6.93 	-0.51, 0.98, -6.60 	21.65, 12.50 	13,23,27,200		1.33,0.00	0,0 	0
359     	30.01, -15.78, -6.94 	-0.51, 0.98, -6.60 	21.65, 12.50 	13,23,27,210		1.18,0.00	0,0 	0
368     	30.00, -15.78, -6.93 	-0.51, 0.98, -6.61 	21.65, 12.50 	13,23,27,220		1.07,0.00	0,0 	0
376     	30.04, -15.76, -6.94 	-0.51, 0.98, -6.61 	21.65, 12.50 	13,23,27,229		5.51,0.00	0,0 	0
385     	30.04, -15.76, -6.94 	-0.51, 0.99, -6.60 	21.65, 12.50 	13,23,27,239		0.00,1.19	0,0 	0
394     	30.04, -15.76, -6.94 	-0.51, 1.00, -6.60 	21.65, 12.50 	13,23,27,249		0.00,1.19	0,0 	0
402     	30.01, -15.79, -6.95 	-0.51, 1.00, -6.62 	21.65, 12.50 	13,23,27,258		5.39,0.00	0,0 	0
411     	30.01, -15.82, -6.91 	-0.51, 1.00, -6.62 	21.65, 12.50 	13,23,27,268		2.37,0.00	0,0 	0
420     	29.96, -15.80, -6.91 	-0.51, 1.00, -6.62 	21.65, 12.50 	13,23,27,278		5.48,0.00	0,0 	0
429     	29.96, -15.77, -6.95 	-0.52, 1.01, -6.62 	21.65, 12.50 	13,23,27,288		3.55,1.61	0,0 	0
437     	29.95, -15.76, -6.93 	-0.51, 1.00, -6.61 	21.65, 12.50 	13,23,27,297		1.79,1.81	0,0 	0
446     	29.99, -15.78, -6.94 	-0.53, 1.00, -6.61 	21.65, 12.50 	13,23,27,307		4.89,2.14	0,0 	0
455     	29.99, -15.79, -6.94 	-0.53, 1.01, -6.63 	21.65, 12.50 	13,23,27,317		1.18,1.19	0,0 	0
463     	29.99, -15.79, -6.94 	-0.51, 1.00, -6.62 	21.65, 12.50 	13,23,27,326		0.00,2.77	0,0 	0
472     	30.01, -15.82, -6.92 	-0.52, 0.99, -6.61 	21.65, 12.50 	13,23,27,336		3.19,1.59	0,0 	0
481     	30.01, -15.83, -6.92 	-0.50, 1.00, -6.62 	21.65, 12.50 	13,23,27,346		1.18,2.43	0,0 	0
489     	30.01, -15.82, -6.92 	-0.51, 1.02, -6.63 	21.65, 12.50 	13,23,27,355		1.33,2.95	0,0 	0
499     	29.92, -15.80, -6.93 	-0.51, 1.03, -6.62 	21.65, 12.50 	13,23,27,366		9.69,1.07	0,0 	0
507     	29.95, -15.77, -6.94 	-0.52, 1.01, -6.61 	21.65, 12.50 	13,23,27,375		5.39,2.91	0,0 	0
515     	29.92, -15.80, -6.93 	-0.52, 1.02, -6.61 	21.65, 12.50 	13,23,27,384		5.39,1.34	0,0 	0
525     	29.92, -15.80, -6.93 	-0.53, 1.02, -6.60 	21.65, 12.50 	13,23,27,395		0.00,0.96	0,0 	0
533     	29.95, -15.77, -6.94 	-0.53, 1.01, -6.60 	21.65, 12.50 	13,23,27,404		5.39,1.34	0,0 	0
541     	29.95, -15.77, -6.94 	-0.54, 1.01, -6.60 	21.65, 12.50 	13,23,27,413		0.00,1.20	0,0 	0
550     	29.95, -15.77, -6.94 	-0.54, 1.01, -6.60 	21.65, 12.50 	13,23,27,423		0.00,0.00	0,0 	0
559     	29.94, -15.77, -6.92 	-0.55, 1.01, -6.60 	21.65, 12.50 	13,23,27,433		1.07,1.07	0,0 	0
567     	29.95, -15.77, -6.92 	-0.54, 1.01, -6.59 	21.65, 12.50 	13,23,27,442		1.20,1.20	0,0 	0
577     	29.95, -15.80, -6.90 	-0.54, 1.00, -6.60 	21.65, 12.50 	13,23,27,452		3.34,1.07	0,0 	0
586     	29.93, -15.84, -6.90 	-0.54, 1.01, -6.61 	21.65, 12.50 	13,23,27,462		4.79,1.19	0,0 	0
594     	29.93, -15.84, -6.90 	-0.53, 1.01, -6.60 	21.65, 12.50 	13,23,27,471		0.00,1.20	0,0 	0
603     	29.93, -15.84, -6.91 	-0.53, 1.01, -6.60 	21.65, 12.50 	13,23,27,481		0.00,0.00	0,0 	0
612     	29.94, -15.86, -6.90 	-0.53, 1.00, -6.59 	21.65, 12.50 	13,23,27,491		2.60,1.19	0,0 	0
621     	29.93, -15.85, -6.91 	-0.53, 1.01, -6.59 	21.65, 12.50 	13,23,27,501		1.60,1.19	0,0 	0
629     	29.92, -15.82, -6.93 	-0.53, 1.00, -6.59 	21.65, 12.50 	13,23,27,510		4.17,1.34	0,0 	0
638     	29.92, -15.82, -6.93 	-0.55, 1.01, -6.58 	21.65, 12.50 	13,23,27,520		0.00,2.46	0,0 	0
647     	29.95, -15.78, -6.93 	-0.54, 1.02, -6.58 	21.65, 12.50 	13,23,27,530		4.79,1.59	0,0 	0
655     	29.95, -15.77, -6.92 	-0.54, 1.01, -6.58 	21.65, 12.50 	13,23,27,539		1.33,1.34	0,0 	0
664     	29.95, -15.77, -6.92 	-0.54, 1.02, -6.60 	21.65, 12.50 	13,23,27,549		0.00,1.19	0,0 	0
673     	29.99, -15.76, -6.91 	-0.54, 1.01, -6.60 	21.65, 12.50 	13,23,27,559		5.48,1.19	0,0 	0
681     	30.00, -15.76, -6.91 	-0.53, 1.01, -6.59 	21.65, 12.50 	13,23,27,568		1.20,1.20	0,0 	0
691     	29.99, -15.74, -6.91 	-0.53, 1.01, -6.59 	21.65, 12.50 	13,23,27,579		2.34,0.00	0,0 	0
699     	30.03, -15.72, -6.91 	-0.54, 1.02, -6.58 	21.65, 12.50 	13,23,27,588		5.51,1.81	0,0 	0
707     	30.02, -15.71, -6.93 	-0.55, 1.03, -6.60 	21.65, 12.50 	13,23,27,597		1.79,1.81	0,0 	0
716     	29.96, -15.72, -6.94 	-0.55, 1.03, -6.60 	21.65, 12.50 	13,23,27,607		6.53,0.00	0,0 	0
725     	29.96, -15.71, -6.94 	-0.55, 1.03, -6.60 	21.65, 12.50 	13,23,27,617		1.18,0.00	0,0 	0
733     	30.01, -15.70, -6.94 	-0.55, 1.02, -6.60 	21.65, 12.50 	13,23,27,626		6.17,1.34	0,0 	0
742     	30.00, -15.69, -6.93 	-0.55, 1.01, -6.60 	21.65, 12.50 	13,23,27,636		1.60,1.19	0,0 	0
751     	30.00, -15.68, -6.92 	-0.54, 1.02, -6.60 	21.65, 12.50 	13,23,27,646		1.18,1.59	0,0 	0
759     	29.96, -15.71, -6.93 	-0.54, 1.02, -6.60 	21.65, 12.50 	13,23,27,655		6.26,0.00	0,0 	0
768     	29.95, -15.71, -6.93 	-0.55, 1.03, -6.60 	21.65, 12.50 	13,23,27,665		1.07,1.61	0,0 	0
777     	29.97, -15.71, -6.94 	-0.55, 1.03, -6.60 	21.65, 12.50 	13,23,27,675		2.14,0.00	0,0 	0
785     	29.96, -15.72, -6.94 	-0.54, 1.02, -6.60 	21.65, 12.50 	13,23,27,684		1.80,1.81	0,0 	0
794     	29.95, -15.71, -6.92 	-0.54, 1.02, -6.59 	21.65, 12.50 	13,23,27,694		1.60,0.00	0,0 	0
803     	29.92, -15.72, -6.92 	-0.54, 1.02, -6.60 	21.65, 12.50 	13,23,27,704		4.44,0.00	0,0 	0
812     	29.92, -15.72, -6.92 	-0.54, 1.03, -6.59 	21.65, 12.50 	13,23,27,714		0.00,1.19	0,0 	0
820     	29.92, -15.72, -6.92 	-0.54, 1.04, -6.60 	21.65, 12.50 	13,23,27,723		0.00,1.34	0,0 	0
829     	29.95, -15.68, -6.92 	-0.54, 1.04, -6.60 	21.65, 12.50 	13,23,27,733		6.39,0.00	0,0 	0
838     	29.99, -15.67, -6.92 	-0.54, 1.04, -6.60 	21.65, 12.50 	13,23,27,743		4.44,0.00	0,0 	0
846     	29.99, -15.67, -6.92 	-0.54, 1.04, -6.60 	21.65, 12.50 	13,23,27,752		0.00,0.00	0,0 	0
855     	29.99, -15.67, -6.92 	-0.53, 1.07, -6.60 	21.65, 12.50 	13,23,27,762		0.00,2.59	0,0 	0
864     	29.96, -15.70, -6.93 	-0.53, 1.07, -6.60 	21.65, 12.50 	13,23,27,772		4.79,0.00	0,0 	0
872     	29.95, -15.70, -6.93 	-0.53, 1.07, -6.60 	21.65, 12.50 	13,23,27,781		1.20,0.00	0,0 	0
881     	29.95, -15.70, -6.93 	-0.53, 1.07, -6.60 	21.65, 12.50 	13,23,27,791		0.00,0.00	0,0 	0
890     	29.95, -15.70, -6.93 	-0.54, 1.07, -6.60 	21.65, 12.50 	13,23,27,801		0.00,1.07	0,0 	0
898     	29.95, -15.70, -6.93 	-0.53, 1.07, -6.60 	21.65, 12.50 	13,23,27,810		0.00,1.20	0,0 	0
907     	29.96, -15.73, -6.91 	-0.55, 1.09, -6.60 	21.65, 12.50 	13,23,27,820		3.71,3.22	0,0 	0
916     	29.96, -15.73, -6.91 	-0.55, 1.09, -6.60 	21.65, 12.50 	13,23,27,830		0.00,0.00	0,0 	0
924     	29.96, -15.72, -6.91 	-0.55, 1.07, -6.60 	21.65, 12.50 	13,23,27,839		1.33,2.67	0,0 	0
933     	29.96, -15.73, -6.91 	-0.58, 1.05, -6.60 	21.65, 12.50 	13,23,27,849		1.18,3.40	0,0 	0
942     	29.95, -15.72, -6.93 	-0.58, 1.05, -6.60 	21.65, 12.50 	13,23,27,859		1.60,0.00	0,0 	0
950     	29.95, -15.73, -6.93 	-0.56, 1.04, -6.60 	21.65, 12.50 	13,23,27,868		1.33,2.77	0,0 	0
959     	29.96, -15.76, -6.92 	-0.56, 1.04, -6.60 	21.65, 12.50 	13,23,27,878		3.71,0.00	0,0 	0
968     	29.97, -15.76, -6.92 	-0.56, 1.05, -6.61 	21.65, 12.50 	13,23,27,888		1.07,1.19	0,0 	0
976     	29.96, -15.76, -6.92 	-0.56, 1.08, -6.61 	21.65, 12.50 	13,23,27,897		1.20,2.67	0,0 	0
985     	29.97, -15.76, -6.92 	-0.56, 1.07, -6.61 	21.65, 12.50 	13,23,27,907		1.07,1.19	0,0 	0
994     	29.95, -15.80, -6.93 	-0.56, 1.07, -6.61 	21.65, 12.50 	13,23,27,917		5.72,0.00	0,0 	0
1003    	29.92, -15.78, -6.93 	-0.56, 1.07, -6.61 	21.65, 12.50 	13,23,27,927		3.99,0.00	1000,1 	0
1011    	29.91, -15.78, -6.93 	-0.56, 1.07, -6.61 	21.65, 12.50 	13,23,27,936		1.20,0.00	1000,1 	0
1020    	29.91, -15.77, -6.93 	-0.56, 1.07, -6.61 	21.65, 12.50 	13,23,27,946		1.18,0.00	1000,1 	0
1029    	29.91, -15.77, -6.93 	-0.56, 1.07, -6.61 	21.65, 12.50 	13,23,27,956		0.00,0.00	1000,1 	0
1037    	29.89, -15.83, -6.91 	-0.56, 1.07, -6.60 	21.65, 12.50 	13,23,27,965		7.08,0.00	1000,1 	0
1046    	29.89, -15.83, -6.91 	-0.56, 1.07, -6.60 	21.65, 12.50 	13,23,27,975		0.00,0.00	1000,1 	0
1055    	29.89, -15.83, -6.91 	-0.57, 1.08, -6.60 	21.65, 12.50 	13,23,27,985		0.00,1.61	1000,1 	0
1063    	29.89, -15.83, -6.91 	-0.57, 1.08, -6.60 	21.65, 12.50 	13,23,27,994		0.00,0.00	1000,1 	0
1073    	29.83, -15.84, -6.93 	-0.57, 1.08, -6.60 	21.65, 12.50 	13,23,28,5		5.88,0.00	1000,1 	0
1081    	29.84, -15.88, -6.91 	-0.57, 1.07, -6.61 	21.65, 12.50 	13,23,28,14		5.46,1.34	1000,1 	0
1089    	29.84, -15.85, -6.91 	-0.56, 1.08, -6.61 	21.65, 12.50 	13,23,28,23		4.00,1.78	1000,1 	0
1098    	29.83, -15.86, -6.90 	-0.56, 1.08, -6.61 	21.65, 12.50 	13,23,28,33		1.60,0.00	1000,1 	0
1107    	29.89, -15.84, -6.91 	-0.56, 1.09, -6.61 	21.65, 12.50 	13,23,28,43		6.85,1.19	1000,1 	0
1115    	29.89, -15.84, -6.91 	-0.56, 1.09, -6.61 	21.65, 12.50 	13,23,28,52		0.00,0.00	1000,1 	0
1124    	29.88, -15.82, -6.89 	-0.56, 1.08, -6.61 	21.65, 12.50 	13,23,28,62		2.60,1.19	1000,1 	0
1133    	29.87, -15.82, -6.88 	-0.56, 1.08, -6.61 	21.65, 12.50 	13,23,28,72		1.07,0.00	1000,1 	0
1141    	29.88, -15.84, -6.86 	-0.56, 1.08, -6.61 	21.65, 12.50 	13,23,28,81		2.92,0.00	1000,1 	0
1150    	29.87, -15.80, -6.88 	-0.56, 1.08, -6.61 	21.65, 12.50 	13,23,28,91		3.71,0.00	1000,1 	0
1159    	29.87, -15.80, -6.88 	-0.56, 1.08, -6.61 	21.65, 12.50 	13,23,28,101		0.00,0.00	1000,1 	0
1168    	29.87, -15.80, -6.88 	-0.58, 1.08, -6.60 	21.65, 12.50 	13,23,28,111		0.00,2.14	1000,1 	0
1176    	29.87, -15.80, -6.88 	-0.59, 1.09, -6.60 	21.65, 12.50 	13,23,28,120		0.00,1.81	1000,1 	0
1185    	29.88, -15.73, -6.92 	-0.58, 1.09, -6.60 	21.65, 12.50 	13,23,28,130		8.36,1.07	1000,1 	0
1194    	29.93, -15.73, -6.90 	-0.58, 1.09, -6.60 	21.65, 12.50 	13,23,28,140		5.35,0.00	1000,1 	0
1202    	29.97, -15.75, -6.90 	-0.58, 1.09, -6.60 	21.65, 12.50 	13,23,28,149		6.58,0.00	1000,1 	0
1211    	29.97, -15.75, -6.90 	-0.59, 1.09, -6.60 	21.65, 12.50 	13,23,28,159		0.00,1.07	1000,1 	0
1220    	29.94, -15.78, -6.90 	-0.59, 1.09, -6.60 	21.65, 12.50 	13,23,28,169		5.56,0.00	1000,1 	0
1228    	29.91, -15.78, -6.88 	-0.59, 1.09, -6.60 	21.65, 12.50 	13,23,28,178		3.61,0.00	1000,1 	0
1237    	29.91, -15.79, -6.88 	-0.59, 1.09, -6.60 	21.65, 12.50 	13,23,28,188		1.18,0.00	1000,1 	0
1246    	29.91, -15.79, -6.88 	-0.59, 1.09, -6.60 	21.65, 12.50 	13,23,28,198		0.00,0.00	1000,1 	0
1254    	29.91, -15.79, -6.88 	-0.60, 1.10, -6.60 	21.65, 12.50 	13,23,28,207		0.00,1.81	1000,1 	0
1264    	29.91, -15.79, -6.88 	-0.60, 1.10, -6.60 	21.65, 12.50 	13,23,28,218		0.00,0.00	1000,1 	0
1272    	29.90, -15.78, -6.86 	-0.60, 1.10, -6.60 	21.65, 12.50 	13,23,28,227		1.79,0.00	1000,1 	0
1280    	29.87, -15.83, -6.87 	-0.60, 1.10, -6.60 	21.65, 12.50 	13,23,28,236		6.44,0.00	1000,1 	0
1289    	29.86, -15.82, -6.87 	-0.60, 1.10, -6.60 	21.65, 12.50 	13,23,28,246		1.60,0.00	1000,1 	0
1298    	29.86, -15.83, -6.87 	-0.60, 1.10, -6.60 	21.65, 12.50 	13,23,28,256		1.18,0.00	1000,1 	0
1306    	29.86, -15.82, -6.87 	-0.60, 1.10, -6.60 	21.65, 12.50 	13,23,28,265		1.33,0.00	1000,1 	0
1315    	29.91, -15.80, -6.88 	-0.60, 1.10, -6.60 	21.65, 12.50 	13,23,28,275		5.48,0.00	1000,1 	0
1324    	29.90, -15.79, -6.88 	-0.59, 1.08, -6.60 	21.65, 12.50 	13,23,28,285		1.60,2.38	1000,1 	0
1333    	29.88, -15.87, -6.86 	-0.59, 1.09, -6.61 	21.65, 12.50 	13,23,28,295		8.56,1.19	1000,1 	0
1341    	29.83, -15.87, -6.89 	-0.59, 1.09, -6.61 	21.65, 12.50 	13,23,28,304		6.02,0.00	1000,1 	0
1350    	29.82, -15.87, -6.89 	-0.60, 1.09, -6.61 	21.65, 12.50 	13,23,28,314		1.07,1.07	1000,1 	0
1359    	29.82, -15.88, -6.89 	-0.60, 1.09, -6.60 	21.65, 12.50 	13,23,28,324		1.18,0.00	1000,1 	0
1367    	29.85, -15.85, -6.89 	-0.59, 1.10, -6.61 	21.65, 12.50 	13,23,28,333		5.39,2.73	1000,1 	0
1376    	29.89, -15.80, -6.91 	-0.59, 1.09, -6.61 	21.65, 12.50 	13,23,28,343		6.39,1.19	1000,1 	0
1385    	29.88, -15.79, -6.91 	-0.59, 1.09, -6.61 	21.65, 12.50 	13,23,28,353		1.60,0.00	1000,1 	0
1393    	29.91, -15.85, -6.88 	-0.59, 1.09, -6.61 	21.65, 12.50 	13,23,28,362		7.57,0.00	1000,1 	0
1402    	29.89, -15.92, -6.87 	-0.59, 1.09, -6.61 	21.65, 12.50 	13,23,28,372		8.56,0.00	1000,1 	0
1411    	29.89, -15.92, -6.87 	-0.59, 1.10, -6.61 	21.65, 12.50 	13,23,28,382		0.00,1.19	1000,1 	0
1419    	29.88, -15.92, -6.87 	-0.59, 1.10, -6.61 	21.65, 12.50 	13,23,28,391		1.20,0.00	1000,1 	0
1428    	29.87, -15.91, -6.90 	-0.59, 1.10, -6.61 	21.65, 12.50 	13,23,28,401		1.60,0.00	1000,1 	0
1437    	29.87, -15.90, -6.90 	-0.60, 1.10, -6.61 	21.65, 12.50 	13,23,28,411		1.18,2.14	1000,1 	0
1445    	29.87, -15.90, -6.90 	-0.60, 1.10, -6.61 	21.65, 12.50 	13,23,28,420		0.00,0.00	1000,1 	0
1454    	29.87, -15.90, -6.90 	-0.59, 1.11, -6.61 	21.65, 12.50 	13,23,28,430		0.00,2.43	1000,1 	0
1463    	29.87, -15.90, -6.91 	-0.59, 1.10, -6.61 	21.65, 12.50 	13,23,28,440		0.00,1.19	1000,1 	0
1471    	29.89, -15.86, -6.90 	-0.59, 1.11, -6.61 	21.65, 12.50 	13,23,28,449		5.85,1.34	1000,1 	0
1480    	29.91, -15.91, -6.90 	-0.57, 1.10, -6.60 	21.65, 12.50 	13,23,28,459		6.29,2.46	1000,1 	0
1489    	29.91, -15.91, -6.90 	-0.58, 1.11, -6.61 	21.65, 12.50 	13,23,28,469		0.00,1.61	1000,1 	0
1497    	29.91, -15.91, -6.90 	-0.59, 1.13, -6.61 	21.65, 12.50 	13,23,28,478		0.00,2.95	1000,1 	0
1506    	29.94, -15.95, -6.86 	-0.57, 1.12, -6.60 	21.65, 12.50 	13,23,28,488		5.72,2.46	1000,1 	0
1515    	29.93, -15.93, -6.88 	-0.59, 1.12, -6.62 	21.65, 12.50 	13,23,28,498		2.60,2.14	1000,1 	0
1524    	29.85, -16.00, -6.88 	-0.58, 1.13, -6.63 	21.65, 12.50 	13,23,28,508		11.13,1.59	1000,1 	0
1532    	29.84, -16.00, -6.88 	-0.56, 1.12, -6.62 	21.65, 12.50 	13,23,28,517		1.20,2.77	1000,1 	0
1541    	29.86, -16.02, -6.87 	-0.53, 1.14, -6.61 	21.65, 12.50 	13,23,28,527		3.19,3.96	1000,1 	0
1550    	29.85, -16.01, -6.85 	-0.51, 1.13, -6.62 	21.65, 12.50 	13,23,28,537		1.60,2.46	1000,1 	0
1558    	29.89, -16.00, -6.85 	-0.45, 1.17, -6.62 	21.65, 12.50 	13,23,28,546		5.00,8.92	1000,1 	0
1567    	29.90, -16.01, -6.86 	-0.42, 1.20, -6.62 	21.65, 12.50 	13,23,28,556		1.60,4.76	1000,1 	0
1576    	29.96, -15.94, -6.88 	-0.37, 1.23, -6.61 	21.65, 12.50 	13,23,28,566		10.33,7.29	1000,1 	0
1584    	29.96, -15.94, -6.88 	-0.26, 1.24, -6.62 	21.65, 12.50 	13,23,28,575		0.00,13.28	1000,1 	0
1593    	29.96, -15.95, -6.86 	-0.18, 1.24, -6.60 	21.65, 12.50 	13,23,28,585		1.18,8.55	1000,1 	0
1602    	29.94, -16.00, -6.86 	-0.04, 1.29, -6.60 	21.65, 12.50 	13,23,28,595		5.72,16.66	1000,1 	0
1610    	29.94, -15.99, -6.86 	0.07, 1.31, -6.60 	21.65, 12.50 	13,23,28,604		1.33,13.46	1000,1 	0
1619    	29.90, -16.02, -6.86 	0.32, 1.34, -6.62 	21.65, 12.50 	13,23,28,614		5.56,27.98	1000,1 	0
1628    	29.92, -15.96, -6.83 	0.58, 1.38, -6.62 	21.65, 12.50 	13,23,28,624		6.30,29.19	1000,1 	0
1636    	29.93, -15.99, -6.81 	0.88, 1.41, -6.61 	21.65, 12.50 	13,23,28,633		2.92,37.45	1000,1 	0
1646    	29.89, -16.01, -6.82 	1.07, 1.40, -6.57 	21.65, 12.50 	13,23,28,644		4.40,19.25	1000,1 	0
1654    	29.89, -16.03, -6.82 	1.26, 1.39, -6.55 	21.65, 12.50 	13,23,28,653		2.66,24.12	1000,1 	0
1662    	29.88, -16.03, -6.80 	1.44, 1.37, -6.56 	21.65, 12.50 	13,23,28,662		1.20,23.05	1000,1 	0
1671    	29.86, -16.10, -6.79 	1.61, 1.38, -6.59 	21.65, 12.50 	13,23,28,672		8.56,18.20	1000,1 	0
1680    	29.90, -16.14, -6.79 	1.75, 1.39, -6.61 	21.65, 12.50 	13,23,28,682		5.56,16.07	1000,1 	0
1689    	29.90, -16.15, -6.78 	1.82, 1.46, -6.66 	21.65, 12.50 	13,23,28,692		1.18,11.10	1000,1 	0
1697    	29.89, -16.19, -6.76 	1.91, 1.55, -6.71 	21.65, 12.50 	13,23,28,701		5.46,15.97	1000,1 	0
1706    	29.91, -16.24, -6.74 	2.09, 1.62, -6.76 	21.65, 12.50 	13,23,28,711		6.29,20.85	1000,1 	0
1715    	29.88, -16.24, -6.74 	2.18, 1.65, -6.79 	21.65, 12.50 	13,23,28,721		3.21,11.22	1000,1 	0
1723    	29.89, -16.23, -6.75 	2.22, 1.64, -6.80 	21.65, 12.50 	13,23,28,730		1.80,5.01	1000,1 	0
1732    	29.96, -16.27, -6.75 	2.36, 1.66, -6.82 	21.65, 12.50 	13,23,28,740		9.78,15.12	1000,1 	0
1741    	29.89, -16.40, -6.74 	2.46, 1.66, -6.83 	21.65, 12.50 	13,23,28,750		16.59,11.76	1000,1 	0
1749    	30.00, -16.44, -6.72 	2.62, 1.72, -6.84 	21.65, 12.50 	13,23,28,759		15.40,21.85	1000,1 	0
1758    	29.96, -16.53, -6.70 	2.81, 1.75, -6.87 	21.65, 12.50 	13,23,28,769		10.40,20.57	1000,1 	0
1767    	29.99, -16.61, -6.67 	2.95, 1.82, -6.93 	21.65, 12.50 	13,23,28,779		10.00,17.45	1000,1 	0
1775    	29.97, -16.67, -6.65 	3.09, 1.89, -6.96 	21.65, 12.50 	13,23,28,788		7.08,19.14	1000,1 	0
1784    	29.96, -16.72, -6.64 	3.25, 1.97, -6.99 	21.65, 12.50 	13,23,28,798		6.02,20.38	1000,1 	0
1793    	29.99, -16.80, -6.65 	3.47, 2.06, -7.03 	21.65, 12.50 	13,23,28,808		8.89,26.23	1000,1 	0
1801    	29.92, -16.86, -6.59 	3.69, 2.11, -7.06 	21.65, 12.50 	13,23,28,817		11.62,28.37	1000,1 	0
1810    	29.98, -16.88, -6.62 	3.89, 2.24, -7.12 	21.65, 12.50 	13,23,28,827		6.84,26.42	1000,1 	0
1819    	30.04, -16.86, -6.64 	4.21, 2.42, -7.19 	21.65, 12.50 	13,23,28,837		6.85,40.39	1000,1 	0
1827    	30.15, -16.88, -6.61 	4.52, 2.60, -7.27 	21.65, 12.50 	13,23,28,846		13.51,45.44	1000,1 	0
1836    	30.26, -16.93, -6.62 	4.74, 2.74, -7.31 	21.65, 12.50 	13,23,28,856		14.14,29.48	1000,1 	0
1845    	30.31, -17.06, -6.57 	4.91, 2.87, -7.37 	21.65, 12.50 	13,23,28,866		15.18,22.93	1000,1 	0
1853    	30.33, -17.12, -6.57 	5.09, 3.02, -7.43 	21.65, 12.50 	13,23,28,875		7.08,29.32	1000,1 	0
1862    	30.33, -17.12, -6.56 	5.18, 3.13, -7.47 	21.65, 12.50 	13,23,28,885		0.00,16.76	1000,1 	0
1871    	30.38, -17.12, -6.53 	5.32, 3.26, -7.51 	21.65, 12.50 	13,23,28,895		5.35,20.52	1000,1 	0
1879    	30.42, -17.13, -6.58 	5.45, 3.36, -7.55 	21.65, 12.50 	13,23,28,904		5.00,20.55	1000,1 	0
1888    	30.45, -17.22, -6.57 	5.63, 3.49, -7.60 	21.65, 12.50 	13,23,28,914		11.48,25.33	1000,1 	0
1897    	30.44, -17.25, -6.57 	5.82, 3.71, -7.70 	21.65, 12.50 	13,23,28,924		3.71,31.73	1000,1 	0
1906    	30.60, -17.30, -6.57 	6.10, 3.91, -7.76 	21.65, 12.50 	13,23,28,934		17.77,38.08	1000,1 	0
1914    	30.60, -17.35, -6.60 	6.32, 4.12, -7.84 	21.65, 12.50 	13,23,28,943		6.66,38.18	1000,1 	0
1924    	30.67, -17.40, -6.62 	6.47, 4.28, -7.87 	21.65, 12.50 	13,23,28,953		8.59,21.41	1000,1 	0
1933    	30.73, -17.54, -6.61 	6.64, 4.41, -7.90 	21.65, 12.50 	13,23,28,963		17.11,23.78	1000,1 	0
1941    	30.79, -17.66, -6.54 	6.82, 4.46, -7.93 	21.65, 12.50 	13,23,28,972		16.33,23.72	1000,1 	0
1950    	30.90, -17.77, -6.53 	6.93, 4.56, -7.97 	21.65, 12.50 	13,23,28,982		16.69,16.59	1000,1 	0
1959    	30.93, -17.90, -6.46 	7.05, 4.58, -7.99 	21.65, 12.50 	13,23,28,992		15.97,14.07	1000,1 	0
1967    	30.91, -17.96, -6.46 	7.12, 4.65, -8.01 	21.65, 12.50 	13,23,29,1		7.58,11.54	1000,1 	0
1976    	30.91, -18.06, -6.48 	7.24, 4.74, -8.06 	21.65, 12.50 	13,23,29,11		11.84,17.41	1000,1 	0
1985    	30.92, -18.09, -6.53 	7.42, 4.88, -8.11 	21.65, 12.50 	13,23,29,21		3.19,25.33	1000,1 	0
1993    	30.92, -18.18, -6.53 	7.65, 5.04, -8.18 	21.65, 12.50 	13,23,29,30		12.05,34.90	1000,1 	0
2002    	31.08, -18.17, -6.49 	7.84, 5.19, -8.22 	21.65, 12.50 	13,23,29,39		18.24,26.89	1000,1 	0
2011    	31.12, -18.15, -6.53 	8.04, 5.30, -8.25 	21.65, 12.50 	13,23,29,49		4.89,24.89	1000,1 	0
2019    	31.22, -18.27, -6.51 	8.23, 5.40, -8.25 	21.65, 12.50 	13,23,29,59		19.74,26.74	1000,1 	0
2028    	31.31, -18.31, -6.49 	8.47, 5.56, -8.28 	21.65, 12.50 	13,23,29,68		10.73,31.90	1000,1 	0
2037    	31.39, -18.47, -6.49 	8.71, 5.70, -8.32 	21.65, 12.50 	13,23,29,78		19.71,31.27	1000,1 	0
2045    	31.45, -18.47, -6.46 	8.89, 5.81, -8.34 	21.65, 12.50 	13,23,29,88		8.43,26.30	1000,1 	0
2055    	31.43, -18.48, -6.49 	9.11, 5.90, -8.35 	21.65, 12.50 	13,23,29,98		3.08,24.00	1000,1 	0
2063    	31.36, -18.55, -6.50 	9.26, 5.97, -8.33 	21.65, 12.50 	13,23,29,107		12.57,20.74	1000,1 	0
2071    	31.43, -18.64, -6.47 	9.46, 6.04, -8.33 	21.65, 12.50 	13,23,29,117		14.36,25.68	1000,1 	0
2080    	31.39, -18.69, -6.46 	9.67, 6.16, -8.34 	21.65, 12.50 	13,23,29,126		7.98,26.74	1000,1 	0
2089    	31.45, -18.70, -6.49 	9.86, 6.26, -8.37 	21.65, 12.50 	13,23,29,136		7.59,24.31	1000,1 	0
2098    	31.53, -18.64, -6.44 	10.11, 6.39, -8.37 	21.65, 12.50 	13,23,29,146		11.13,31.05	1000,1 	0
2106    	31.53, -18.68, -6.42 	10.33, 6.53, -8.38 	21.65, 12.50 	13,23,29,155		5.33,33.17	1000,1 	0
2115    	31.64, -18.76, -6.35 	10.52, 6.66, -8.37 	21.65, 12.50 	13,23,29,165		14.39,25.52	1000,1 	0
2124    	31.68, -18.78, -6.39 	10.65, 6.77, -8.35 	21.65, 12.50 	13,23,29,175		4.89,18.97	1000,1 	0
2132    	31.64, -18.92, -6.36 	10.80, 6.87, -8.34 	21.65, 12.50 	13,23,29,184		17.97,22.29	1000,1 	0
2141    	31.64, -18.99, -6.33 	10.93, 6.98, -8.34 	21.65, 12.50 	13,23,29,194		8.29,18.97	1000,1 	0
2150    	31.59, -19.12, -6.27 	11.11, 7.10, -8.34 	21.65, 12.50 	13,23,29,204		15.18,23.99	1000,1 	0
2158    	31.53, -19.10, -6.29 	11.29, 7.20, -8.33 	21.65, 12.50 	13,23,29,213		7.70,25.27	1000,1 	0
2167    	31.63, -19.25, -6.28 	11.47, 7.35, -8.33 	21.65, 12.50 	13,23,29,223		19.72,26.06	1000,1 	0
2176    	31.62, -19.23, -6.27 	11.65, 7.44, -8.34 	21.65, 12.50 	13,23,29,233		2.60,22.81	1000,1 	0
2184    	31.74, -19.22, -6.24 	11.82, 7.47, -8.29 	21.65, 12.50 	13,23,29,242		15.71,21.96	1000,1 	0
2193    	31.80, -19.18, -6.23 	11.99, 7.57, -8.27 	21.65, 12.50 	13,23,29,252		7.34,20.95	1000,1 	0
2202    	31.90, -19.12, -6.17 	12.17, 7.69, -8.27 	21.65, 12.50 	13,23,29,262		12.85,23.99	1000,1 	0
2210    	31.84, -19.27, -6.22 	12.36, 7.82, -8.28 	21.65, 12.50 	13,23,29,271		20.00,29.46	1000,1 	0
2219    	31.93, -19.28, -6.17 	12.51, 7.90, -8.25 	21.65, 12.50 	13,23,29,281		10.77,18.91	1000,1 	0
2228    	31.94, -19.41, -6.11 	12.63, 7.95, -8.22 	21.65, 12.50 	13,23,29,291		14.25,14.06	1000,1 	0
2236    	31.90, -19.48, -6.08 	12.76, 8.00, -8.21 	21.65, 12.50 	13,23,29,300		11.10,18.02	1000,1 	0
2245    	31.89, -19.52, -6.06 	12.85, 8.10, -8.20 	21.65, 12.50 	13,23,29,310		4.86,14.28	1000,1 	0
2254    	31.89, -19.55, -6.03 	12.99, 8.27, -8.21 	21.65, 12.50 	13,23,29,320		2.37,24.68	1000,1 	0
2263    	31.88, -19.63, -6.02 	13.13, 8.36, -8.21 	21.65, 12.50 	13,23,29,330		9.53,19.14	1000,1 	0
2271    	31.91, -19.61, -6.02 	13.27, 8.48, -8.22 	21.65, 12.50 	13,23,29,339		4.49,22.19	1000,1 	0
2280    	31.98, -19.61, -6.03 	13.39, 8.54, -8.20 	21.65, 12.50 	13,23,29,349		8.56,15.53	1000,1 	0
2289    	32.07, -19.61, -5.98 	13.52, 8.63, -8.20 	21.65, 12.50 	13,23,29,359		9.63,16.72	1000,1 	0
2297    	32.05, -19.60, -5.98 	13.68, 8.74, -8.19 	21.65, 12.50 	13,23,29,368		2.75,25.00	1000,1 	0
2306    	32.08, -19.66, -6.00 	13.83, 8.79, -8.14 	21.65, 12.50 	13,23,29,378		7.79,18.03	1000,1 	0
2315    	32.13, -19.67, -5.99 	13.93, 8.86, -8.11 	21.65, 12.50 	13,23,29,388		5.48,12.76	1000,1 	0
2323    	32.12, -19.74, -5.93 	14.04, 8.94, -8.07 	21.65, 12.50 	13,23,29,397		8.08,16.89	1000,1 	0
2332    	32.05, -19.78, -5.92 	14.17, 9.03, -8.04 	21.65, 12.50 	13,23,29,407		8.87,17.61	1000,1 	0
2341    	31.99, -19.73, -5.91 	14.32, 9.16, -8.02 	21.65, 12.50 	13,23,29,417		8.73,22.87	1000,1 	0
2349    	31.96, -19.81, -5.91 	14.43, 9.26, -7.98 	21.65, 12.50 	13,23,29,426		11.25,17.75	1000,1 	0
2358    	32.00, -19.77, -5.92 	14.53, 9.34, -7.98 	21.65, 12.50 	13,23,29,436		6.39,15.01	1000,1 	0
2367    	32.10, -19.68, -5.94 	14.69, 9.45, -7.95 	21.65, 12.50 	13,23,29,446		14.30,20.68	1000,1 	0
2375    	32.13, -19.67, -5.88 	14.89, 9.60, -7.94 	21.65, 12.50 	13,23,29,455		3.85,31.21	1000,1 	0
2384    	32.08, -19.62, -5.91 	15.09, 9.66, -7.88 	21.65, 12.50 	13,23,29,465		7.98,23.46	1000,1 	0
2393    	32.09, -19.68, -5.87 	15.24, 9.77, -7.87 	21.65, 12.50 	13,23,29,475		7.18,20.68	1000,1 	0
2401    	32.17, -19.71, -5.82 	15.40, 9.88, -7.84 	21.65, 12.50 	13,23,29,484		9.99,24.04	1000,1 	0
2410    	32.22, -19.78, -5.81 	15.56, 9.97, -7.82 	21.65, 12.50 	13,23,29,494		10.48,20.38	1000,1 	0
2419    	32.18, -19.81, -5.79 	15.66, 9.99, -7.77 	21.65, 12.50 	13,23,29,504		6.43,11.96	1000,1 	0
2427    	32.16, -19.83, -5.83 	15.76, 10.02, -7.76 	21.65, 12.50 	13,23,29,513		3.59,12.62	1000,1 	0
2436    	32.18, -19.79, -5.84 	15.91, 10.08, -7.75 	21.65, 12.50 	13,23,29,523		5.20,18.43	1000,1 	0
2445    	32.14, -19.84, -5.79 	16.04, 10.14, -7.74 	21.65, 12.50 	13,23,29,533		7.31,15.53	1000,1 	0
2454    	32.17, -19.82, -5.80 	16.22, 10.23, -7.74 	21.65, 12.50 	13,23,29,543		3.99,22.30	1000,1 	0
2462    	32.14, -19.81, -5.80 	16.33, 10.31, -7.75 	21.65, 12.50 	13,23,29,552		3.85,16.89	1000,1 	0
2471    	32.23, -19.82, -5.82 	16.45, 10.40, -7.75 	21.65, 12.50 	13,23,29,562		10.77,16.72	1000,1 	0
2480    	32.33, -19.78, -5.79 	16.59, 10.45, -7.72 	21.65, 12.50 	13,23,29,572		11.71,17.02	1000,1 	0
2488    	32.27, -19.81, -5.76 	16.69, 10.49, -7.70 	21.65, 12.50 	13,23,29,581		8.26,13.09	1000,1 	0
2497    	32.24, -19.81, -5.72 	16.82, 10.53, -7.69 	21.65, 12.50 	13,23,29,591		3.21,15.64	1000,1 	0
2506    	32.20, -19.88, -5.73 	16.96, 10.52, -7.68 	21.65, 12.50 	13,23,29,601		8.30,15.04	1000,1 	0
2514    	32.20, -19.90, -5.69 	17.06, 10.55, -7.66 	21.65, 12.50 	13,23,29,610		2.66,12.62	1000,1 	0
2523    	32.24, -19.97, -5.66 	17.19, 10.61, -7.66 	21.65, 12.50 	13,23,29,620		9.32,16.02	1000,1 	0
2532    	32.16, -19.96, -5.69 	17.33, 10.65, -7.64 	21.65, 12.50 	13,23,29,630		9.71,16.66	1000,1 	0
2540    	32.21, -19.95, -5.67 	17.49, 10.71, -7.63 	21.65, 12.50 	13,23,29,639		7.35,20.74	1000,1 	0
2549    	32.17, -19.98, -5.66 	17.70, 10.79, -7.64 	21.65, 12.50 	13,23,29,649		6.42,25.24	1000,1 	0
2558    	32.19, -19.96, -5.70 	17.92, 10.92, -7.65 	21.65, 12.50 	13,23,29,659		3.99,28.24	1000,1 	0
2566    	32.24, -19.96, -5.66 	18.17, 11.02, -7.64 	21.65, 12.50 	13,23,29,668		6.02,33.83	1000,1 	0
2575    	32.24, -19.97, -5.67 	18.28, 11.10, -7.64 	21.65, 12.50 	13,23,29,678		1.18,15.18	1000,1 	0
2584    	32.22, -20.09, -5.62 	18.36, 11.10, -7.63 	21.65, 12.50 	13,23,29,688		13.20,8.55	1000,1 	0
2592    	32.15, -20.12, -5.64 	18.44, 11.14, -7.62 	21.65, 12.50 	13,23,29,697		10.43,10.94	1000,1 	0
2602    	32.22, -20.09, -5.62 	18.56, 11.18, -7.62 	21.65, 12.50 	13,23,29,708		8.35,13.16	1000,1 	0
2610    	32.20, -20.15, -5.56 	18.62, 11.18, -7.59 	21.65, 12.50 	13,23,29,717		8.35,7.22	1000,1 	0
2618    	32.19, -20.14, -5.55 	18.69, 11.19, -7.58 	21.65, 12.50 	13,23,29,726		1.79,8.51	1000,1 	0
2627    	32.21, -20.16, -5.57 	18.72, 11.21, -7.58 	21.65, 12.50 	13,23,29,736		3.19,3.96	1000,1 	0
2636    	32.24, -20.13, -5.56 	18.81, 11.24, -7.58 	21.65, 12.50 	13,23,29,746		4.79,11.22	1000,1 	0
2645    	32.30, -20.13, -5.55 	18.88, 11.26, -7.55 	21.65, 12.50 	13,23,29,756		6.42,7.82	1000,1 	0
2653    	32.30, -20.13, -5.59 	18.96, 11.31, -7.56 	21.65, 12.50 	13,23,29,765		0.00,10.94	1000,1 	0
2662    	32.41, -20.11, -5.58 	19.03, 11.33, -7.53 	21.65, 12.50 	13,23,29,775		12.01,8.84	1000,1 	0
2671    	32.39, -20.19, -5.58 	19.15, 11.34, -7.51 	21.65, 12.50 	13,23,29,785		8.56,12.87	1000,1 	0
2679    	32.41, -20.23, -5.50 	19.23, 11.33, -7.47 	21.65, 12.50 	13,23,29,794		5.84,9.74	1000,1 	0
2688    	32.31, -20.27, -5.50 	19.28, 11.33, -7.42 	21.65, 12.50 	13,23,29,804		11.71,6.42	1000,1 	0
2697    	32.30, -20.36, -5.49 	19.37, 11.28, -7.37 	21.65, 12.50 	13,23,29,814		9.53,10.80	1000,1 	0
2705    	32.24, -20.39, -5.52 	19.44, 11.27, -7.34 	21.65, 12.50 	13,23,29,823		8.26,8.55	1000,1 	0
2714    	32.34, -20.33, -5.50 	19.53, 11.31, -7.32 	21.65, 12.50 	13,23,29,833		12.24,11.64	1000,1 	0
2723    	32.26, -20.30, -5.52 	19.62, 11.39, -7.30 	21.65, 12.50 	13,23,29,843		9.27,12.62	1000,1 	0
2731    	32.26, -20.32, -5.51 	19.69, 11.45, -7.29 	21.65, 12.50 	13,23,29,852		2.66,11.54	1000,1 	0
2740    	32.26, -20.32, -5.55 	19.73, 11.48, -7.27 	21.65, 12.50 	13,23,29,862		0.00,6.38	1000,1 	0
2749    	32.27, -20.27, -5.53 	19.74, 11.48, -7.26 	21.65, 12.50 	13,23,29,872		6.02,1.07	1000,1 	0
2757    	32.26, -20.32, -5.55 	19.82, 11.52, -7.27 	21.65, 12.50 	13,23,29,881		6.77,10.94	1000,1 	0
2766    	32.22, -20.40, -5.51 	19.86, 11.53, -7.25 	21.65, 12.50 	13,23,29,891		9.33,4.42	1000,1 	0
2775    	32.25, -20.42, -5.48 	19.87, 11.50, -7.25 	21.65, 12.50 	13,23,29,901		3.99,3.74	1000,1 	0
2783    	32.29, -20.37, -5.48 	19.90, 11.50, -7.24 	21.65, 12.50 	13,23,29,910		8.22,3.61	1000,1 	0
2792    	32.30, -20.39, -5.46 	19.93, 11.50, -7.24 	21.65, 12.50 	13,23,29,920		2.60,3.21	1000,1 	0
2801    	32.29, -20.37, -5.48 	19.94, 11.50, -7.24 	21.65, 12.50 	13,23,29,930		2.60,1.07	1000,1 	0
2809    	32.26, -20.44, -5.50 	19.99, 11.52, -7.23 	21.65, 12.50 	13,23,29,939		10.00,7.66	1000,1 	0
2819    	32.25, -20.44, -5.50 	20.06, 11.51, -7.22 	21.65, 12.50 	13,23,29,950		0.96,6.84	1000,1 	0
2827    	32.23, -20.43, -5.46 	20.13, 11.53, -7.23 	21.65, 12.50 	13,23,29,959		2.75,8.80	1000,1 	0
2836    	32.29, -20.43, -5.48 	20.24, 11.55, -7.21 	21.65, 12.50 	13,23,29,969		6.42,13.01	1000,1 	0
2844    	32.37, -20.42, -5.48 	20.42, 11.59, -7.21 	21.65, 12.50 	13,23,29,978		9.73,22.23	1000,1 	0
2853    	32.38, -20.45, -5.46 	20.60, 11.65, -7.17 	21.65, 12.50 	13,23,29,988		3.71,21.08	1000,1 	0
2862    	32.39, -20.47, -5.44 	20.74, 11.64, -7.12 	21.65, 12.50 	13,23,29,998		2.60,16.04	1000,1 	0
2870    	32.35, -20.43, -5.43 	20.92, 11.65, -7.09 	21.65, 12.50 	13,23,30,7		7.18,21.68	1000,1 	0
2879    	32.40, -20.48, -5.39 	21.01, 11.70, -7.06 	21.65, 12.50 	13,23,30,17		7.98,11.64	1000,1 	0
2888    	32.38, -20.47, -5.41 	21.12, 11.73, -7.05 	21.65, 12.50 	13,23,30,27		2.45,12.24	1000,1 	0
2896    	32.38, -20.48, -5.44 	21.18, 11.78, -7.05 	21.65, 12.50 	13,23,30,36		1.33,9.76	1000,1 	0
2905    	32.36, -20.47, -5.40 	21.19, 11.84, -7.05 	21.65, 12.50 	13,23,30,46		2.45,7.41	1000,1 	0
2914    	32.41, -20.53, -5.41 	21.25, 11.89, -7.03 	21.65, 12.50 	13,23,30,56		7.98,7.93	1000,1 	0
2922    	32.39, -20.50, -5.43 	21.29, 11.91, -7.01 	21.65, 12.50 	13,23,30,65		3.59,5.47	1000,1 	0
2931    	32.40, -20.52, -5.42 	21.29, 11.94, -7.00 	21.65, 12.50 	13,23,30,75		1.60,3.56	1000,1 	0
2940    	32.37, -20.56, -5.43 	21.33, 11.97, -7.00 	21.65, 12.50 	13,23,30,85		5.72,5.53	1000,1 	0
2948    	32.37, -20.56, -5.44 	21.34, 12.01, -7.01 	21.65, 12.50 	13,23,30,94		0.00,5.46	1000,1 	0
2957    	32.37, -20.55, -5.44 	21.35, 12.02, -7.00 	21.65, 12.50 	13,23,30,104		1.18,1.59	1000,1 	0
2966    	32.37, -20.55, -5.40 	21.34, 12.04, -7.01 	21.65, 12.50 	13,23,30,114		0.00,1.61	1000,1 	0
2974    	32.36, -20.54, -5.41 	21.34, 12.04, -7.01 	21.65, 12.50 	13,23,30,123		1.79,0.00	1000,1 	0
2983    	32.31, -20.57, -5.44 	21.33, 12.04, -7.00 	21.65, 12.50 	13,23,30,133		6.43,1.07	1000,1 	0
2992    	32.32, -20.59, -5.45 	21.33, 12.04, -7.00 	21.65, 12.50 	13,23,30,143		2.60,0.00	1000,1 	0
3001    	32.34, -20.59, -5.46 	21.32, 12.06, -7.01 	21.65, 12.50 	13,23,30,153		2.14,2.62	1000,1 	0
3009    	32.30, -20.56, -5.46 	21.30, 12.07, -7.01 	21.65, 12.50 	13,23,30,162		6.26,2.77	1000,1 	0
3018    	32.33, -20.58, -5.44 	21.30, 12.05, -7.00 	21.65, 12.50 	13,23,30,172		3.99,2.38	1000,1 	0
3027    	32.42, -20.50, -5.45 	21.29, 12.07, -7.00 	21.65, 12.50 	13,23,30,182		12.71,2.62	1000,1 	0
3035    	32.39, -20.46, -5.45 	21.28, 12.10, -7.00 	21.65, 12.50 	13,23,30,191		6.43,4.20	1000,1 	0
3044    	32.37, -20.53, -5.41 	21.20, 12.11, -6.99 	21.65, 12.50 	13,23,30,201		7.42,8.65	1000,1 	0
3053    	32.36, -20.52, -5.41 	21.12, 12.12, -6.98 	21.65, 12.50 	13,23,30,211		1.60,8.65	1000,1 	0
3061    	32.36, -20.60, -5.40 	21.10, 12.11, -6.98 	21.65, 12.50 	13,23,30,220		10.65,3.83	1000,1 	0
3070    	32.35, -20.60, -5.40 	21.05, 12.12, -6.98 	21.65, 12.50 	13,23,30,230		1.07,5.49	1000,1 	0
3079    	32.30, -20.61, -5.41 	20.99, 12.12, -6.98 	21.65, 12.50 	13,23,30,240		5.48,6.42	1000,1 	0
3087    	32.29, -20.62, -5.39 	20.98, 12.13, -6.97 	21.65, 12.50 	13,23,30,249		1.80,1.81	1000,1 	0
3096    	32.29, -20.64, -5.37 	20.96, 12.15, -6.97 	21.65, 12.50 	13,23,30,259		2.37,2.46	1000,1 	0
3105    	32.28, -20.70, -5.40 	20.92, 12.17, -6.98 	21.65, 12.50 	13,23,30,269		6.02,4.92	1000,1 	0
3113    	32.32, -20.65, -5.40 	20.93, 12.19, -6.98 	21.65, 12.50 	13,23,30,278		7.18,2.91	1000,1 	0
3122    	32.35, -20.69, -5.37 	20.91, 12.20, -6.98 	21.65, 12.50 	13,23,30,288		4.79,2.46	1000,1 	0
3131    	32.36, -20.60, -5.38 	20.91, 12.18, -6.98 	21.65, 12.50 	13,23,30,298		9.53,2.38	1000,1 	0
3139    	32.36, -20.60, -5.39 	20.91, 12.17, -6.98 	21.65, 12.50 	13,23,30,307		0.00,1.34	1000,1 	0
3148    	32.40, -20.65, -5.35 	20.86, 12.16, -6.98 	21.65, 12.50 	13,23,30,317		7.30,5.46	1000,1 	0
3157    	32.34, -20.66, -5.35 	20.87, 12.15, -6.97 	21.65, 12.50 	13,23,30,327		6.53,1.61	1000,1 	0
3165    	32.34, -20.68, -5.36 	20.86, 12.15, -6.97 	21.65, 12.50 	13,23,30,336		1.33,1.20	1000,1 	0
3175    	32.35, -20.68, -5.39 	20.84, 12.14, -6.98 	21.65, 12.50 	13,23,30,347		0.96,3.06	1000,1 	0
3183    	32.35, -20.69, -5.35 	20.85, 12.16, -6.98 	21.65, 12.50 	13,23,30,356		1.33,2.91	1000,1 	0
3192    	32.36, -20.69, -5.35 	20.86, 12.15, -6.98 	21.65, 12.50 	13,23,30,366		1.07,1.61	1000,1 	0
3200    	32.35, -20.61, -5.35 	20.83, 12.15, -6.96 	21.65, 12.50 	13,23,30,375		9.40,3.61	1000,1 	0
3209    	32.38, -20.65, -5.35 	20.84, 12.18, -6.97 	21.65, 12.50 	13,23,30,385		5.72,3.71	1000,1 	0
3218    	32.35, -20.70, -5.35 	20.85, 12.17, -6.97 	21.65, 12.50 	13,23,30,395		5.72,1.61	1000,1 	0
3226    	32.36, -20.71, -5.32 	20.86, 12.16, -6.97 	21.65, 12.50 	13,23,30,404		1.79,1.81	1000,1 	0
3235    	32.29, -20.70, -5.32 	20.86, 12.16, -6.96 	21.65, 12.50 	13,23,30,414		7.58,0.00	1000,1 	0
3244    	32.29, -20.69, -5.33 	20.85, 12.14, -6.96 	21.65, 12.50 	13,23,30,424		1.18,2.59	1000,1 	0
3252    	32.28, -20.69, -5.31 	20.84, 12.14, -6.96 	21.65, 12.50 	13,23,30,433		1.20,1.20	1000,1 	0
3261    	32.21, -20.70, -5.36 	20.84, 12.15, -6.97 	21.65, 12.50 	13,23,30,443		7.59,1.19	1000,1 	0
3270    	32.29, -20.70, -5.32 	20.83, 12.15, -6.95 	21.65, 12.50 	13,23,30,453		8.56,1.07	1000,1 	0
3278    	32.29, -20.69, -5.35 	20.82, 12.17, -6.97 	21.65, 12.50 	13,23,30,462		1.33,2.95	1000,1 	0
3287    	32.30, -20.69, -5.35 	20.82, 12.17, -6.97 	21.65, 12.50 	13,23,30,472		1.07,0.00	1000,1 	0
3296    	32.30, -20.69, -5.35 	20.81, 12.16, -6.96 	21.65, 12.50 	13,23,30,482		0.00,1.59	1000,1 	0
3304    	32.35, -20.65, -5.36 	20.81, 12.16, -6.96 	21.65, 12.50 	13,23,30,491		7.23,0.00	1000,1 	0
3313    	32.35, -20.64, -5.36 	20.81, 12.16, -6.95 	21.65, 12.50 	13,23,30,501		1.18,0.00	1000,1 	0
3322    	32.32, -20.60, -5.37 	20.81, 12.16, -6.95 	21.65, 12.50 	13,23,30,511		5.72,0.00	1000,1 	0
3330    	32.33, -20.62, -5.33 	20.80, 12.16, -6.96 	21.65, 12.50 	13,23,30,520		2.92,1.20	1000,1 	0
3339    	32.31, -20.59, -5.34 	20.80, 12.16, -6.95 	21.65, 12.50 	13,23,30,530		4.15,0.00	1000,1 	0
3348    	32.31, -20.58, -5.34 	20.80, 12.18, -6.95 	21.65, 12.50 	13,23,30,540		1.18,2.38	1000,1 	0
3357    	32.30, -20.64, -5.36 	20.80, 12.16, -6.95 	0.00, -0.00 	13,23,30,560		7.18,2.38	1000,1 	0
3365    	32.34, -20.60, -5.37 	20.81, 12.17, -6.95 	0.00, -0.00 	13,23,30,569		11.50,2.86	1000,1 	0
3374    	32.41, -20.58, -5.34 	20.80, 12.15, -6.96 	0.00, -0.00 	13,23,30,579		13.33,3.89	1000,1 	0
3382    	32.39, -20.55, -5.35 	20.80, 12.15, -6.96 	0.00, -0.00 	13,23,30,588		8.62,0.00	1000,1 	0
3391    	32.40, -20.58, -5.33 	20.80, 12.15, -6.96 	0.00, -0.00 	13,23,30,598		5.56,0.00	1000,1 	0
3400    	32.41, -20.59, -5.30 	20.80, 12.16, -6.96 	0.00, -0.00 	13,23,30,608		3.67,1.78	1000,1 	0
3408    	32.41, -20.59, -5.30 	20.82, 12.17, -6.96 	0.00, -0.00 	13,23,30,617		0.00,4.38	1000,1 	0
3417    	32.36, -20.61, -5.26 	20.81, 12.18, -6.96 	0.00, -0.00 	13,23,30,627		10.27,2.42	1000,1 	0
3426    	32.35, -20.66, -5.29 	20.82, 12.18, -6.96 	0.00, -0.00 	13,23,30,637		9.02,1.60	1000,1 	0
3434    	32.35, -20.66, -5.29 	20.82, 12.17, -6.96 	0.00, -0.00 	13,23,30,646		0.00,2.14	1000,1 	0
3443    	32.34, -20.66, -5.31 	20.81, 12.18, -6.96 	0.00, -0.00 	13,23,30,656		1.61,2.42	1000,1 	0
3452    	32.38, -20.62, -5.32 	20.81, 12.18, -6.95 	0.00, -0.00 	13,23,30,666		9.58,0.00	1000,1 	0
3460    	32.39, -20.65, -5.30 	20.80, 12.18, -6.95 	0.00, -0.00 	13,23,30,675		5.56,1.60	1000,1 	0
3469    	32.39, -20.65, -5.30 	20.80, 12.18, -6.95 	0.00, -0.00 	13,23,30,685		0.00,0.00	1000,1 	0
3478    	32.35, -20.68, -5.26 	20.79, 12.17, -6.95 	0.00, -0.00 	13,23,30,695		7.34,2.38	1000,1 	0
3486    	32.36, -20.68, -5.25 	20.80, 12.18, -6.95 	0.00, -0.00 	13,23,30,704		1.60,2.38	1000,1 	0
3495    	32.30, -20.70, -5.26 	20.81, 12.18, -6.95 	0.00, -0.00 	13,23,30,714		10.27,1.60	1000,1 	0
3504    	32.31, -20.71, -5.23 	20.81, 12.17, -6.96 	0.00, -0.00 	13,23,30,724		2.87,2.14	1000,1 	0
3512    	32.22, -20.76, -5.25 	20.79, 12.16, -6.95 	0.00, -0.00 	13,23,30,733		16.97,3.65	1000,1 	0
3521    	32.24, -20.77, -5.26 	20.78, 12.16, -6.95 	0.00, -0.00 	13,23,30,743		3.67,1.60	1000,1 	0
3530    	32.24, -20.78, -5.26 	20.77, 12.15, -6.95 	0.00, -0.00 	13,23,30,753		1.78,2.38	1000,1 	0
3539    	32.24, -20.78, -5.26 	20.78, 12.15, -6.95 	0.00, -0.00 	13,23,30,763		0.00,1.60	1000,1 	0
3548    	32.24, -20.78, -5.26 	20.78, 12.15, -6.96 	0.00, -0.00 	13,23,30,773		0.00,0.00	1000,1 	0
3556    	32.25, -20.79, -5.26 	20.78, 12.15, -6.96 	0.00, -0.00 	13,23,30,782		2.39,0.00	1000,1 	0
3565    	32.29, -20.72, -5.24 	20.76, 12.16, -6.96 	0.00, -0.00 	13,23,30,792		14.00,3.69	1000,1 	0
3573    	32.29, -20.73, -5.24 	20.75, 12.15, -6.95 	0.00, -0.00 	13,23,30,801		1.78,2.38	1000,1 	0
3582    	32.28, -20.78, -5.26 	20.75, 12.16, -6.96 	0.00, -0.00 	13,23,30,811		7.73,1.53	1000,1 	0
3591    	32.27, -20.77, -5.26 	20.75, 12.16, -6.96 	0.00, -0.00 	13,23,30,821		2.39,0.00	1000,1 	0
3599    	32.20, -20.79, -5.26 	20.75, 12.16, -6.96 	0.00, -0.00 	13,23,30,830		11.79,0.00	1000,1 	0
3608    	32.20, -20.80, -5.26 	20.77, 12.16, -6.96 	0.00, -0.00 	13,23,30,840		1.52,2.75	1000,1 	0
3617    	32.20, -20.79, -5.26 	20.76, 12.16, -6.96 	0.00, -0.00 	13,23,30,850		1.78,1.60	1000,1 	0
3625    	32.23, -20.75, -5.27 	20.75, 12.17, -6.96 	0.00, -0.00 	13,23,30,859		8.59,2.42	1000,1 	0
3634    	32.24, -20.75, -5.27 	20.75, 12.17, -6.96 	0.00, -0.00 	13,23,30,869		1.38,0.00	1000,1 	0
3643    	32.21, -20.73, -5.29 	20.75, 12.17, -6.96 	0.00, -0.00 	13,23,30,879		5.13,0.00	1000,1 	0
3651    	32.18, -20.77, -5.29 	20.75, 12.17, -6.96 	0.00, -0.00 	13,23,30,888		8.58,0.00	1000,1 	0
3660    	32.25, -20.75, -5.27 	20.75, 12.17, -6.96 	0.00, -0.00 	13,23,30,898		10.11,0.00	1000,1 	0
3669    	32.24, -20.75, -5.27 	20.75, 12.17, -6.96 	0.00, -0.00 	13,23,30,908		1.38,0.00	1000,1 	0
3677    	32.25, -20.75, -5.27 	20.75, 12.17, -6.96 	0.00, -0.00 	13,23,30,917		1.61,0.00	1000,1 	0
3686    	32.24, -20.75, -5.27 	20.77, 12.18, -6.96 	0.00, -0.00 	13,23,30,927		1.38,3.13	1000,1 	0
3695    	32.27, -20.79, -5.26 	20.77, 12.18, -6.96 	0.00, -0.00 	13,23,30,937		7.35,0.00	1000,1 	0
3703    	32.28, -20.80, -5.23 	20.76, 12.17, -6.96 	0.00, -0.00 	13,23,30,946		2.39,2.38	1000,1 	0
3712    	32.21, -20.81, -5.23 	20.76, 12.17, -6.96 	0.00, -0.00 	13,23,30,956		9.75,0.00	1000,1 	0
3721    	32.20, -20.81, -5.23 	20.76, 12.17, -6.97 	0.00, -0.00 	13,23,30,966		1.38,0.00	1000,1 	0
3730    	32.23, -20.84, -5.24 	20.76, 12.17, -6.97 	0.00, -0.00 	13,23,30,976		5.98,0.00	1000,1 	0
3738    	32.23, -20.84, -5.24 	20.76, 12.17, -6.97 	0.00, -0.00 	13,23,30,985		0.00,0.00	1000,1 	0
3747    	32.21, -20.82, -5.26 	20.76, 12.17, -6.96 	0.00, -0.00 	13,23,30,995		3.14,0.00	1000,1 	0
3756    	32.19, -20.78, -5.24 	20.77, 12.16, -6.96 	0.00, -0.00 	13,23,31,5		7.79,2.42	1000,1 	0
3764    	32.24, -20.74, -5.21 	20.76, 12.17, -6.96 	0.00, -0.00 	13,23,31,14		10.72,2.42	1000,1 	0
3773    	32.24, -20.74, -5.20 	20.76, 12.17, -6.96 	0.00, -0.00 	13,23,31,24		0.00,0.00	1000,1 	0
3782    	32.16, -20.75, -5.20 	20.77, 12.16, -6.96 	0.00, -0.00 	13,23,31,34		12.97,2.42	1000,1 	0
3790    	32.16, -20.76, -5.20 	20.76, 12.17, -6.96 	0.00, -0.00 	13,23,31,43		1.78,2.42	1000,1 	0
3799    	32.16, -20.75, -5.20 	20.76, 12.17, -6.97 	0.00, -0.00 	13,23,31,53		1.52,0.00	1000,1 	0
3808    	32.18, -20.77, -5.22 	20.76, 12.17, -6.97 	0.00, -0.00 	13,23,31,63		4.79,0.00	1000,1 	0
3816    	32.15, -20.80, -5.23 	20.76, 12.16, -6.97 	0.00, -0.00 	13,23,31,72		7.18,1.78	1000,1 	0
3825    	32.18, -20.74, -5.25 	20.76, 12.16, -6.97 	0.00, -0.00 	13,23,31,82		10.02,0.00	1000,1 	0
3834    	32.17, -20.73, -5.25 	20.76, 12.16, -6.97 	0.00, -0.00 	13,23,31,92		2.05,0.00	1000,1 	0
3842    	32.17, -20.74, -5.25 	20.76, 12.16, -6.97 	0.00, -0.00 	13,23,31,101		1.78,0.00	1000,1 	0
3851    	32.20, -20.78, -5.24 	20.76, 12.16, -6.97 	0.00, -0.00 	13,23,31,111		7.35,0.00	1000,1 	0
3860    	32.18, -20.83, -5.21 	20.76, 12.16, -6.97 	0.00, -0.00 	13,23,31,121		8.09,0.00	1000,1 	0
3868    	32.11, -20.82, -5.21 	20.76, 12.17, -6.96 	0.00, -0.00 	13,23,31,130		12.97,1.78	1000,1 	0
3877    	32.11, -20.83, -5.21 	20.76, 12.17, -6.96 	0.00, -0.00 	13,23,31,140		1.52,0.00	1000,1 	0
3886    	32.11, -20.83, -5.21 	20.76, 12.17, -6.96 	0.00, -0.00 	13,23,31,150		0.00,0.00	1000,1 	0
3895    	32.11, -20.83, -5.21 	20.76, 12.17, -6.96 	0.00, -0.00 	13,23,31,160		0.00,0.00	1000,1 	0
3903    	32.10, -20.81, -5.20 	20.76, 12.16, -6.96 	0.00, -0.00 	13,23,31,169		3.90,1.78	1000,1 	0
3912    	32.09, -20.80, -5.20 	20.75, 12.15, -6.96 	0.00, -0.00 	13,23,31,179		2.05,2.04	1000,1 	0
3921    	32.11, -20.81, -5.21 	20.76, 12.16, -6.96 	0.00, -0.00 	13,23,31,189		3.67,2.38	1000,1 	0
3929    	32.12, -20.82, -5.21 	20.75, 12.15, -6.96 	0.00, -0.00 	13,23,31,198		2.39,2.38	1000,1 	0
3938    	32.12, -20.81, -5.21 	20.76, 12.16, -6.96 	0.00, -0.00 	13,23,31,208		1.52,2.04	1000,1 	0
3947    	32.08, -20.83, -5.21 	20.77, 12.16, -6.96 	0.00, -0.00 	13,23,31,218		7.34,1.60	1000,1 	0
3955    	32.02, -20.87, -5.18 	20.77, 12.17, -6.96 	0.00, -0.00 	13,23,31,227		11.01,1.78	0,0 	0
3964    	32.02, -20.86, -5.18 	20.77, 12.16, -6.96 	0.00, -0.00 	13,23,31,237		1.52,1.53	0,0 	0
3973    	32.02, -20.86, -5.18 	20.76, 12.15, -6.95 	0.00, -0.00 	13,23,31,247		0.00,2.38	0,0 	0
3981    	32.06, -20.90, -5.21 	20.77, 12.16, -6.95 	0.00, -0.00 	13,23,31,256		9.57,2.38	0,0 	0
3990    	32.04, -20.88, -5.19 	20.75, 12.16, -6.95 	0.00, -0.00 	13,23,31,266		4.10,2.75	0,0 	0
3999    	32.04, -20.88, -5.19 	20.75, 12.17, -6.95 	0.00, -0.00 	13,23,31,276		0.00,1.78	0,0 	0
4007    	32.06, -20.92, -5.19 	20.74, 12.16, -6.96 	0.00, -0.00 	13,23,31,285		6.68,2.04	0,0 	0
4016    	32.11, -20.88, -5.19 	20.75, 12.15, -6.95 	0.00, -0.00 	13,23,31,295		8.04,1.81	0,0 	0
4025    	32.08, -20.91, -5.20 	20.74, 12.16, -6.95 	0.00, -0.00 	13,23,31,305		5.39,1.81	0,0 	0
4033    	32.08, -20.93, -5.16 	20.74, 12.17, -6.94 	0.00, -0.00 	13,23,31,314		3.04,1.53	0,0 	0
4042    	32.08, -20.92, -5.16 	20.74, 12.17, -6.95 	0.00, -0.00 	13,23,31,324		1.52,0.00	0,0 	0
4051    	32.07, -20.91, -5.15 	20.74, 12.17, -6.95 	0.00, -0.00 	13,23,31,334		1.79,0.00	0,0 	0
4059    	32.08, -20.91, -5.16 	20.73, 12.17, -6.94 	0.00, -0.00 	13,23,31,343		1.38,1.37	0,0 	0
4068    	32.08, -20.92, -5.16 	20.73, 12.16, -6.95 	0.00, -0.00 	13,23,31,353		1.33,1.34	0,0 	0
4077    	32.08, -20.93, -5.16 	20.73, 12.16, -6.96 	0.00, -0.00 	13,23,31,363		1.33,0.00	0,0 	0
4086    	32.01, -20.93, -5.16 	20.72, 12.17, -6.94 	0.00, -0.00 	13,23,31,373		9.63,2.07	0,0 	0
4094    	32.10, -20.83, -5.18 	20.73, 12.17, -6.95 	0.00, -0.00 	13,23,31,382		18.47,1.37	0,0 	0
4103    	32.13, -20.86, -5.19 	20.72, 12.18, -6.96 	0.00, -0.00 	13,23,31,392		4.49,1.81	0,0 	0
4112    	32.04, -20.85, -5.18 	20.72, 12.18, -6.95 	0.00, -0.00 	13,23,31,402		12.48,0.00	0,0 	0
4120    	32.04, -20.87, -5.16 	20.73, 12.19, -6.95 	0.00, -0.00 	13,23,31,411		3.04,2.04	0,0 	0
4129    	32.08, -20.91, -5.15 	20.73, 12.18, -6.95 	0.00, -0.00 	13,23,31,421		7.18,1.34	0,0 	0
4138    	32.05, -20.96, -5.11 	20.73, 12.18, -6.95 	0.00, -0.00 	13,23,31,431		8.66,0.00	0,0 	0
4146    	32.05, -20.96, -5.11 	20.73, 12.18, -6.95 	0.00, -0.00 	13,23,31,440		0.00,0.00	0,0 	0
4155    	32.05, -20.96, -5.11 	20.70, 12.17, -6.96 	0.00, -0.00 	13,23,31,450		0.00,3.83	0,0 	0
4164    	32.05, -20.96, -5.11 	20.70, 12.19, -6.96 	0.00, -0.00 	13,23,31,460		0.00,3.05	0,0 	0
4172    	31.98, -20.96, -5.12 	20.70, 12.18, -6.95 	0.00, -0.00 	13,23,31,469		9.63,1.53	0,0 	0
4181    	32.03, -20.94, -5.13 	20.71, 12.19, -6.95 	0.00, -0.00 	13,23,31,479		6.59,1.78	0,0 	0
4190    	32.03, -20.93, -5.13 	20.71, 12.19, -6.95 	0.00, -0.00 	13,23,31,489		1.33,0.00	0,0 	0
4198    	32.10, -20.93, -5.13 	20.71, 12.19, -6.96 	0.00, -0.00 	13,23,31,498		9.63,0.00	0,0 	0
4207    	32.10, -20.93, -5.13 	20.70, 12.19, -6.95 	0.00, -0.00 	13,23,31,508		0.00,1.20	0,0 	0
4216    	32.14, -20.95, -5.15 	20.71, 12.19, -6.95 	0.00, -0.00 	13,23,31,518		6.58,1.20	0,0 	0
4224    	32.07, -20.95, -5.15 	20.71, 12.19, -6.95 	0.00, -0.00 	13,23,31,527		11.01,0.00	0,0 	0
4233    	32.08, -20.96, -5.12 	20.71, 12.20, -6.96 	0.00, -0.00 	13,23,31,537		1.79,1.34	0,0 	0
4242    	32.04, -21.03, -5.09 	20.71, 12.19, -6.96 	0.00, -0.00 	13,23,31,547		9.33,1.34	0,0 	0
4250    	32.03, -21.09, -5.10 	20.72, 12.19, -6.96 	0.00, -0.00 	13,23,31,556		9.24,1.37	0,0 	0
4259    	32.02, -21.08, -5.10 	20.71, 12.18, -6.96 	0.00, -0.00 	13,23,31,566		1.79,1.78	0,0 	0
4268    	31.93, -21.08, -5.14 	20.70, 12.19, -6.95 	0.00, -0.00 	13,23,31,576		10.84,1.81	0,0 	0
4276    	31.94, -21.09, -5.14 	20.70, 12.19, -6.95 	0.00, -0.00 	13,23,31,585		2.05,0.00	0,0 	0
4285    	32.03, -21.10, -5.15 	20.70, 12.19, -6.95 	0.00, -0.00 	13,23,31,595		10.92,0.00	0,0 	0
4294    	32.00, -21.07, -5.12 	20.71, 12.19, -6.95 	0.00, -0.00 	13,23,31,605		5.38,1.20	0,0 	0
4303    	31.97, -20.99, -5.15 	20.73, 12.19, -6.96 	0.00, -0.00 	13,23,31,615		11.42,2.75	0,0 	0
4311    	31.96, -20.99, -5.15 	20.72, 12.18, -6.95 	0.00, -0.00 	13,23,31,624		1.38,2.04	0,0 	0
4320    	32.00, -21.04, -5.18 	20.72, 12.19, -6.96 	0.00, -0.00 	13,23,31,634		7.18,1.34	0,0 	0
4329    	31.99, -21.04, -5.18 	20.70, 12.18, -6.96 	0.00, -0.00 	13,23,31,644		1.38,3.13	0,0 	0
4337    	31.96, -21.07, -5.17 	20.70, 12.18, -6.96 	0.00, -0.00 	13,23,31,653		6.16,0.00	0,0 	0
4346    	31.91, -21.10, -5.19 	20.67, 12.18, -6.96 	0.00, -0.00 	13,23,31,663		7.23,3.61	0,0 	0
4355    	31.90, -21.10, -5.15 	20.66, 12.19, -6.95 	0.00, -0.00 	13,23,31,673		1.38,2.07	0,0 	0
4363    	31.93, -21.05, -5.20 	20.64, 12.19, -6.94 	0.00, -0.00 	13,23,31,682		8.66,2.75	0,0 	0
4372    	32.04, -20.99, -5.19 	20.62, 12.21, -6.97 	0.00, -0.00 	13,23,31,692		14.83,3.62	0,0 	0
4381    	32.03, -20.99, -5.19 	20.60, 12.21, -6.97 	0.00, -0.00 	13,23,31,702		1.38,2.75	0,0 	0
4389    	31.99, -21.03, -5.17 	20.52, 12.20, -6.96 	0.00, -0.00 	13,23,31,711		7.15,12.44	0,0 	0
4398    	32.08, -21.03, -5.17 	20.41, 12.17, -6.95 	0.00, -0.00 	13,23,31,721		10.84,13.77	0,0 	0
4407    	32.07, -21.02, -5.21 	20.23, 12.11, -6.94 	0.00, -0.00 	13,23,31,731		1.79,24.11	0,0 	0
4415    	32.07, -21.02, -5.18 	19.96, 12.03, -6.92 	0.00, -0.00 	13,23,31,740		0.00,40.21	0,0 	0
4424    	31.93, -21.06, -5.22 	19.59, 11.92, -6.90 	0.00, -0.00 	13,23,31,750		17.68,48.59	0,0 	0
4433    	31.91, -21.05, -5.21 	19.20, 11.86, -6.90 	0.00, -0.00 	13,23,31,760		2.75,48.66	0,0 	0
4441    	31.90, -21.04, -5.21 	18.84, 11.78, -6.89 	0.00, -0.00 	13,23,31,769		2.05,53.47	0,0 	0
4450    	31.96, -20.99, -5.26 	18.60, 11.72, -6.89 	0.00, -0.00 	13,23,31,779		10.26,35.44	0,0 	0
4459    	31.99, -20.92, -5.26 	18.32, 11.61, -6.88 	0.00, -0.00 	13,23,31,789		10.00,37.17	0,0 	0
4468    	31.99, -20.92, -5.26 	18.00, 11.43, -6.88 	0.00, -0.00 	13,23,31,799		0.00,51.93	0,0 	0
4476    	32.04, -20.89, -5.30 	17.73, 11.26, -6.87 	0.00, -0.00 	13,23,31,808		8.26,45.28	0,0 	0
4485    	32.08, -20.83, -5.30 	17.49, 11.09, -6.87 	0.00, -0.00 	13,23,31,818		8.22,36.64	0,0 	0
4494    	32.12, -20.80, -5.32 	17.17, 10.94, -6.90 	0.00, -0.00 	13,23,31,828		7.15,51.74	0,0 	0
4503    	32.03, -20.89, -5.31 	16.81, 10.75, -6.95 	0.00, -0.00 	13,23,31,838		17.38,57.46	0,0 	0
4511    	31.99, -20.83, -5.33 	16.46, 10.57, -7.00 	0.00, -0.00 	13,23,31,847		9.39,56.76	0,0 	0
4520    	32.01, -20.79, -5.33 	16.08, 10.41, -7.06 	0.00, -0.00 	13,23,31,857		6.68,59.25	0,0 	0
4528    	32.04, -20.74, -5.36 	15.76, 10.33, -7.14 	0.00, -0.00 	13,23,31,866		8.66,46.81	0,0 	0
4537    	31.93, -20.65, -5.37 	15.44, 10.19, -7.22 	0.00, -0.00 	13,23,31,876		16.99,43.09	0,0 	0
4546    	31.99, -20.49, -5.48 	15.06, 9.98, -7.29 	0.00, -0.00 	13,23,31,886		24.28,62.50	0,0 	0
4554    	32.00, -20.38, -5.57 	14.65, 9.75, -7.36 	0.00, -0.00 	13,23,31,895		16.80,67.56	0,0 	0
4563    	32.06, -20.21, -5.65 	14.32, 9.61, -7.44 	0.00, -0.00 	13,23,31,905		22.51,44.20	0,0 	0
4572    	32.17, -19.91, -5.78 	13.98, 9.47, -7.50 	0.00, -0.00 	13,23,31,915		39.58,45.82	0,0 	0
4580    	32.12, -19.77, -5.83 	13.54, 9.29, -7.59 	0.00, -0.00 	13,23,31,924		20.94,68.00	0,0 	0
4589    	32.10, -19.58, -5.96 	13.11, 9.12, -7.70 	0.00, -0.00 	13,23,31,934		24.09,57.90	0,0 	0
4598    	32.01, -19.35, -6.07 	12.71, 8.98, -7.80 	0.00, -0.00 	13,23,31,944		29.99,53.18	0,0 	0
4606    	31.89, -19.14, -6.28 	12.33, 8.86, -7.91 	0.00, -0.00 	13,23,31,953		35.30,56.40	0,0 	0
4615    	31.80, -18.87, -6.44 	11.95, 8.79, -8.02 	0.00, -0.00 	13,23,31,963		35.01,48.88	0,0 	0
4624    	31.59, -18.74, -6.68 	11.57, 8.72, -8.14 	0.00, -0.00 	13,23,31,973		31.64,47.70	0,0 	0
4633    	31.62, -18.54, -6.88 	11.24, 8.65, -8.26 	0.00, -0.00 	13,23,31,983		27.71,48.85	0,0 	0
4641    	31.73, -18.20, -7.03 	10.98, 8.60, -8.34 	0.00, -0.00 	13,23,31,992		60.01,44.08	0,0 	0
4650    	31.78, -17.94, -7.13 	10.66, 8.56, -8.43 	0.00, -0.00 	13,23,32,2		33.84,39.98	0,0 	0
4659    	31.84, -17.66, -7.29 	10.34, 8.50, -8.52 	0.00, -0.00 	13,23,32,12		40.43,46.15	0,0 	0
4667    	32.03, -17.35, -7.38 	10.03, 8.38, -8.60 	0.00, -0.00 	13,23,32,21		52.04,48.67	0,0 	0
4676    	31.95, -17.13, -7.51 	9.77, 8.25, -8.66 	0.00, -0.00 	13,23,32,31		29.99,36.01	0,0 	0
4685    	31.94, -17.07, -7.56 	9.45, 8.18, -8.74 	0.00, -0.00 	13,23,32,41		7.73,46.46	0,0 	0
4694    	31.74, -17.12, -7.60 	9.11, 8.15, -8.78 	0.00, -0.00 	13,23,32,51		28.19,48.27	0,0 	0
4702    	31.58, -17.00, -7.76 	8.87, 8.14, -8.86 	0.00, -0.00 	13,23,32,60		28.76,34.38	0,0 	0
4711    	31.47, -16.85, -7.90 	8.62, 8.18, -8.96 	0.00, -0.00 	13,23,32,70		26.95,36.36	0,0 	0
4719    	31.47, -16.64, -7.95 	8.46, 8.28, -9.04 	0.00, -0.00 	13,23,32,79		30.44,27.29	0,0 	0
4728    	31.39, -16.40, -8.12 	8.21, 8.31, -9.10 	0.00, -0.00 	13,23,32,89		30.84,31.43	0,0 	0
4737    	31.39, -16.26, -8.18 	7.91, 8.29, -9.15 	0.00, -0.00 	13,23,32,99		19.79,42.68	0,0 	0
4745    	31.45, -16.02, -8.27 	7.57, 8.26, -9.18 	0.00, -0.00 	13,23,32,108		35.97,48.27	0,0 	0
4754    	31.50, -15.93, -8.31 	7.31, 8.21, -9.20 	0.00, -0.00 	13,23,32,118		12.24,33.06	0,0 	0
4763    	31.53, -15.83, -8.37 	6.99, 8.08, -9.17 	0.00, -0.00 	13,23,32,128		13.80,43.71	0,0 	0
4771    	31.48, -15.69, -8.40 	6.67, 7.95, -9.16 	0.00, -0.00 	13,23,32,137		20.94,48.67	0,0 	0
4780    	31.38, -15.48, -8.52 	6.33, 7.82, -9.15 	0.00, -0.00 	13,23,32,147		29.22,46.42	0,0 	0
4789    	31.39, -15.29, -8.54 	6.07, 7.70, -9.16 	0.00, -0.00 	13,23,32,157		22.67,35.45	0,0 	0
4797    	31.29, -15.09, -8.59 	5.87, 7.58, -9.16 	0.00, -0.00 	13,23,32,166		32.63,33.96	0,0 	0
4806    	31.08, -14.94, -8.65 	5.58, 7.42, -9.13 	0.00, -0.00 	13,23,32,176		31.41,41.02	0,0 	0
4815    	31.07, -14.65, -8.77 	5.30, 7.28, -9.11 	0.00, -0.00 	13,23,32,186		35.98,38.74	0,0 	0
4824    	31.06, -14.41, -8.80 	5.07, 7.14, -9.08 	0.00, -0.00 	13,23,32,196		35.03,38.25	0,0 	0
4832    	31.16, -14.15, -8.84 	4.95, 6.96, -9.06 	0.00, -0.00 	13,23,32,205		39.05,31.30	0,0 	0
4841    	31.11, -14.00, -8.87 	4.73, 6.78, -9.02 	0.00, -0.00 	13,23,32,215		19.59,35.53	0,0 	0
4850    	31.05, -13.98, -8.89 	4.49, 6.54, -8.95 	0.00, -0.00 	13,23,32,225		10.10,48.77	0,0 	0
4858    	30.98, -14.02, -8.89 	4.20, 6.26, -8.90 	0.00, -0.00 	13,23,32,234		10.66,56.82	0,0 	0
4867    	30.86, -13.84, -8.90 	3.92, 6.04, -8.88 	0.00, -0.00 	13,23,32,244		25.74,44.44	0,0 	0
4876    	30.86, -13.78, -8.93 	3.67, 5.83, -8.87 	0.00, -0.00 	13,23,32,254		9.13,46.67	0,0 	0
4884    	30.72, -13.70, -8.96 	3.43, 5.59, -8.82 	0.00, -0.00 	13,23,32,263		23.96,48.77	0,0 	0
4893    	30.72, -13.57, -8.98 	3.15, 5.36, -8.80 	0.00, -0.00 	13,23,32,273		15.98,45.38	0,0 	0
4902    	30.77, -13.41, -9.00 	2.95, 5.10, -8.75 	0.00, -0.00 	13,23,32,283		20.87,41.58	0,0 	0
4910    	30.70, -13.37, -9.04 	2.78, 4.83, -8.70 	0.00, -0.00 	13,23,32,292		9.97,39.54	0,0 	0
4919    	30.59, -13.34, -9.02 	2.62, 4.58, -8.67 	0.00, -0.00 	13,23,32,302		12.01,33.03	0,0 	0
4928    	30.58, -13.34, -8.96 	2.43, 4.21, -8.56 	0.00, -0.00 	13,23,32,312		1.20,52.28	0,0 	0
4936    	30.54, -13.35, -8.96 	2.19, 3.84, -8.49 	0.00, -0.00 	13,23,32,321		6.17,54.77	0,0 	0
4945    	30.54, -13.29, -8.99 	2.02, 3.50, -8.44 	0.00, -0.00 	13,23,32,331		7.10,42.35	0,0 	0
4954    	30.51, -13.33, -8.93 	1.85, 3.30, -8.43 	0.00, -0.00 	13,23,32,341		5.72,28.77	0,0 	0
4962    	30.35, -13.38, -8.90 	1.69, 3.06, -8.42 	0.00, -0.00 	13,23,32,350		19.99,36.66	0,0 	0
4971    	30.24, -13.42, -8.85 	1.46, 2.80, -8.38 	0.00, -0.00 	13,23,32,360		13.69,38.07	0,0 	0
4980    	30.16, -13.37, -8.87 	1.31, 2.54, -8.35 	0.00, -0.00 	13,23,32,370		10.41,34.05	0,0 	0
4989    	30.11, -13.40, -8.82 	1.28, 2.38, -8.37 	0.00, -0.00 	13,23,32,380		7.23,20.32	0,0 	0
4997    	30.09, -13.35, -8.80 	1.20, 2.18, -8.34 	0.00, -0.00 	13,23,32,389		6.68,29.98	0,0 	0
5006    	30.07, -13.32, -8.81 	1.07, 1.98, -8.28 	0.00, -0.00 	13,23,32,399		4.15,26.33	0,0 	0
5015    	30.02, -13.26, -8.80 	0.96, 1.80, -8.25 	0.00, -0.00 	13,23,32,409		10.77,26.73	0,0 	0
5023    	30.05, -13.17, -8.79 	0.94, 1.63, -8.22 	0.00, -0.00 	13,23,32,418		11.70,21.48	0,0 	0
5032    	30.06, -13.14, -8.76 	0.88, 1.47, -8.19 	0.00, -0.00 	13,23,32,428		3.71,18.85	0,0 	0
5041    	30.00, -13.17, -8.70 	0.86, 1.37, -8.17 	0.00, -0.00 	13,23,32,438		9.33,12.51	0,0 	0
5050    	30.04, -13.22, -8.69 	0.77, 1.23, -8.12 	0.00, -0.00 	13,23,32,448		7.18,21.47	0,0 	0
5058    	29.94, -13.23, -8.64 	0.73, 1.09, -8.10 	0.00, -0.00 	13,23,32,457		12.12,17.96	0,0 	0
5067    	29.93, -13.23, -8.62 	0.67, 0.94, -8.06 	0.00, -0.00 	13,23,32,467		1.20,20.40	0,0 	0
5076    	29.87, -13.19, -8.61 	0.61, 0.85, -8.03 	0.00, -0.00 	13,23,32,477		8.25,12.81	0,0 	0
5084    	29.88, -13.07, -8.65 	0.57, 0.76, -7.98 	0.00, -0.00 	13,23,32,486		16.03,12.89	0,0 	0
