#Time 	Sensor1         Sensor2         Target          Time            Vel             
#================================================================

11      	29.90, -15.47, -7.15 	-0.37, 0.35, -6.62 	10.26, 28.19 	13,21,57,581		0.00,0.00	0,0 	0
19      	29.88, -15.49, -7.15 	-0.36, 0.35, -6.64 	10.26, 28.19 	13,21,57,591		2.75,1.20	0,0 	0
28      	29.86, -15.50, -7.16 	-0.37, 0.36, -6.63 	10.26, 28.19 	13,21,57,601		2.45,1.61	0,0 	0
36      	29.88, -15.50, -7.16 	-0.36, 0.36, -6.65 	10.26, 28.19 	13,21,57,610		2.41,1.20	0,0 	0
45      	29.88, -15.52, -7.15 	-0.36, 0.36, -6.64 	10.26, 28.19 	13,21,57,620		2.37,0.00	0,0 	0
54      	29.88, -15.53, -7.14 	-0.37, 0.38, -6.64 	10.26, 28.19 	13,21,57,630		1.18,2.62	0,0 	0
62      	29.91, -15.53, -7.14 	-0.36, 0.38, -6.64 	10.26, 28.19 	13,21,57,639		3.61,1.20	0,0 	0
71      	29.90, -15.52, -7.15 	-0.36, 0.37, -6.64 	10.26, 28.19 	13,21,57,649		1.60,1.19	0,0 	0
80      	29.92, -15.53, -7.14 	-0.38, 0.38, -6.64 	10.26, 28.19 	13,21,57,659		2.45,2.46	0,0 	0
88      	29.93, -15.55, -7.14 	-0.36, 0.36, -6.63 	10.26, 28.19 	13,21,57,668		2.92,3.62	0,0 	0
97      	29.94, -15.53, -7.14 	-0.39, 0.39, -6.64 	10.26, 28.19 	13,21,57,678		2.60,4.83	0,0 	0
106     	29.94, -15.54, -7.14 	-0.40, 0.37, -6.63 	10.26, 28.19 	13,21,57,688		1.18,2.59	0,0 	0
114     	29.93, -15.54, -7.13 	-0.40, 0.38, -6.63 	10.26, 28.19 	13,21,57,697		1.20,1.34	0,0 	0
123     	29.91, -15.57, -7.12 	-0.41, 0.39, -6.64 	10.26, 28.19 	13,21,57,707		4.15,1.61	0,0 	0
132     	29.91, -15.57, -7.12 	-0.41, 0.41, -6.63 	10.26, 28.19 	13,21,57,717		0.00,2.38	0,0 	0
141     	29.91, -15.59, -7.12 	-0.42, 0.42, -6.64 	10.26, 28.19 	13,21,57,727		2.37,1.61	0,0 	0
149     	29.92, -15.59, -7.12 	-0.38, 0.41, -6.63 	10.26, 28.19 	13,21,57,736		1.20,5.01	0,0 	0
158     	29.92, -15.57, -7.15 	-0.37, 0.41, -6.62 	10.26, 28.19 	13,21,57,746		2.37,1.07	0,0 	0
167     	29.92, -15.56, -7.14 	-0.39, 0.39, -6.62 	10.26, 28.19 	13,21,57,756		1.18,3.17	0,0 	0
175     	29.92, -15.56, -7.14 	-0.38, 0.42, -6.63 	10.26, 28.19 	13,21,57,765		0.00,4.17	0,0 	0
184     	29.96, -15.56, -7.13 	-0.38, 0.42, -6.63 	10.26, 28.19 	13,21,57,775		4.28,0.00	0,0 	0
193     	29.96, -15.55, -7.12 	-0.36, 0.43, -6.62 	10.26, 28.19 	13,21,57,785		1.18,2.43	0,0 	0
201     	29.96, -15.55, -7.11 	-0.36, 0.43, -6.64 	10.26, 28.19 	13,21,57,794		1.20,0.00	0,0 	0
210     	29.96, -15.52, -7.12 	-0.36, 0.42, -6.62 	10.26, 28.19 	13,21,57,804		3.71,1.19	0,0 	0
219     	29.96, -15.52, -7.12 	-0.41, 0.42, -6.62 	10.26, 28.19 	13,21,57,814		0.00,5.35	0,0 	0
227     	29.96, -15.52, -7.12 	-0.38, 0.41, -6.62 	10.26, 28.19 	13,21,57,823		0.00,3.87	0,0 	0
236     	29.95, -15.53, -7.12 	-0.38, 0.39, -6.62 	10.26, 28.19 	13,21,57,833		1.60,2.38	0,0 	0
245     	29.96, -15.54, -7.12 	-0.39, 0.40, -6.62 	10.26, 28.19 	13,21,57,843		1.60,1.61	0,0 	0
253     	29.96, -15.52, -7.11 	-0.37, 0.40, -6.61 	10.26, 28.19 	13,21,57,852		2.92,2.41	0,0 	0
262     	29.96, -15.52, -7.11 	-0.38, 0.43, -6.63 	10.26, 28.19 	13,21,57,862		0.00,3.74	0,0 	0
271     	29.98, -15.50, -7.11 	-0.39, 0.43, -6.62 	10.26, 28.19 	13,21,57,872		3.19,1.07	0,0 	0
279     	30.00, -15.49, -7.11 	-0.38, 0.44, -6.61 	10.26, 28.19 	13,21,57,881		2.75,1.78	0,0 	0
288     	29.97, -15.51, -7.12 	-0.38, 0.44, -6.61 	10.26, 28.19 	13,21,57,891		3.99,0.00	0,0 	0
297     	29.99, -15.53, -7.10 	-0.40, 0.42, -6.61 	10.26, 28.19 	13,21,57,901		3.19,3.17	0,0 	0
305     	29.97, -15.55, -7.10 	-0.40, 0.43, -6.63 	10.26, 28.19 	13,21,57,910		3.59,1.34	0,0 	0
314     	29.97, -15.56, -7.10 	-0.39, 0.44, -6.62 	10.26, 28.19 	13,21,57,920		1.18,1.59	0,0 	0
323     	29.97, -15.54, -7.10 	-0.42, 0.43, -6.62 	10.26, 28.19 	13,21,57,930		2.37,3.40	0,0 	0
332     	29.98, -15.52, -7.11 	-0.43, 0.43, -6.62 	10.26, 28.19 	13,21,57,940		2.60,1.07	0,0 	0
340     	29.96, -15.49, -7.11 	-0.43, 0.43, -6.62 	10.26, 28.19 	13,21,57,949		4.66,0.00	0,0 	0
348     	29.95, -15.51, -7.12 	-0.43, 0.42, -6.62 	10.26, 28.19 	13,21,57,958		3.59,1.34	0,0 	0
358     	29.97, -15.51, -7.11 	-0.42, 0.44, -6.62 	10.26, 28.19 	13,21,57,969		2.89,2.33	0,0 	0
366     	29.99, -15.50, -7.10 	-0.42, 0.44, -6.62 	10.26, 28.19 	13,21,57,978		2.75,0.00	0,0 	0
375     	29.99, -15.50, -7.11 	-0.42, 0.44, -6.62 	10.26, 28.19 	13,21,57,988		0.00,0.00	0,0 	0
384     	29.97, -15.51, -7.11 	-0.41, 0.44, -6.61 	10.26, 28.19 	13,21,57,998		2.45,1.07	0,0 	0
392     	29.96, -15.52, -7.11 	-0.41, 0.44, -6.63 	10.26, 28.19 	13,21,58,7		2.75,0.00	0,0 	0
401     	29.95, -15.52, -7.11 	-0.41, 0.44, -6.63 	10.26, 28.19 	13,21,58,17		1.07,0.00	0,0 	0
410     	29.95, -15.53, -7.11 	-0.41, 0.44, -6.63 	10.26, 28.19 	13,21,58,27		1.18,0.00	0,0 	0
418     	29.96, -15.50, -7.11 	-0.41, 0.45, -6.63 	10.26, 28.19 	13,21,58,36		4.67,1.34	0,0 	0
427     	29.98, -15.50, -7.11 	-0.40, 0.44, -6.63 	10.26, 28.19 	13,21,58,46		2.14,1.61	0,0 	0
436     	29.97, -15.50, -7.12 	-0.41, 0.45, -6.63 	10.26, 28.19 	13,21,58,56		1.07,1.61	0,0 	0
444     	30.00, -15.51, -7.11 	-0.41, 0.45, -6.63 	10.26, 28.19 	13,21,58,65		3.85,0.00	0,0 	0
453     	30.03, -15.52, -7.11 	-0.41, 0.44, -6.61 	10.26, 28.19 	13,21,58,75		3.42,1.19	0,0 	0
462     	30.02, -15.51, -7.12 	-0.41, 0.44, -6.61 	10.26, 28.19 	13,21,58,85		1.60,0.00	0,0 	0
470     	30.05, -15.49, -7.11 	-0.40, 0.45, -6.60 	10.26, 28.19 	13,21,58,94		4.49,1.78	0,0 	0
479     	30.05, -15.50, -7.11 	-0.40, 0.47, -6.62 	10.26, 28.19 	13,21,58,104		1.18,1.19	0,0 	0
488     	30.03, -15.52, -7.11 	-0.41, 0.44, -6.62 	10.26, 28.19 	13,21,58,114		3.19,2.59	0,0 	0
496     	30.05, -15.51, -7.12 	-0.41, 0.45, -6.62 	10.26, 28.19 	13,21,58,123		2.75,1.34	0,0 	0
505     	30.02, -15.51, -7.11 	-0.41, 0.47, -6.62 	10.26, 28.19 	13,21,58,133		3.21,1.19	0,0 	0
514     	30.02, -15.52, -7.12 	-0.40, 0.47, -6.62 	10.26, 28.19 	13,21,58,143		1.18,1.07	0,0 	0
523     	30.05, -15.51, -7.12 	-0.40, 0.47, -6.62 	10.26, 28.19 	13,21,58,153		3.42,0.00	0,0 	0
531     	30.05, -15.51, -7.12 	-0.40, 0.47, -6.62 	10.26, 28.19 	13,21,58,162		0.00,0.00	0,0 	0
540     	30.08, -15.51, -7.11 	-0.41, 0.48, -6.62 	10.26, 28.19 	13,21,58,172		3.21,1.61	0,0 	0
549     	30.10, -15.51, -7.11 	-0.40, 0.49, -6.64 	10.26, 28.19 	13,21,58,182		2.14,1.59	0,0 	0
557     	30.08, -15.52, -7.12 	-0.41, 0.50, -6.63 	10.26, 28.19 	13,21,58,191		2.75,1.81	0,0 	0
566     	30.05, -15.52, -7.10 	-0.41, 0.51, -6.63 	10.26, 28.19 	13,21,58,201		3.21,1.19	0,0 	0
575     	30.06, -15.53, -7.10 	-0.40, 0.49, -6.63 	10.26, 28.19 	13,21,58,211		1.60,2.62	0,0 	0
583     	30.06, -15.54, -7.11 	-0.40, 0.49, -6.63 	10.26, 28.19 	13,21,58,220		1.33,0.00	0,0 	0
592     	30.05, -15.53, -7.11 	-0.40, 0.49, -6.63 	10.26, 28.19 	13,21,58,229		1.60,0.00	0,0 	0
601     	30.04, -15.56, -7.11 	-0.41, 0.50, -6.64 	10.26, 28.19 	13,21,58,239		3.71,1.61	0,0 	0
609     	30.07, -15.54, -7.12 	-0.41, 0.51, -6.64 	10.26, 28.19 	13,21,58,248		4.49,1.34	0,0 	0
618     	30.09, -15.53, -7.12 	-0.40, 0.49, -6.63 	10.26, 28.19 	13,21,58,258		2.45,2.62	0,0 	0
627     	30.10, -15.51, -7.11 	-0.40, 0.49, -6.63 	10.26, 28.19 	13,21,58,268		2.60,0.00	0,0 	0
635     	30.10, -15.51, -7.11 	-0.39, 0.49, -6.63 	10.26, 28.19 	13,21,58,277		0.00,1.20	0,0 	0
644     	30.11, -15.53, -7.10 	-0.39, 0.50, -6.63 	10.26, 28.19 	13,21,58,287		2.60,1.19	0,0 	0
653     	30.11, -15.52, -7.09 	-0.40, 0.49, -6.62 	10.26, 28.19 	13,21,58,297		1.18,1.59	0,0 	0
661     	30.11, -15.53, -7.09 	-0.41, 0.49, -6.62 	10.26, 28.19 	13,21,58,306		1.33,1.20	0,0 	0
670     	30.11, -15.52, -7.09 	-0.41, 0.51, -6.64 	10.26, 28.19 	13,21,58,316		1.18,2.38	0,0 	0
679     	30.11, -15.53, -7.09 	-0.41, 0.52, -6.64 	10.26, 28.19 	13,21,58,326		1.18,1.19	0,0 	0
687     	30.10, -15.51, -7.10 	-0.40, 0.51, -6.64 	10.26, 28.19 	13,21,58,335		2.92,1.81	0,0 	0
696     	30.12, -15.49, -7.11 	-0.40, 0.52, -6.64 	10.26, 28.19 	13,21,58,345		3.19,1.19	0,0 	0
705     	30.12, -15.47, -7.11 	-0.42, 0.51, -6.63 	10.26, 28.19 	13,21,58,355		1.18,2.43	0,0 	0
714     	30.13, -15.47, -7.11 	-0.42, 0.51, -6.62 	10.26, 28.19 	13,21,58,365		1.07,0.00	0,0 	0
722     	30.15, -15.45, -7.10 	-0.40, 0.52, -6.63 	10.26, 28.19 	13,21,58,374		3.59,2.73	0,0 	0
730     	30.15, -15.45, -7.11 	-0.39, 0.50, -6.62 	10.26, 28.19 	13,21,58,383		0.00,2.95	0,0 	0
740     	30.15, -15.46, -7.10 	-0.39, 0.49, -6.61 	10.26, 28.19 	13,21,58,394		1.07,1.07	0,0 	0
748     	30.16, -15.50, -7.09 	-0.40, 0.50, -6.60 	10.26, 28.19 	13,21,58,403		4.17,1.81	0,0 	0
757     	30.16, -15.53, -7.08 	-0.41, 0.53, -6.59 	10.26, 28.19 	13,21,58,413		3.55,3.74	0,0 	0
766     	30.16, -15.54, -7.08 	-0.42, 0.55, -6.62 	10.26, 28.19 	13,21,58,423		1.18,2.62	0,0 	0
774     	30.16, -15.54, -7.08 	-0.44, 0.56, -6.61 	10.26, 28.19 	13,21,58,432		0.00,2.77	0,0 	0
783     	30.15, -15.53, -7.08 	-0.40, 0.57, -6.61 	10.26, 28.19 	13,21,58,442		1.60,4.42	0,0 	0
792     	30.15, -15.51, -7.08 	-0.42, 0.59, -6.61 	10.26, 28.19 	13,21,58,452		2.37,3.22	0,0 	0
800     	30.15, -15.52, -7.08 	-0.42, 0.58, -6.61 	10.26, 28.19 	13,21,58,461		1.33,1.34	0,0 	0
809     	30.15, -15.53, -7.08 	-0.40, 0.59, -6.62 	10.26, 28.19 	13,21,58,471		1.18,2.43	0,0 	0
818     	30.16, -15.53, -7.07 	-0.39, 0.59, -6.62 	10.26, 28.19 	13,21,58,481		1.07,1.07	0,0 	0
826     	30.20, -15.52, -7.07 	-0.39, 0.59, -6.61 	10.26, 28.19 	13,21,58,490		5.00,0.00	0,0 	0
835     	30.18, -15.53, -7.07 	-0.38, 0.58, -6.61 	10.26, 28.19 	13,21,58,500		2.45,1.61	0,0 	0
844     	30.16, -15.53, -7.06 	-0.38, 0.59, -6.61 	10.26, 28.19 	13,21,58,510		2.14,1.19	0,0 	0
852     	30.16, -15.53, -7.06 	-0.37, 0.63, -6.63 	10.26, 28.19 	13,21,58,519		0.00,4.17	0,0 	0
861     	30.18, -15.51, -7.06 	-0.39, 0.60, -6.62 	10.26, 28.19 	13,21,58,529		3.19,3.17	0,0 	0
870     	30.19, -15.51, -7.07 	-0.38, 0.61, -6.61 	10.26, 28.19 	13,21,58,539		1.07,1.59	0,0 	0
878     	30.19, -15.51, -7.07 	-0.39, 0.63, -6.62 	10.26, 28.19 	13,21,58,548		0.00,1.81	0,0 	0
887     	30.19, -15.52, -7.07 	-0.39, 0.64, -6.62 	10.26, 28.19 	13,21,58,558		1.18,1.19	0,0 	0
896     	30.21, -15.53, -7.06 	-0.39, 0.63, -6.62 	10.26, 28.19 	13,21,58,568		2.45,1.19	0,0 	0
905     	30.20, -15.54, -7.06 	-0.39, 0.61, -6.62 	10.26, 28.19 	13,21,58,578		1.60,1.19	0,0 	0
913     	30.20, -15.54, -7.04 	-0.37, 0.63, -6.62 	10.26, 28.19 	13,21,58,587		0.00,2.73	0,0 	0
921     	30.19, -15.54, -7.04 	-0.38, 0.63, -6.60 	10.26, 28.19 	13,21,58,596		1.20,1.20	0,0 	0
931     	30.20, -15.55, -7.05 	-0.38, 0.65, -6.62 	10.26, 28.19 	13,21,58,607		1.44,2.14	0,0 	0
939     	30.20, -15.55, -7.05 	-0.36, 0.64, -6.62 	10.26, 28.19 	13,21,58,616		0.00,2.77	0,0 	0
947     	30.20, -15.56, -7.05 	-0.37, 0.65, -6.62 	10.26, 28.19 	13,21,58,626		1.33,1.81	0,0 	0
957     	30.19, -15.57, -7.06 	-0.33, 0.67, -6.62 	10.26, 28.19 	13,21,58,636		1.44,4.38	0,0 	0
965     	30.20, -15.57, -7.06 	-0.33, 0.67, -6.62 	10.26, 28.19 	13,21,58,645		1.20,0.00	0,0 	0
974     	30.21, -15.55, -7.08 	-0.34, 0.68, -6.62 	10.26, 28.19 	13,21,58,655		2.60,1.61	0,0 	0
983     	30.18, -15.55, -7.07 	-0.34, 0.69, -6.61 	10.26, 28.19 	13,21,58,665		3.21,1.19	0,0 	0
991     	30.17, -15.58, -7.07 	-0.34, 0.69, -6.61 	10.26, 28.19 	13,21,58,674		4.17,0.00	0,0 	0
1000    	30.19, -15.57, -7.07 	-0.36, 0.70, -6.60 	10.26, 28.19 	13,21,58,684		2.45,2.46	1000,1 	0
1009    	30.16, -15.58, -7.08 	-0.36, 0.69, -6.60 	10.26, 28.19 	13,21,58,694		3.42,1.19	1000,1 	0
1017    	30.15, -15.59, -7.08 	-0.36, 0.70, -6.60 	10.26, 28.19 	13,21,58,703		1.80,1.34	1000,1 	0
1026    	30.14, -15.58, -7.08 	-0.37, 0.69, -6.62 	10.26, 28.19 	13,21,58,713		1.60,1.59	1000,1 	0
1035    	30.14, -15.58, -7.08 	-0.38, 0.71, -6.62 	10.26, 28.19 	13,21,58,723		0.00,2.62	1000,1 	0
1043    	30.14, -15.58, -7.10 	-0.37, 0.74, -6.63 	10.26, 28.19 	13,21,58,732		0.00,4.17	1000,1 	0
1052    	30.13, -15.58, -7.10 	-0.39, 0.74, -6.63 	10.26, 28.19 	13,21,58,742		1.07,2.14	1000,1 	0
1061    	30.15, -15.56, -7.09 	-0.35, 0.74, -6.63 	10.26, 28.19 	13,21,58,752		3.19,4.28	1000,1 	0
1069    	30.15, -15.56, -7.09 	-0.34, 0.75, -6.63 	10.26, 28.19 	13,21,58,761		0.00,1.78	1000,1 	0
1078    	30.17, -15.56, -7.09 	-0.34, 0.80, -6.64 	10.26, 28.19 	13,21,58,771		2.14,4.75	1000,1 	0
1087    	30.19, -15.54, -7.10 	-0.35, 0.79, -6.64 	10.26, 28.19 	13,21,58,781		3.19,1.59	1000,1 	0
1096    	30.18, -15.56, -7.08 	-0.37, 0.80, -6.64 	10.26, 28.19 	13,21,58,791		2.60,2.46	1000,1 	0
1104    	30.18, -15.57, -7.08 	-0.37, 0.80, -6.64 	10.26, 28.19 	13,21,58,800		1.33,0.00	1000,1 	0
1113    	30.17, -15.56, -7.08 	-0.37, 0.82, -6.65 	10.26, 28.19 	13,21,58,810		1.60,2.38	1000,1 	0
1122    	30.17, -15.54, -7.09 	-0.34, 0.83, -6.64 	10.26, 28.19 	13,21,58,820		2.37,3.40	1000,1 	0
1130    	30.14, -15.55, -7.09 	-0.36, 0.84, -6.65 	10.26, 28.19 	13,21,58,829		3.85,2.77	1000,1 	0
1139    	30.14, -15.55, -7.09 	-0.37, 0.85, -6.65 	10.26, 28.19 	13,21,58,839		0.00,1.61	1000,1 	0
1148    	30.14, -15.56, -7.08 	-0.38, 0.84, -6.65 	10.26, 28.19 	13,21,58,849		1.18,1.59	1000,1 	0
1156    	30.13, -15.57, -7.08 	-0.35, 0.86, -6.65 	10.26, 28.19 	13,21,58,858		1.80,4.46	1000,1 	0
1165    	30.14, -15.58, -7.09 	-0.35, 0.87, -6.66 	10.26, 28.19 	13,21,58,868		1.60,1.19	1000,1 	0
1174    	30.15, -15.59, -7.08 	-0.37, 0.87, -6.65 	10.26, 28.19 	13,21,58,878		1.60,2.14	1000,1 	0
1182    	30.15, -15.62, -7.07 	-0.37, 0.87, -6.65 	10.26, 28.19 	13,21,58,887		4.00,0.00	1000,1 	0
1191    	30.11, -15.66, -7.08 	-0.36, 0.86, -6.65 	10.26, 28.19 	13,21,58,897		5.56,1.61	1000,1 	0
1200    	30.11, -15.67, -7.07 	-0.38, 0.87, -6.64 	10.26, 28.19 	13,21,58,907		1.18,2.46	1000,1 	0
1208    	30.10, -15.68, -7.07 	-0.38, 0.87, -6.64 	10.26, 28.19 	13,21,58,916		1.80,0.00	1000,1 	0
1217    	30.09, -15.67, -7.08 	-0.39, 0.89, -6.64 	10.26, 28.19 	13,21,58,926		1.60,2.62	1000,1 	0
1226    	30.09, -15.67, -7.08 	-0.41, 0.89, -6.65 	10.26, 28.19 	13,21,58,936		0.00,2.14	1000,1 	0
1234    	30.08, -15.65, -7.10 	-0.41, 0.88, -6.65 	10.26, 28.19 	13,21,58,945		2.92,1.34	1000,1 	0
1243    	30.07, -15.62, -7.10 	-0.41, 0.90, -6.65 	10.26, 28.19 	13,21,58,955		2.60,2.38	1000,1 	0
1252    	30.06, -15.62, -7.10 	-0.43, 0.91, -6.64 	10.26, 28.19 	13,21,58,965		1.07,2.46	1000,1 	0
1260    	30.08, -15.60, -7.10 	-0.43, 0.91, -6.64 	10.26, 28.19 	13,21,58,974		3.59,0.00	1000,1 	0
1269    	30.08, -15.60, -7.10 	-0.43, 0.91, -6.64 	10.26, 28.19 	13,21,58,984		0.00,0.00	1000,1 	0
1278    	30.07, -15.62, -7.10 	-0.44, 0.93, -6.64 	10.26, 28.19 	13,21,58,994		2.60,1.61	1000,1 	0
1287    	30.04, -15.68, -7.09 	-0.43, 0.94, -6.66 	10.26, 28.19 	13,21,59,4		6.74,1.59	1000,1 	0
1295    	30.05, -15.69, -7.08 	-0.44, 0.94, -6.66 	10.26, 28.19 	13,21,59,13		1.79,1.20	1000,1 	0
1303    	30.04, -15.71, -7.09 	-0.44, 0.94, -6.65 	10.26, 28.19 	13,21,59,22		2.92,0.00	1000,1 	0
1313    	30.03, -15.71, -7.09 	-0.44, 0.95, -6.65 	10.26, 28.19 	13,21,59,33		0.96,1.07	1000,1 	0
1321    	30.05, -15.69, -7.09 	-0.44, 0.95, -6.65 	10.26, 28.19 	13,21,59,42		3.59,0.00	1000,1 	0
1330    	30.05, -15.69, -7.08 	-0.42, 0.96, -6.65 	10.26, 28.19 	13,21,59,52		0.00,2.43	1000,1 	0
1339    	30.05, -15.69, -7.10 	-0.43, 0.96, -6.64 	10.26, 28.19 	13,21,59,62		0.00,1.07	1000,1 	0
1347    	30.03, -15.71, -7.10 	-0.43, 0.95, -6.64 	10.26, 28.19 	13,21,59,71		3.59,1.34	1000,1 	0
1356    	30.03, -15.71, -7.10 	-0.44, 0.94, -6.64 	10.26, 28.19 	13,21,59,81		0.00,1.59	1000,1 	0
1365    	30.01, -15.71, -7.10 	-0.44, 0.95, -6.64 	10.26, 28.19 	13,21,59,91		2.14,1.19	1000,1 	0
1373    	30.01, -15.73, -7.09 	-0.44, 0.95, -6.64 	10.26, 28.19 	13,21,59,100		2.66,0.00	1000,1 	0
1382    	30.00, -15.74, -7.09 	-0.44, 0.95, -6.64 	10.26, 28.19 	13,21,59,110		1.60,0.00	1000,1 	0
1391    	29.99, -15.76, -7.09 	-0.46, 0.98, -6.64 	10.26, 28.19 	13,21,59,120		2.60,4.18	1000,1 	0
1399    	29.98, -15.76, -7.09 	-0.45, 0.97, -6.64 	10.26, 28.19 	13,21,59,129		1.20,1.81	1000,1 	0
1408    	29.98, -15.75, -7.09 	-0.45, 0.97, -6.64 	10.26, 28.19 	13,21,59,139		1.18,0.00	1000,1 	0
1417    	29.97, -15.74, -7.10 	-0.46, 0.96, -6.63 	10.26, 28.19 	13,21,59,149		1.60,1.59	1000,1 	0
1425    	29.98, -15.74, -7.10 	-0.46, 0.96, -6.63 	10.26, 28.19 	13,21,59,158		1.20,0.00	1000,1 	0
1434    	29.97, -15.71, -7.12 	-0.42, 0.97, -6.64 	10.26, 28.19 	13,21,59,168		3.71,4.42	1000,1 	0
1443    	30.01, -15.69, -7.12 	-0.42, 0.97, -6.64 	10.26, 28.19 	13,21,59,178		4.89,0.00	1000,1 	0
1451    	30.00, -15.69, -7.12 	-0.44, 0.98, -6.63 	10.26, 28.19 	13,21,59,187		1.20,2.77	1000,1 	0
1460    	29.98, -15.70, -7.12 	-0.44, 0.97, -6.64 	10.26, 28.19 	13,21,59,197		2.45,1.19	1000,1 	0
1469    	29.98, -15.73, -7.13 	-0.43, 0.97, -6.63 	10.26, 28.19 	13,21,59,207		3.55,1.07	1000,1 	0
1478    	30.00, -15.72, -7.12 	-0.43, 0.99, -6.63 	10.26, 28.19 	13,21,59,217		2.45,2.38	1000,1 	0
1486    	29.98, -15.73, -7.12 	-0.44, 1.00, -6.63 	10.26, 28.19 	13,21,59,226		2.75,1.81	1000,1 	0
1494    	29.98, -15.73, -7.13 	-0.44, 1.00, -6.63 	10.26, 28.19 	13,21,59,235		0.00,0.00	1000,1 	0
1504    	29.97, -15.73, -7.13 	-0.44, 1.00, -6.63 	10.26, 28.19 	13,21,59,246		0.96,0.00	1000,1 	0
1512    	29.99, -15.71, -7.12 	-0.44, 1.00, -6.63 	10.26, 28.19 	13,21,59,255		3.59,0.00	1000,1 	0
1521    	29.98, -15.70, -7.13 	-0.44, 1.01, -6.63 	10.26, 28.19 	13,21,59,265		1.60,1.19	1000,1 	0
1530    	29.98, -15.73, -7.13 	-0.42, 1.01, -6.63 	10.26, 28.19 	13,21,59,275		3.55,2.14	1000,1 	0
1538    	30.00, -15.75, -7.13 	-0.43, 1.00, -6.63 	10.26, 28.19 	13,21,59,284		3.59,1.78	1000,1 	0
1547    	29.99, -15.77, -7.11 	-0.44, 1.00, -6.63 	10.26, 28.19 	13,21,59,294		2.60,1.07	1000,1 	0
1556    	30.00, -15.78, -7.11 	-0.46, 0.99, -6.64 	10.26, 28.19 	13,21,59,304		1.60,2.43	1000,1 	0
1564    	29.98, -15.77, -7.11 	-0.43, 0.98, -6.63 	10.26, 28.19 	13,21,59,313		2.75,3.87	1000,1 	0
1573    	29.95, -15.83, -7.10 	-0.46, 1.01, -6.64 	10.26, 28.19 	13,21,59,323		6.74,4.83	1000,1 	0
1582    	29.95, -15.80, -7.10 	-0.48, 1.01, -6.64 	10.26, 28.19 	13,21,59,333		2.60,2.14	1000,1 	0
1590    	29.95, -15.79, -7.12 	-0.48, 1.04, -6.65 	10.26, 28.19 	13,21,59,342		1.33,4.01	1000,1 	0
1599    	29.95, -15.79, -7.11 	-0.45, 1.03, -6.64 	10.26, 28.19 	13,21,59,352		0.00,3.44	1000,1 	0
1608    	29.95, -15.79, -7.11 	-0.45, 1.03, -6.64 	10.26, 28.19 	13,21,59,362		0.00,0.00	1000,1 	0
1616    	29.96, -15.77, -7.13 	-0.45, 1.04, -6.66 	10.26, 28.19 	13,21,59,371		3.59,1.34	1000,1 	0
1625    	29.96, -15.77, -7.14 	-0.44, 1.03, -6.64 	10.26, 28.19 	13,21,59,381		0.00,1.61	1000,1 	0
1634    	29.95, -15.78, -7.14 	-0.43, 1.02, -6.64 	10.26, 28.19 	13,21,59,391		2.45,1.61	1000,1 	0
1642    	29.95, -15.79, -7.13 	-0.39, 1.00, -6.64 	10.26, 28.19 	13,21,59,400		1.80,5.54	1000,1 	0
1651    	29.94, -15.79, -7.12 	-0.39, 0.99, -6.63 	10.26, 28.19 	13,21,59,410		2.14,1.19	1000,1 	0
1660    	29.95, -15.78, -7.12 	-0.39, 0.97, -6.63 	10.26, 28.19 	13,21,59,420		1.60,2.38	1000,1 	0
1669    	29.95, -15.77, -7.12 	-0.32, 0.95, -6.64 	10.26, 28.19 	13,21,59,430		1.18,7.89	1000,1 	0
1677    	29.95, -15.77, -7.14 	-0.22, 0.92, -6.65 	10.26, 28.19 	13,21,59,439		0.00,13.54	1000,1 	0
1685    	29.91, -15.78, -7.15 	-0.17, 0.90, -6.63 	10.26, 28.19 	13,21,59,448		5.00,6.62	1000,1 	0
1695    	29.93, -15.74, -7.16 	-0.04, 0.87, -6.68 	10.26, 28.19 	13,21,59,459		4.68,12.96	1000,1 	0
1703    	29.94, -15.71, -7.17 	0.02, 0.87, -6.70 	10.26, 28.19 	13,21,59,468		4.17,8.42	1000,1 	0
1712    	29.95, -15.67, -7.18 	0.10, 0.80, -6.68 	10.26, 28.19 	13,21,59,478		4.86,11.22	1000,1 	0
1721    	29.95, -15.63, -7.20 	0.17, 0.75, -6.68 	10.26, 28.19 	13,21,59,488		3.55,9.63	1000,1 	0
1729    	29.96, -15.62, -7.23 	0.23, 0.75, -6.70 	10.26, 28.19 	13,21,59,497		2.75,7.22	1000,1 	0
1738    	29.94, -15.60, -7.27 	0.28, 0.75, -6.72 	10.26, 28.19 	13,21,59,507		3.99,6.42	1000,1 	0
1747    	29.91, -15.61, -7.29 	0.44, 0.84, -6.78 	10.26, 28.19 	13,21,59,517		3.42,20.04	1000,1 	0
1755    	29.86, -15.57, -7.37 	0.61, 0.94, -6.81 	10.26, 28.19 	13,21,59,526		8.04,24.61	1000,1 	0
1764    	29.74, -15.46, -7.48 	0.79, 1.13, -6.91 	10.26, 28.19 	13,21,59,536		17.46,29.27	1000,1 	0
1773    	29.72, -15.22, -7.66 	0.96, 1.28, -6.99 	10.26, 28.19 	13,21,59,546		27.31,25.25	1000,1 	0
1781    	29.78, -14.84, -7.89 	1.10, 1.43, -7.11 	10.26, 28.19 	13,21,59,555		48.49,24.98	1000,1 	0
1790    	29.84, -14.48, -8.11 	1.22, 1.64, -7.17 	10.26, 28.19 	13,21,59,565		39.59,27.34	1000,1 	0
1799    	29.90, -14.15, -8.30 	1.36, 1.83, -7.26 	10.26, 28.19 	13,21,59,575		37.26,26.54	1000,1 	0
1807    	29.84, -13.91, -8.45 	1.44, 2.11, -7.40 	10.26, 28.19 	13,21,59,584		31.47,35.92	1000,1 	0
1816    	29.88, -13.74, -8.52 	1.56, 2.36, -7.50 	10.26, 28.19 	13,21,59,594		19.42,31.53	1000,1 	0
1825    	29.91, -13.70, -8.62 	1.53, 2.59, -7.56 	10.26, 28.19 	13,21,59,604		5.72,25.20	1000,1 	0
1833    	29.80, -13.74, -8.69 	1.43, 2.81, -7.62 	10.26, 28.19 	13,21,59,613		14.28,30.70	1000,1 	0
1842    	29.67, -13.66, -8.81 	1.35, 3.12, -7.73 	10.26, 28.19 	13,21,59,623		17.12,35.62	1000,1 	0
1851    	29.59, -13.48, -8.94 	1.41, 3.53, -7.92 	10.26, 28.19 	13,21,59,633		21.87,45.50	1000,1 	0
1860    	29.52, -13.25, -9.09 	1.57, 4.01, -8.15 	10.26, 28.19 	13,21,59,643		27.10,56.20	1000,1 	0
1868    	29.51, -13.02, -9.21 	1.55, 4.44, -8.30 	10.26, 28.19 	13,21,59,652		28.07,53.55	1000,1 	0
1876    	29.45, -12.83, -9.33 	1.47, 4.81, -8.43 	10.26, 28.19 	13,21,59,661		25.03,47.90	1000,1 	0
1886    	29.47, -12.62, -9.45 	1.44, 5.10, -8.53 	10.26, 28.19 	13,21,59,672		21.40,29.06	1000,1 	0
1894    	29.59, -12.40, -9.50 	1.47, 5.41, -8.67 	10.26, 28.19 	13,21,59,681		32.06,38.98	1000,1 	0
1903    	29.64, -12.15, -9.55 	1.42, 5.64, -8.75 	10.26, 28.19 	13,21,59,691		27.75,25.59	1000,1 	0
1912    	29.64, -12.00, -9.59 	1.28, 5.84, -8.82 	10.26, 28.19 	13,21,59,701		16.57,27.89	1000,1 	0
1920    	29.56, -11.88, -9.65 	1.17, 6.08, -8.93 	10.26, 28.19 	13,21,59,710		18.22,32.43	1000,1 	0
1929    	29.51, -11.72, -9.73 	1.17, 6.40, -9.04 	10.26, 28.19 	13,21,59,720		18.54,35.64	1000,1 	0
1938    	29.45, -11.53, -9.82 	1.25, 6.75, -9.18 	10.26, 28.19 	13,21,59,730		22.25,40.22	1000,1 	0
1946    	29.37, -11.37, -9.91 	1.20, 7.11, -9.32 	10.26, 28.19 	13,21,59,739		22.17,45.93	1000,1 	0
1955    	29.28, -11.20, -9.98 	1.17, 7.43, -9.45 	10.26, 28.19 	13,21,59,749		21.75,35.83	1000,1 	0
1964    	29.25, -11.01, -10.08 	1.20, 7.80, -9.57 	10.26, 28.19 	13,21,59,759		21.55,40.47	1000,1 	0
1972    	29.25, -10.81, -10.13 	1.25, 8.19, -9.71 	10.26, 28.19 	13,21,59,768		25.30,49.86	1000,1 	0
1981    	29.34, -10.51, -10.18 	1.30, 8.62, -9.81 	10.26, 28.19 	13,21,59,778		34.53,47.74	1000,1 	0
1990    	29.32, -10.33, -10.23 	1.15, 9.05, -9.91 	10.26, 28.19 	13,21,59,788		20.24,50.38	1000,1 	0
1998    	29.25, -10.24, -10.24 	1.04, 9.43, -10.03 	10.26, 28.19 	13,21,59,797		13.58,50.09	1000,1 	0
2007    	29.21, -10.13, -10.27 	0.96, 9.82, -10.12 	10.26, 28.19 	13,21,59,807		13.71,43.74	1000,1 	0
2016    	29.17, -10.04, -10.29 	0.99, 10.20, -10.20 	10.26, 28.19 	13,21,59,817		10.39,42.84	1000,1 	0
2024    	29.11, -10.00, -10.30 	0.98, 10.59, -10.24 	10.26, 28.19 	13,21,59,826		8.97,48.15	1000,1 	0
2033    	28.98, -9.98, -10.27 	0.93, 11.00, -10.29 	10.26, 28.19 	13,21,59,836		15.17,45.41	1000,1 	0
2042    	28.89, -9.89, -10.29 	0.99, 11.48, -10.37 	10.26, 28.19 	13,21,59,846		13.50,53.75	1000,1 	0
2051    	28.87, -9.70, -10.33 	1.02, 11.96, -10.47 	10.26, 28.19 	13,21,59,856		21.41,53.56	1000,1 	0
2059    	28.86, -9.49, -10.38 	1.10, 12.44, -10.54 	10.26, 28.19 	13,21,59,865		26.66,60.76	1000,1 	0
2068    	28.83, -9.23, -10.38 	1.08, 12.81, -10.57 	10.26, 28.19 	13,21,59,875		28.73,41.67	1000,1 	0
2077    	28.79, -9.04, -10.39 	1.08, 13.16, -10.56 	10.26, 28.19 	13,21,59,885		21.73,39.20	1000,1 	0
2085    	28.72, -8.81, -10.37 	1.11, 13.65, -10.57 	10.26, 28.19 	13,21,59,894		29.20,60.19	1000,1 	0
2093    	28.63, -8.64, -10.32 	1.11, 14.14, -10.60 	10.26, 28.19 	13,21,59,903		23.90,61.47	1000,1 	0
2103    	28.55, -8.48, -10.27 	1.14, 14.63, -10.61 	10.26, 28.19 	13,21,59,914		18.18,49.22	1000,1 	0
2111    	28.42, -8.42, -10.25 	1.11, 15.11, -10.62 	10.26, 28.19 	13,21,59,923		17.57,60.30	1000,1 	0
2120    	28.35, -8.37, -10.22 	1.17, 15.62, -10.63 	10.26, 28.19 	13,21,59,933		10.41,57.40	1000,1 	0
2129    	28.26, -8.25, -10.21 	1.23, 16.17, -10.61 	10.26, 28.19 	13,21,59,943		16.19,60.83	1000,1 	0
2137    	28.14, -8.09, -10.20 	1.29, 16.70, -10.58 	10.26, 28.19 	13,21,59,952		24.65,67.22	1000,1 	0
2146    	28.04, -7.86, -10.19 	1.36, 17.21, -10.55 	10.26, 28.19 	13,21,59,962		28.57,57.53	1000,1 	0
2155    	27.98, -7.63, -10.15 	1.46, 17.72, -10.52 	10.26, 28.19 	13,21,59,972		25.67,56.88	1000,1 	0
2163    	27.93, -7.42, -10.11 	1.58, 18.20, -10.45 	10.26, 28.19 	13,21,59,981		27.30,61.64	1000,1 	0
2172    	27.90, -7.21, -10.05 	1.67, 18.67, -10.38 	10.26, 28.19 	13,21,59,991		23.89,53.19	1000,1 	0
2181    	27.85, -7.05, -9.96 	1.76, 19.16, -10.31 	10.26, 28.19 	13,22,0,1		18.88,55.52	1000,1 	0
2189    	27.75, -6.95, -9.90 	1.86, 19.67, -10.24 	10.26, 28.19 	13,22,0,10		16.98,65.30	1000,1 	0
2198    	27.63, -6.92, -9.81 	2.01, 20.15, -10.16 	10.26, 28.19 	13,22,0,20		13.32,55.58	1000,1 	0
2207    	27.50, -6.86, -9.74 	2.12, 20.60, -10.07 	10.26, 28.19 	13,22,0,30		16.11,51.33	1000,1 	0
2215    	27.31, -6.85, -9.68 	2.23, 21.01, -9.98 	10.26, 28.19 	13,22,0,39		24.12,53.87	1000,1 	0
2224    	27.15, -6.74, -9.62 	2.36, 21.44, -9.90 	10.26, 28.19 	13,22,0,49		21.51,49.60	1000,1 	0
2233    	27.04, -6.60, -9.58 	2.55, 21.87, -9.81 	10.26, 28.19 	13,22,0,59		20.04,51.81	1000,1 	0
2242    	26.98, -6.48, -9.51 	2.73, 22.27, -9.71 	10.26, 28.19 	13,22,0,69		14.52,49.22	1000,1 	0
2250    	26.97, -6.36, -9.44 	2.87, 22.60, -9.58 	10.26, 28.19 	13,22,0,78		14.70,44.94	1000,1 	0
2259    	26.93, -6.32, -9.39 	3.03, 22.90, -9.45 	10.26, 28.19 	13,22,0,88		6.38,37.17	1000,1 	0
2268    	26.88, -6.32, -9.33 	3.22, 23.15, -9.31 	10.26, 28.19 	13,22,0,98		5.35,35.38	1000,1 	0
2276    	26.89, -6.28, -9.27 	3.43, 23.39, -9.18 	10.26, 28.19 	13,22,0,107		5.46,39.26	1000,1 	0
2284    	26.86, -6.22, -9.24 	3.63, 23.60, -9.05 	10.26, 28.19 	13,22,0,116		7.57,36.50	1000,1 	0
2294    	26.81, -6.20, -9.19 	3.82, 23.77, -8.91 	10.26, 28.19 	13,22,0,127		6.16,25.56	1000,1 	0
2302    	26.73, -6.20, -9.15 	4.01, 23.93, -8.78 	10.26, 28.19 	13,22,0,136		9.63,31.08	1000,1 	0
2311    	26.65, -6.18, -9.13 	4.20, 24.04, -8.65 	10.26, 28.19 	13,22,0,146		8.88,24.89	1000,1 	0
2320    	26.67, -6.16, -9.11 	4.36, 24.10, -8.50 	10.26, 28.19 	13,22,0,156		3.19,18.03	1000,1 	0
2328    	26.74, -6.10, -9.10 	4.55, 24.18, -8.35 	10.26, 28.19 	13,22,0,165		11.62,26.18	1000,1 	0
2337    	26.80, -6.08, -9.08 	4.75, 24.21, -8.19 	10.26, 28.19 	13,22,0,175		6.85,22.68	1000,1 	0
2346    	26.81, -6.10, -9.06 	4.98, 24.23, -8.03 	10.26, 28.19 	13,22,0,185		2.60,25.74	1000,1 	0
2354    	26.86, -6.09, -9.05 	5.19, 24.24, -7.89 	10.26, 28.19 	13,22,0,194		7.35,26.48	1000,1 	0
2363    	26.86, -6.11, -9.03 	5.42, 24.23, -7.76 	10.26, 28.19 	13,22,0,204		2.37,25.71	1000,1 	0
2372    	26.87, -6.13, -9.02 	5.63, 24.22, -7.66 	10.26, 28.19 	13,22,0,214		2.60,23.53	1000,1 	0
2380    	26.88, -6.16, -8.99 	5.86, 24.25, -7.58 	10.26, 28.19 	13,22,0,223		4.17,27.90	1000,1 	0
2389    	26.86, -6.21, -9.00 	6.06, 24.32, -7.54 	10.26, 28.19 	13,22,0,233		6.30,23.46	1000,1 	0
2398    	26.88, -6.25, -8.98 	6.26, 24.37, -7.50 	10.26, 28.19 	13,22,0,243		4.15,23.14	1000,1 	0
2406    	26.95, -6.26, -8.97 	6.43, 24.41, -7.48 	10.26, 28.19 	13,22,0,252		8.53,22.23	1000,1 	0
2415    	26.98, -6.29, -8.98 	6.60, 24.48, -7.47 	10.26, 28.19 	13,22,0,262		4.79,20.85	1000,1 	0
2424    	27.07, -6.30, -9.01 	6.75, 24.57, -7.47 	10.26, 28.19 	13,22,0,272		9.71,18.52	1000,1 	0
2433    	27.16, -6.29, -9.03 	6.91, 24.65, -7.47 	10.26, 28.19 	13,22,0,282		10.77,20.38	1000,1 	0
2441    	27.27, -6.32, -9.04 	7.04, 24.71, -7.46 	10.26, 28.19 	13,22,0,291		13.83,17.47	1000,1 	0
2450    	27.37, -6.37, -9.02 	7.16, 24.77, -7.46 	10.26, 28.19 	13,22,0,301		12.23,15.03	1000,1 	0
2459    	27.41, -6.48, -8.99 	7.29, 24.82, -7.46 	10.26, 28.19 	13,22,0,311		12.99,15.03	1000,1 	0
2467    	27.43, -6.59, -8.97 	7.43, 24.90, -7.47 	10.26, 28.19 	13,22,0,320		13.53,20.83	1000,1 	0
2475    	27.48, -6.68, -8.94 	7.58, 24.99, -7.48 	10.26, 28.19 	13,22,0,329		13.41,21.88	1000,1 	0
2485    	27.48, -6.69, -8.93 	7.73, 25.09, -7.50 	10.26, 28.19 	13,22,0,340		1.07,17.83	1000,1 	0
2493    	27.47, -6.74, -8.94 	7.85, 25.20, -7.51 	10.26, 28.19 	13,22,0,349		5.46,20.42	1000,1 	0
2502    	27.50, -6.75, -8.93 	7.99, 25.31, -7.51 	10.26, 28.19 	13,22,0,359		3.42,19.81	1000,1 	0
2511    	27.49, -6.75, -8.94 	8.10, 25.40, -7.52 	10.26, 28.19 	13,22,0,369		1.07,15.78	1000,1 	0
2519    	27.51, -6.77, -8.92 	8.23, 25.52, -7.52 	10.26, 28.19 	13,22,0,378		3.59,22.19	1000,1 	0
2528    	27.54, -6.80, -8.90 	8.34, 25.59, -7.52 	10.26, 28.19 	13,22,0,388		4.79,14.30	1000,1 	0
2537    	27.54, -6.81, -8.90 	8.45, 25.73, -7.52 	10.26, 28.19 	13,22,0,398		1.18,19.93	1000,1 	0
2545    	27.58, -6.82, -8.89 	8.55, 25.85, -7.51 	10.26, 28.19 	13,22,0,407		5.00,18.85	1000,1 	0
2554    	27.60, -6.80, -8.88 	8.63, 25.95, -7.51 	10.26, 28.19 	13,22,0,417		3.19,15.17	1000,1 	0
2563    	27.62, -6.78, -8.87 	8.70, 26.04, -7.49 	10.26, 28.19 	13,22,0,427		3.19,12.01	1000,1 	0
2571    	27.61, -6.81, -8.87 	8.78, 26.13, -7.48 	10.26, 28.19 	13,22,0,436		4.17,15.29	1000,1 	0
2580    	27.60, -6.80, -8.85 	8.83, 26.24, -7.46 	10.26, 28.19 	13,22,0,446		1.60,13.42	1000,1 	0
2589    	27.60, -6.77, -8.86 	8.89, 26.34, -7.45 	10.26, 28.19 	13,22,0,456		3.55,12.39	1000,1 	0
2597    	27.63, -6.77, -8.85 	8.96, 26.42, -7.42 	10.26, 28.19 	13,22,0,465		3.61,13.51	1000,1 	0
2606    	27.62, -6.76, -8.87 	8.98, 26.48, -7.40 	10.26, 28.19 	13,22,0,475		1.60,7.41	1000,1 	0
2615    	27.63, -6.76, -8.85 	9.00, 26.55, -7.38 	10.26, 28.19 	13,22,0,485		1.07,7.41	1000,1 	0
2624    	27.65, -6.75, -8.86 	9.01, 26.63, -7.37 	10.26, 28.19 	13,22,0,495		3.42,9.71	1000,1 	0
2632    	27.65, -6.73, -8.86 	9.03, 26.71, -7.35 	10.26, 28.19 	13,22,0,504		2.66,9.62	1000,1 	0
2641    	27.66, -6.74, -8.86 	9.06, 26.79, -7.33 	10.26, 28.19 	13,22,0,514		1.60,9.98	1000,1 	0
2650    	27.66, -6.73, -8.85 	9.06, 26.88, -7.32 	10.26, 28.19 	13,22,0,524		1.18,9.50	1000,1 	0
2658    	27.64, -6.70, -8.85 	9.09, 26.96, -7.29 	10.26, 28.19 	13,22,0,533		3.59,11.23	1000,1 	0
2666    	27.63, -6.73, -8.85 	9.12, 27.07, -7.26 	10.26, 28.19 	13,22,0,542		3.59,13.79	1000,1 	0
2676    	27.61, -6.73, -8.85 	9.16, 27.15, -7.22 	10.26, 28.19 	13,22,0,553		1.93,8.36	1000,1 	0
2684    	27.62, -6.70, -8.85 	9.20, 27.19, -7.18 	10.26, 28.19 	13,22,0,562		2.92,7.99	1000,1 	0
2693    	27.62, -6.69, -8.86 	9.22, 27.25, -7.15 	10.26, 28.19 	13,22,0,572		1.18,7.41	1000,1 	0
2702    	27.62, -6.69, -8.86 	9.26, 27.31, -7.12 	10.26, 28.19 	13,22,0,582		0.00,7.27	1000,1 	0
2710    	27.63, -6.68, -8.87 	9.28, 27.36, -7.13 	10.26, 28.19 	13,22,0,591		1.80,7.07	1000,1 	0
2719    	27.64, -6.68, -8.87 	9.30, 27.40, -7.13 	10.26, 28.19 	13,22,0,601		2.14,5.18	1000,1 	0
2728    	27.62, -6.69, -8.86 	9.33, 27.45, -7.14 	10.26, 28.19 	13,22,0,611		3.42,6.71	1000,1 	0
2736    	27.64, -6.66, -8.86 	9.35, 27.52, -7.15 	10.26, 28.19 	13,22,0,620		5.39,8.74	1000,1 	0
2745    	27.62, -6.67, -8.86 	9.44, 27.64, -7.15 	10.26, 28.19 	13,22,0,630		3.42,16.11	1000,1 	0
2754    	27.61, -6.66, -8.86 	9.54, 27.76, -7.15 	10.26, 28.19 	13,22,0,640		1.60,17.69	1000,1 	0
2762    	27.62, -6.65, -8.85 	9.60, 27.87, -7.13 	10.26, 28.19 	13,22,0,649		1.80,15.69	1000,1 	0
2771    	27.60, -6.68, -8.85 	9.70, 27.94, -7.13 	10.26, 28.19 	13,22,0,659		4.15,13.45	1000,1 	0
2780    	27.58, -6.65, -8.85 	9.79, 28.03, -7.13 	10.26, 28.19 	13,22,0,669		4.15,14.20	1000,1 	0
2788    	27.58, -6.59, -8.85 	9.87, 28.11, -7.12 	10.26, 28.19 	13,22,0,678		7.99,14.28	1000,1 	0
2797    	27.58, -6.56, -8.87 	9.95, 28.17, -7.13 	10.26, 28.19 	13,22,0,688		3.55,10.34	1000,1 	0
2806    	27.58, -6.52, -8.85 	10.01, 28.20, -7.13 	10.26, 28.19 	13,22,0,698		3.55,8.24	1000,1 	0
2815    	27.58, -6.52, -8.87 	10.07, 28.23, -7.12 	10.26, 28.19 	13,22,0,708		0.00,7.29	1000,1 	0
2823    	27.60, -6.52, -8.85 	10.12, 28.26, -7.12 	10.26, 28.19 	13,22,0,717		2.41,7.18	1000,1 	0
2832    	27.59, -6.52, -8.85 	10.17, 28.29, -7.11 	10.26, 28.19 	13,22,0,727		1.07,6.38	1000,1 	0
2841    	27.56, -6.53, -8.84 	10.22, 28.30, -7.11 	10.26, 28.19 	13,22,0,737		3.42,5.46	1000,1 	0
2849    	27.54, -6.56, -8.82 	10.24, 28.32, -7.13 	10.26, 28.19 	13,22,0,746		3.59,4.46	1000,1 	0
2857    	27.56, -6.54, -8.83 	10.27, 28.34, -7.13 	10.26, 28.19 	13,22,0,755		2.75,4.46	1000,1 	0
2867    	27.55, -6.53, -8.84 	10.30, 28.37, -7.14 	10.26, 28.19 	13,22,0,766		1.44,3.57	1000,1 	0
2875    	27.57, -6.53, -8.83 	10.31, 28.38, -7.13 	10.26, 28.19 	13,22,0,775		2.41,1.78	1000,1 	0
2884    	27.57, -6.50, -8.85 	10.31, 28.38, -7.13 	10.26, 28.19 	13,22,0,785		3.55,0.00	1000,1 	0
2893    	27.55, -6.51, -8.83 	10.32, 28.37, -7.13 	10.26, 28.19 	13,22,0,795		2.45,1.61	1000,1 	0
2901    	27.58, -6.50, -8.84 	10.31, 28.37, -7.13 	10.26, 28.19 	13,22,0,804		3.85,1.20	1000,1 	0
2910    	27.57, -6.52, -8.83 	10.32, 28.37, -7.12 	10.26, 28.19 	13,22,0,814		2.60,1.07	1000,1 	0
2919    	27.55, -6.53, -8.82 	10.30, 28.36, -7.13 	10.26, 28.19 	13,22,0,824		2.45,2.43	1000,1 	0
2927    	27.54, -6.56, -8.82 	10.29, 28.33, -7.12 	10.26, 28.19 	13,22,0,833		2.92,2.91	1000,1 	0
2936    	27.54, -6.56, -8.82 	10.28, 28.34, -7.13 	10.26, 28.19 	13,22,0,843		0.00,1.61	1000,1 	0
2945    	27.53, -6.58, -8.82 	10.28, 28.34, -7.13 	10.26, 28.19 	13,22,0,853		2.60,0.00	1000,1 	0
2953    	27.53, -6.60, -8.81 	10.25, 28.34, -7.13 	10.26, 28.19 	13,22,0,862		2.66,3.61	1000,1 	0
2962    	27.52, -6.59, -8.82 	10.23, 28.36, -7.13 	10.26, 28.19 	13,22,0,872		1.60,2.46	1000,1 	0
2971    	27.52, -6.60, -8.82 	10.23, 28.37, -7.13 	10.26, 28.19 	13,22,0,882		1.18,1.19	1000,1 	0
2979    	27.54, -6.59, -8.82 	10.22, 28.38, -7.12 	10.26, 28.19 	13,22,0,891		2.75,1.81	1000,1 	0
2988    	27.57, -6.59, -8.81 	10.21, 28.38, -7.13 	10.26, 28.19 	13,22,0,901		3.21,1.07	1000,1 	0
2997    	27.57, -6.60, -8.82 	10.21, 28.38, -7.13 	10.26, 28.19 	13,22,0,911		1.18,1.07	1000,1 	0
3006    	27.57, -6.62, -8.82 	10.20, 28.36, -7.12 	10.26, 28.19 	13,22,0,921		2.37,2.59	1000,1 	0
3014    	27.56, -6.62, -8.82 	10.19, 28.36, -7.13 	10.26, 28.19 	13,22,0,930		1.20,1.20	1000,1 	0
3023    	27.57, -6.65, -8.81 	10.18, 28.36, -7.13 	10.26, 28.19 	13,22,0,940		3.71,1.07	1000,1 	0
3032    	27.57, -6.65, -8.81 	10.18, 28.36, -7.12 	10.26, 28.19 	13,22,0,950		0.00,0.00	1000,1 	0
3040    	27.56, -6.65, -8.81 	10.18, 28.37, -7.13 	10.26, 28.19 	13,22,0,959		1.20,1.34	1000,1 	0
3049    	27.54, -6.65, -8.81 	10.17, 28.37, -7.13 	10.26, 28.19 	13,22,0,969		2.14,1.07	1000,1 	0
3058    	27.56, -6.63, -8.82 	10.17, 28.38, -7.13 	10.26, 28.19 	13,22,0,979		3.19,1.19	1000,1 	0
3066    	27.58, -6.63, -8.82 	10.17, 28.37, -7.12 	10.26, 28.19 	13,22,0,988		2.41,1.34	1000,1 	0
3075    	27.60, -6.63, -8.82 	10.18, 28.37, -7.12 	10.26, 28.19 	13,22,0,998		2.14,1.07	1000,1 	0
3084    	27.57, -6.63, -8.82 	10.17, 28.37, -7.13 	10.26, 28.19 	13,22,1,8		3.21,1.07	1000,1 	0
3092    	27.60, -6.61, -8.82 	10.17, 28.37, -7.12 	10.26, 28.19 	13,22,1,17		4.49,0.00	1000,1 	0
3101    	27.60, -6.63, -8.80 	10.17, 28.36, -7.12 	10.26, 28.19 	13,22,1,27		2.37,1.19	1000,1 	0
3110    	27.56, -6.64, -8.80 	10.16, 28.37, -7.13 	10.26, 28.19 	13,22,1,37		4.44,1.61	1000,1 	0
3118    	27.56, -6.62, -8.80 	10.16, 28.37, -7.13 	10.26, 28.19 	13,22,1,46		2.66,0.00	1000,1 	0
3127    	27.56, -6.63, -8.80 	10.17, 28.36, -7.12 	10.26, 28.19 	13,22,1,56		1.18,1.61	1000,1 	0
3136    	27.56, -6.62, -8.80 	10.15, 28.36, -7.12 	10.26, 28.19 	13,22,1,66		1.18,2.14	1000,1 	0
3144    	27.55, -6.61, -8.82 	10.15, 28.37, -7.12 	10.26, 28.19 	13,22,1,75		1.79,1.34	1000,1 	0
3153    	27.55, -6.62, -8.82 	10.15, 28.37, -7.13 	10.26, 28.19 	13,22,1,85		1.18,0.00	1000,1 	0
3162    	27.55, -6.62, -8.82 	10.16, 28.37, -7.13 	10.26, 28.19 	13,22,1,95		0.00,1.07	1000,1 	0
3170    	27.57, -6.60, -8.82 	10.16, 28.38, -7.12 	10.26, 28.19 	13,22,1,104		3.59,1.34	1000,1 	0
3179    	27.58, -6.61, -8.81 	10.16, 28.39, -7.12 	10.26, 28.19 	13,22,1,114		1.60,1.19	1000,1 	0
3188    	27.60, -6.60, -8.82 	10.15, 28.39, -7.12 	10.26, 28.19 	13,22,1,124		2.45,1.07	1000,1 	0
3196    	27.59, -6.62, -8.81 	10.14, 28.39, -7.13 	0.00, -0.00 	13,22,1,143		2.60,1.07	1000,1 	0
3205    	27.58, -6.62, -8.81 	10.15, 28.40, -7.13 	0.00, -0.00 	13,22,1,153		0.88,1.30	1000,1 	0
3214    	27.57, -6.63, -8.81 	10.14, 28.41, -7.13 	0.00, -0.00 	13,22,1,163		1.31,1.32	1000,1 	0
3222    	27.56, -6.63, -8.81 	10.14, 28.41, -7.13 	0.00, -0.00 	13,22,1,172		0.88,0.00	1000,1 	0
3231    	27.55, -6.64, -8.81 	10.13, 28.42, -7.13 	0.00, -0.00 	13,22,1,182		1.20,1.21	1000,1 	0
3240    	27.57, -6.64, -8.81 	10.13, 28.43, -7.13 	0.00, -0.00 	13,22,1,192		1.75,0.97	1000,1 	0
3248    	27.57, -6.64, -8.80 	10.12, 28.44, -7.13 	0.00, -0.00 	13,22,1,201		0.00,1.32	1000,1 	0
3257    	27.57, -6.65, -8.80 	10.12, 28.44, -7.12 	0.00, -0.00 	13,22,1,211		0.89,0.00	1000,1 	0
3266    	27.56, -6.67, -8.78 	10.11, 28.45, -7.13 	0.00, -0.00 	13,22,1,221		2.13,1.32	1000,1 	0
3274    	27.55, -6.67, -8.79 	10.12, 28.44, -7.12 	0.00, -0.00 	13,22,1,230		0.88,1.32	1000,1 	0
3283    	27.55, -6.66, -8.80 	10.11, 28.46, -7.13 	0.00, -0.00 	13,22,1,240		0.89,1.97	1000,1 	0
3292    	27.56, -6.67, -8.80 	10.10, 28.45, -7.12 	0.00, -0.00 	13,22,1,250		1.31,1.30	1000,1 	0
3300    	27.57, -6.67, -8.80 	10.11, 28.46, -7.12 	0.00, -0.00 	13,22,1,259		0.88,1.30	1000,1 	0
3309    	27.55, -6.66, -8.80 	10.11, 28.47, -7.12 	0.00, -0.00 	13,22,1,269		1.83,0.89	1000,1 	0
3318    	27.57, -6.65, -8.80 	10.10, 28.50, -7.12 	0.00, -0.00 	13,22,1,279		2.00,2.14	1000,1 	0
3326    	27.57, -6.64, -8.80 	10.10, 28.51, -7.12 	0.00, -0.00 	13,22,1,288		0.97,0.97	1000,1 	0
3335    	27.56, -6.64, -8.80 	10.09, 28.52, -7.12 	0.00, -0.00 	13,22,1,298		0.80,1.21	1000,1 	0
3344    	27.55, -6.64, -8.80 	10.08, 28.52, -7.12 	0.00, -0.00 	13,22,1,308		0.88,0.87	1000,1 	0
3352    	27.55, -6.65, -8.79 	10.09, 28.52, -7.12 	0.00, -0.00 	13,22,1,317		0.97,0.87	1000,1 	0
3361    	27.53, -6.67, -8.78 	10.10, 28.51, -7.11 	0.00, -0.00 	13,22,1,327		2.39,1.21	1000,1 	0
3370    	27.52, -6.68, -8.78 	10.08, 28.51, -7.11 	0.00, -0.00 	13,22,1,337		1.31,1.75	1000,1 	0
3379    	27.53, -6.67, -8.78 	10.08, 28.52, -7.12 	0.00, -0.00 	13,22,1,347		1.31,0.97	1000,1 	0
3387    	27.51, -6.67, -8.80 	10.09, 28.52, -7.11 	0.00, -0.00 	13,22,1,356		1.75,0.87	1000,1 	0
3396    	27.52, -6.68, -8.78 	10.08, 28.53, -7.11 	0.00, -0.00 	13,22,1,366		1.31,1.32	1000,1 	0
3405    	27.52, -6.65, -8.80 	10.09, 28.53, -7.12 	0.00, -0.00 	13,22,1,376		2.91,0.87	1000,1 	0
3413    	27.52, -6.64, -8.80 	10.08, 28.54, -7.12 	0.00, -0.00 	13,22,1,385		0.97,1.32	1000,1 	0
3422    	27.50, -6.65, -8.80 	10.08, 28.53, -7.11 	0.00, -0.00 	13,22,1,395		2.00,0.97	1000,1 	0
3431    	27.50, -6.64, -8.81 	10.08, 28.54, -7.11 	0.00, -0.00 	13,22,1,405		0.97,0.97	1000,1 	0
3439    	27.53, -6.63, -8.81 	10.08, 28.53, -7.12 	0.00, -0.00 	13,22,1,414		2.80,0.97	1000,1 	0
3448    	27.53, -6.64, -8.80 	10.08, 28.54, -7.12 	0.00, -0.00 	13,22,1,424		0.89,0.89	1000,1 	0
3457    	27.53, -6.63, -8.79 	10.08, 28.54, -7.11 	0.00, -0.00 	13,22,1,434		0.97,0.00	1000,1 	0
3465    	27.52, -6.65, -8.79 	10.07, 28.54, -7.11 	0.00, -0.00 	13,22,1,443		2.13,0.87	1000,1 	0
3474    	27.52, -6.66, -8.80 	10.08, 28.54, -7.11 	0.00, -0.00 	13,22,1,453		0.89,0.80	1000,1 	0
3483    	27.49, -6.67, -8.79 	10.08, 28.54, -7.11 	0.00, -0.00 	13,22,1,463		2.80,0.00	1000,1 	0
3491    	27.49, -6.65, -8.81 	10.09, 28.54, -7.11 	0.00, -0.00 	13,22,1,472		1.94,0.87	1000,1 	0
3500    	27.50, -6.66, -8.81 	10.08, 28.54, -7.12 	0.00, -0.00 	13,22,1,482		1.20,0.80	1000,1 	0
3509    	27.50, -6.66, -8.80 	10.08, 28.54, -7.12 	0.00, -0.00 	13,22,1,492		0.00,0.00	1000,1 	0
3517    	27.50, -6.65, -8.80 	10.08, 28.54, -7.12 	0.00, -0.00 	13,22,1,501		0.97,0.00	1000,1 	0
3526    	27.52, -6.67, -8.79 	10.07, 28.55, -7.12 	0.00, -0.00 	13,22,1,511		2.39,1.21	1000,1 	0
3535    	27.53, -6.65, -8.80 	10.07, 28.54, -7.12 	0.00, -0.00 	13,22,1,521		2.13,0.97	1000,1 	0
3543    	27.53, -6.64, -8.80 	10.07, 28.55, -7.12 	0.00, -0.00 	13,22,1,530		0.97,0.97	1000,1 	0
3552    	27.53, -6.66, -8.79 	10.07, 28.56, -7.11 	0.00, -0.00 	13,22,1,540		1.64,0.82	1000,1 	0
3561    	27.54, -6.67, -8.79 	10.07, 28.56, -7.12 	0.00, -0.00 	13,22,1,550		1.31,0.00	1000,1 	0
3570    	27.52, -6.67, -8.80 	10.07, 28.56, -7.12 	0.00, -0.00 	13,22,1,560		1.75,0.00	1000,1 	0
3578    	27.52, -6.68, -8.79 	10.08, 28.56, -7.12 	0.00, -0.00 	13,22,1,569		0.97,0.87	1000,1 	0
3587    	27.52, -6.67, -8.78 	10.08, 28.57, -7.12 	0.00, -0.00 	13,22,1,579		0.97,0.97	1000,1 	0
3596    	27.53, -6.65, -8.79 	10.08, 28.56, -7.12 	0.00, -0.00 	13,22,1,589		2.13,0.97	1000,1 	0
3604    	27.53, -6.66, -8.79 	10.08, 28.56, -7.12 	0.00, -0.00 	13,22,1,598		0.97,0.00	1000,1 	0
3613    	27.54, -6.66, -8.80 	10.08, 28.56, -7.12 	0.00, -0.00 	13,22,1,608		0.80,0.00	1000,1 	0
3622    	27.54, -6.66, -8.80 	10.08, 28.57, -7.12 	0.00, -0.00 	13,22,1,618		0.00,0.97	1000,1 	0
3630    	27.54, -6.65, -8.80 	10.07, 28.57, -7.12 	0.00, -0.00 	13,22,1,627		0.97,0.87	1000,1 	0
3639    	27.52, -6.66, -8.79 	10.07, 28.56, -7.12 	0.00, -0.00 	13,22,1,637		1.84,0.89	1000,1 	0
3648    	27.53, -6.66, -8.79 	10.08, 28.56, -7.12 	0.00, -0.00 	13,22,1,647		0.88,0.87	1000,1 	0
3656    	27.52, -6.64, -8.80 	10.07, 28.57, -7.12 	0.00, -0.00 	13,22,1,656		2.13,1.32	1000,1 	0
3665    	27.52, -6.64, -8.79 	10.08, 28.56, -7.12 	0.00, -0.00 	13,22,1,666		0.00,1.21	1000,1 	0
3674    	27.52, -6.65, -8.78 	10.08, 28.57, -7.12 	0.00, -0.00 	13,22,1,676		0.97,0.97	1000,1 	0
3682    	27.50, -6.66, -8.79 	10.07, 28.57, -7.12 	0.00, -0.00 	13,22,1,685		2.00,0.87	1000,1 	0
3691    	27.51, -6.67, -8.80 	10.08, 28.58, -7.12 	0.00, -0.00 	13,22,1,695		1.20,1.19	1000,1 	0
3700    	27.50, -6.68, -8.79 	10.07, 28.58, -7.12 	0.00, -0.00 	13,22,1,705		1.31,0.87	1000,1 	0
3708    	27.50, -6.67, -8.80 	10.08, 28.59, -7.12 	0.00, -0.00 	13,22,1,714		0.97,1.30	1000,1 	0
3717    	27.51, -6.68, -8.78 	10.08, 28.59, -7.12 	0.00, -0.00 	13,22,1,724		1.20,0.00	1000,1 	0
3726    	27.52, -6.68, -8.78 	10.07, 28.59, -7.12 	0.00, -0.00 	13,22,1,734		0.88,0.87	1000,1 	0
3734    	27.51, -6.67, -8.79 	10.06, 28.59, -7.12 	0.00, -0.00 	13,22,1,743		1.31,0.87	1000,1 	0
3743    	27.49, -6.69, -8.78 	10.06, 28.59, -7.12 	0.00, -0.00 	13,22,1,753		2.21,0.00	1000,1 	0
3752    	27.48, -6.68, -8.79 	10.06, 28.58, -7.12 	0.00, -0.00 	13,22,1,763		1.31,0.97	1000,1 	0
3761    	27.47, -6.68, -8.78 	10.06, 28.58, -7.12 	0.00, -0.00 	13,22,1,773		0.88,0.00	1000,1 	0
3769    	27.46, -6.70, -8.79 	10.07, 28.57, -7.12 	0.00, -0.00 	13,22,1,782		2.13,1.32	1000,1 	0
3778    	27.46, -6.70, -8.79 	10.07, 28.58, -7.12 	0.00, -0.00 	13,22,1,792		0.00,0.97	1000,1 	0
3787    	27.46, -6.70, -8.80 	10.06, 28.59, -7.12 	0.00, -0.00 	13,22,1,802		0.00,1.32	1000,1 	0
3795    	27.45, -6.70, -8.79 	10.06, 28.59, -7.12 	0.00, -0.00 	13,22,1,811		0.88,0.00	1000,1 	0
3804    	27.46, -6.70, -8.80 	10.06, 28.59, -7.12 	0.00, -0.00 	13,22,1,821		0.80,0.00	1000,1 	0
3813    	27.46, -6.70, -8.78 	10.06, 28.59, -7.12 	0.00, -0.00 	13,22,1,831		0.00,0.00	1000,1 	0
3821    	27.46, -6.72, -8.79 	10.06, 28.59, -7.12 	0.00, -0.00 	13,22,1,840		0.97,0.00	1000,1 	0
3830    	27.47, -6.74, -8.78 	10.06, 28.60, -7.12 	0.00, -0.00 	13,22,1,850		1.95,0.89	1000,1 	0
3839    	27.44, -6.74, -8.78 	10.06, 28.59, -7.12 	0.00, -0.00 	13,22,1,860		2.63,0.97	1000,1 	0
3847    	27.44, -6.75, -8.78 	10.06, 28.60, -7.12 	0.00, -0.00 	13,22,1,869		0.97,0.97	1000,1 	0
3856    	27.45, -6.73, -8.78 	10.06, 28.60, -7.12 	0.00, -0.00 	13,22,1,879		1.95,0.00	1000,1 	0
3865    	27.45, -6.72, -8.78 	10.06, 28.61, -7.12 	0.00, -0.00 	13,22,1,889		0.97,0.97	1000,1 	0
3873    	27.44, -6.73, -8.78 	10.06, 28.61, -7.12 	0.00, -0.00 	13,22,1,898		1.31,0.00	1000,1 	0
3882    	27.44, -6.73, -8.78 	10.06, 28.61, -7.12 	0.00, -0.00 	13,22,1,908		0.00,0.00	1000,1 	0
3891    	27.45, -6.73, -8.79 	10.06, 28.61, -7.12 	0.00, -0.00 	13,22,1,918		0.88,0.00	1000,1 	0
3899    	27.44, -6.73, -8.79 	10.06, 28.61, -7.12 	0.00, -0.00 	13,22,1,927		0.88,0.00	1000,1 	0
3908    	27.46, -6.72, -8.78 	10.06, 28.61, -7.12 	0.00, -0.00 	13,22,1,937		1.84,0.00	1000,1 	0
3917    	27.45, -6.72, -8.78 	10.05, 28.60, -7.12 	0.00, -0.00 	13,22,1,947		0.88,1.30	1000,1 	0
3925    	27.44, -6.70, -8.78 	10.05, 28.60, -7.12 	0.00, -0.00 	13,22,1,956		1.31,0.00	1000,1 	0
3934    	27.41, -6.72, -8.78 	10.04, 28.60, -7.12 	0.00, -0.00 	13,22,1,966		2.37,0.74	1000,1 	0
3943    	27.45, -6.73, -8.78 	10.04, 28.60, -7.12 	0.00, -0.00 	13,22,1,976		3.63,0.00	1000,1 	0
3952    	27.45, -6.73, -8.78 	10.05, 28.60, -7.11 	0.00, -0.00 	13,22,1,986		0.00,0.87	0,0 	0
3960    	27.45, -6.73, -8.79 	10.05, 28.61, -7.12 	0.00, -0.00 	13,22,1,995		0.00,0.97	0,0 	0
3969    	27.46, -6.73, -8.78 	10.04, 28.60, -7.12 	0.00, -0.00 	13,22,2,5		0.80,1.19	0,0 	0
3978    	27.46, -6.73, -8.78 	10.05, 28.60, -7.12 	0.00, -0.00 	13,22,2,15		0.00,0.87	0,0 	0
3986    	27.46, -6.72, -8.78 	10.05, 28.61, -7.12 	0.00, -0.00 	13,22,2,24		0.97,0.97	0,0 	0
3995    	27.46, -6.72, -8.78 	10.06, 28.60, -7.12 	0.00, -0.00 	13,22,2,34		0.00,1.21	0,0 	0
4004    	27.46, -6.70, -8.78 	10.05, 28.60, -7.12 	0.00, -0.00 	13,22,2,44		0.97,0.87	0,0 	0
4012    	27.45, -6.70, -8.78 	10.05, 28.60, -7.12 	0.00, -0.00 	13,22,2,53		0.64,0.00	0,0 	0
4021    	27.45, -6.72, -8.78 	10.06, 28.61, -7.12 	0.00, -0.00 	13,22,2,63		0.67,0.89	0,0 	0
4030    	27.44, -6.72, -8.79 	10.06, 28.61, -7.12 	0.00, -0.00 	13,22,2,73		0.64,0.00	0,0 	0
4038    	27.45, -6.72, -8.79 	10.05, 28.61, -7.12 	0.00, -0.00 	13,22,2,82		0.64,0.64	0,0 	0
4047    	27.42, -6.70, -8.80 	10.05, 28.61, -7.11 	0.00, -0.00 	13,22,2,92		1.92,0.00	0,0 	0
4056    	27.45, -6.70, -8.80 	10.06, 28.61, -7.11 	0.00, -0.00 	13,22,2,102		1.81,0.60	0,0 	0
4064    	27.44, -6.72, -8.80 	10.05, 28.61, -7.11 	0.00, -0.00 	13,22,2,111		0.96,0.64	0,0 	0
4073    	27.46, -6.70, -8.80 	10.05, 28.61, -7.12 	0.00, -0.00 	13,22,2,121		1.38,0.00	0,0 	0
4082    	27.45, -6.73, -8.80 	10.06, 28.61, -7.11 	0.00, -0.00 	13,22,2,131		1.46,0.60	0,0 	0
4090    	27.46, -6.73, -8.80 	10.06, 28.61, -7.12 	0.00, -0.00 	13,22,2,140		0.60,0.00	0,0 	0
4099    	27.46, -6.74, -8.79 	10.06, 28.61, -7.11 	0.00, -0.00 	13,22,2,150		0.67,0.00	0,0 	0
4108    	27.43, -6.76, -8.78 	10.04, 28.59, -7.11 	0.00, -0.00 	13,22,2,160		2.24,1.78	0,0 	0
4116    	27.42, -6.77, -8.78 	10.00, 28.57, -7.11 	0.00, -0.00 	13,22,2,169		0.96,2.92	0,0 	0
4125    	27.44, -6.75, -8.79 	9.96, 28.54, -7.11 	0.00, -0.00 	13,22,2,179		1.80,3.11	0,0 	0
4134    	27.43, -6.75, -8.79 	9.93, 28.52, -7.10 	0.00, -0.00 	13,22,2,189		0.60,2.73	0,0 	0
4143    	27.46, -6.75, -8.79 	9.92, 28.51, -7.11 	0.00, -0.00 	13,22,2,199		1.93,0.95	0,0 	0
4151    	27.46, -6.75, -8.78 	9.91, 28.47, -7.10 	0.00, -0.00 	13,22,2,208		0.00,2.91	0,0 	0
4160    	27.48, -6.75, -8.78 	9.83, 28.37, -7.09 	0.00, -0.00 	13,22,2,218		1.20,7.65	0,0 	0
4169    	27.50, -6.78, -8.78 	9.53, 27.93, -7.04 	0.00, -0.00 	13,22,2,228		2.49,35.46	0,0 	0
4177    	27.53, -6.76, -8.79 	9.37, 27.67, -7.01 	0.00, -0.00 	13,22,2,237		2.39,20.43	0,0 	0
4186    	27.49, -6.78, -8.78 	9.22, 27.42, -7.00 	0.00, -0.00 	13,22,2,247		2.75,18.01	0,0 	0
4195    	27.49, -6.81, -8.78 	9.10, 27.16, -6.99 	0.00, -0.00 	13,22,2,257		2.13,19.56	0,0 	0
4203    	27.50, -6.85, -8.77 	8.94, 26.88, -6.98 	0.00, -0.00 	13,22,2,266		2.91,21.36	0,0 	0
4212    	27.50, -6.86, -8.77 	8.77, 26.57, -6.98 	0.00, -0.00 	13,22,2,276		0.67,21.77	0,0 	0
4221    	27.54, -6.92, -8.75 	8.59, 26.24, -6.97 	0.00, -0.00 	13,22,2,286		4.38,25.07	0,0 	0
4229    	27.57, -6.95, -8.76 	8.37, 25.88, -6.99 	0.00, -0.00 	13,22,2,295		2.87,28.18	0,0 	0
4238    	27.62, -6.95, -8.78 	8.13, 25.50, -7.00 	0.00, -0.00 	13,22,2,305		3.61,28.49	0,0 	0
4247    	27.74, -6.96, -8.78 	7.87, 25.09, -7.02 	0.00, -0.00 	13,22,2,315		7.26,29.93	0,0 	0
4255    	27.85, -6.95, -8.77 	7.58, 24.66, -7.05 	0.00, -0.00 	13,22,2,324		7.10,34.75	0,0 	0
4264    	27.95, -6.99, -8.76 	7.31, 24.21, -7.09 	0.00, -0.00 	13,22,2,334		7.14,32.82	0,0 	0
4273    	28.04, -7.08, -8.73 	7.03, 23.73, -7.13 	0.00, -0.00 	13,22,2,344		7.60,34.53	0,0 	0
4281    	28.12, -7.19, -8.71 	6.74, 23.26, -7.18 	0.00, -0.00 	13,22,2,353		9.35,36.88	0,0 	0
4290    	28.16, -7.33, -8.68 	6.47, 22.77, -7.22 	0.00, -0.00 	13,22,2,363		9.16,34.83	0,0 	0
4299    	28.19, -7.54, -8.65 	6.20, 22.28, -7.29 	0.00, -0.00 	13,22,2,373		12.78,35.11	0,0 	0
4307    	28.19, -7.73, -8.65 	5.91, 21.83, -7.37 	0.00, -0.00 	13,22,2,382		12.79,35.94	0,0 	0
4316    	28.20, -7.79, -8.68 	5.62, 21.34, -7.44 	0.00, -0.00 	13,22,2,392		4.04,35.71	0,0 	0
4325    	28.27, -7.72, -8.71 	5.32, 20.83, -7.52 	0.00, -0.00 	13,22,2,402		6.29,36.86	0,0 	0
4334    	28.34, -7.63, -8.73 	5.01, 20.33, -7.62 	0.00, -0.00 	13,22,2,412		7.25,39.36	0,0 	0
4342    	28.38, -7.59, -8.73 	4.70, 19.84, -7.72 	0.00, -0.00 	13,22,2,421		3.83,38.42	0,0 	0
4351    	28.42, -7.59, -8.74 	4.40, 19.36, -7.83 	0.00, -0.00 	13,22,2,431		3.01,35.46	0,0 	0
4360    	28.43, -7.62, -8.71 	4.04, 18.85, -7.93 	0.00, -0.00 	13,22,2,441		2.23,41.71	0,0 	0
4368    	28.46, -7.63, -8.68 	3.63, 18.36, -8.01 	0.00, -0.00 	13,22,2,450		2.05,42.12	0,0 	0
4377    	28.42, -7.67, -8.67 	3.29, 17.88, -8.11 	0.00, -0.00 	13,22,2,460		3.59,36.79	0,0 	0
4386    	28.41, -7.71, -8.67 	2.98, 17.53, -8.23 	0.00, -0.00 	13,22,2,470		2.23,31.41	0,0 	0
4394    	28.40, -7.72, -8.68 	2.65, 17.16, -8.33 	0.00, -0.00 	13,22,2,479		0.96,32.89	0,0 	0
4403    	28.43, -7.72, -8.68 	2.34, 16.76, -8.42 	0.00, -0.00 	13,22,2,489		1.81,31.99	0,0 	0
4412    	28.42, -7.72, -8.70 	2.02, 16.30, -8.47 	0.00, -0.00 	13,22,2,499		0.60,34.67	0,0 	0
4420    	28.42, -7.73, -8.71 	1.66, 15.84, -8.53 	0.00, -0.00 	13,22,2,508		0.71,38.87	0,0 	0
4429    	28.44, -7.76, -8.72 	1.38, 15.41, -8.58 	0.00, -0.00 	13,22,2,518		2.33,32.26	0,0 	0
4438    	28.49, -7.73, -8.71 	1.12, 14.96, -8.61 	0.00, -0.00 	13,22,2,528		3.61,32.51	0,0 	0
4446    	28.47, -7.76, -8.69 	0.86, 14.52, -8.63 	0.00, -0.00 	13,22,2,537		2.49,33.75	0,0 	0
4455    	28.46, -7.80, -8.69 	0.63, 14.06, -8.63 	0.00, -0.00 	13,22,2,547		2.73,32.56	0,0 	0
4464    	28.48, -7.85, -8.69 	0.42, 13.57, -8.66 	0.00, -0.00 	13,22,2,557		2.92,33.52	0,0 	0
4472    	28.47, -7.92, -8.69 	0.25, 13.06, -8.66 	0.00, -0.00 	13,22,2,566		5.01,35.27	0,0 	0
4481    	28.49, -7.96, -8.72 	0.08, 12.62, -8.66 	0.00, -0.00 	13,22,2,576		2.92,29.93	0,0 	0
4490    	28.42, -7.99, -8.75 	-0.14, 12.13, -8.64 	0.00, -0.00 	13,22,2,586		4.67,33.52	0,0 	0
4498    	28.42, -8.00, -8.77 	-0.27, 11.64, -8.62 	0.00, -0.00 	13,22,2,595		0.71,33.86	0,0 	0
4507    	28.40, -7.98, -8.78 	-0.25, 11.20, -8.63 	0.00, -0.00 	13,22,2,605		1.80,27.44	0,0 	0
4516    	28.43, -7.93, -8.79 	-0.29, 10.73, -8.59 	0.00, -0.00 	13,22,2,615		3.79,29.46	0,0 	0
4525    	28.45, -7.92, -8.78 	-0.42, 10.24, -8.54 	0.00, -0.00 	13,22,2,625		1.47,33.86	0,0 	0
4533    	28.43, -7.93, -8.78 	-0.52, 9.77, -8.48 	0.00, -0.00 	13,22,2,634		1.47,32.04	0,0 	0
4542    	28.42, -7.94, -8.77 	-0.63, 9.32, -8.44 	0.00, -0.00 	13,22,2,644		0.90,28.87	0,0 	0
4551    	28.44, -7.94, -8.77 	-0.63, 8.93, -8.40 	0.00, -0.00 	13,22,2,654		1.28,25.66	0,0 	0
4559    	28.50, -7.95, -8.75 	-0.58, 8.56, -8.37 	0.00, -0.00 	13,22,2,663		3.92,25.20	0,0 	0
4568    	28.47, -7.96, -8.75 	-0.57, 8.17, -8.37 	0.00, -0.00 	13,22,2,673		1.93,24.07	0,0 	0
4577    	28.44, -7.97, -8.75 	-0.59, 7.84, -8.37 	0.00, -0.00 	13,22,2,683		2.05,22.15	0,0 	0
4585    	28.42, -7.95, -8.74 	-0.55, 7.53, -8.37 	0.00, -0.00 	13,22,2,692		1.91,20.87	0,0 	0
4594    	28.47, -7.91, -8.75 	-0.48, 7.22, -8.35 	0.00, -0.00 	13,22,2,702		4.02,19.89	0,0 	0
4603    	28.46, -7.87, -8.77 	-0.43, 6.94, -8.35 	0.00, -0.00 	13,22,2,712		2.73,17.68	0,0 	0
4611    	28.50, -7.83, -8.76 	-0.50, 6.59, -8.32 	0.00, -0.00 	13,22,2,721		3.34,23.88	0,0 	0
4620    	28.54, -7.80, -8.78 	-0.47, 6.30, -8.32 	0.00, -0.00 	13,22,2,731		3.13,18.16	0,0 	0
4629    	28.57, -7.81, -8.77 	-0.37, 6.07, -8.31 	0.00, -0.00 	13,22,2,741		1.92,15.97	0,0 	0
4637    	28.58, -7.85, -8.75 	-0.38, 5.85, -8.31 	0.00, -0.00 	13,22,2,750		2.23,14.26	0,0 	0
4646    	28.60, -7.88, -8.75 	-0.47, 5.64, -8.26 	0.00, -0.00 	13,22,2,760		2.33,14.57	0,0 	0
4655    	28.58, -7.92, -8.73 	-0.60, 5.33, -8.18 	0.00, -0.00 	13,22,2,770		2.92,20.79	0,0 	0
4663    	28.59, -7.93, -8.75 	-0.70, 5.08, -8.16 	0.00, -0.00 	13,22,2,778		0.90,17.26	0,0 	0
4672    	28.59, -7.96, -8.75 	-0.73, 4.87, -8.16 	0.00, -0.00 	13,22,2,788		2.00,12.80	0,0 	0
4681    	28.57, -7.92, -8.77 	-0.73, 4.68, -8.15 	0.00, -0.00 	13,22,2,798		2.92,12.03	0,0 	0
4689    	28.60, -7.92, -8.78 	-0.75, 4.49, -8.12 	0.00, -0.00 	13,22,2,808		1.93,12.94	0,0 	0
4698    	28.64, -7.91, -8.78 	-0.75, 4.27, -8.11 	0.00, -0.00 	13,22,2,817		3.08,13.36	0,0 	0
4707    	28.67, -7.92, -8.78 	-0.70, 4.09, -8.11 	0.00, -0.00 	13,22,2,827		1.92,11.80	0,0 	0
4716    	28.70, -7.94, -8.78 	-0.70, 3.81, -8.09 	0.00, -0.00 	13,22,2,838		2.39,18.53	0,0 	0
4724    	28.70, -7.96, -8.76 	-0.72, 3.55, -8.03 	0.00, -0.00 	13,22,2,846		1.42,17.85	0,0 	0
4733    	28.71, -8.01, -8.77 	-0.83, 3.30, -8.02 	0.00, -0.00 	13,22,2,856		2.73,16.88	0,0 	0
4742    	28.71, -8.04, -8.76 	-0.87, 3.10, -7.98 	0.00, -0.00 	13,22,2,866		2.13,13.75	0,0 	0
4750    	28.73, -8.07, -8.76 	-0.89, 2.91, -7.99 	0.00, -0.00 	13,22,2,875		2.49,12.87	0,0 	0
4759    	28.73, -8.12, -8.75 	-0.90, 2.76, -7.98 	0.00, -0.00 	13,22,2,885		3.33,9.37	0,0 	0
4768    	28.70, -8.13, -8.77 	-0.90, 2.58, -7.92 	0.00, -0.00 	13,22,2,895		1.93,11.37	0,0 	0
4776    	28.70, -8.16, -8.76 	-0.99, 2.41, -7.88 	0.00, -0.00 	13,22,2,904		2.13,12.70	0,0 	0
4785    	28.72, -8.15, -8.77 	-0.97, 2.24, -7.82 	0.00, -0.00 	13,22,2,914		1.38,10.11	0,0 	0
4794    	28.73, -8.09, -8.78 	-1.02, 2.13, -7.80 	0.00, -0.00 	13,22,2,924		4.04,7.90	0,0 	0
4802    	28.75, -8.07, -8.78 	-0.92, 1.96, -7.77 	0.00, -0.00 	13,22,2,933		1.92,13.17	0,0 	0
4811    	28.75, -8.06, -8.77 	-0.93, 1.86, -7.74 	0.00, -0.00 	13,22,2,943		0.67,6.03	0,0 	0
4820    	28.76, -8.05, -8.76 	-0.96, 1.71, -7.69 	0.00, -0.00 	13,22,2,953		0.90,9.62	0,0 	0
4828    	28.75, -8.04, -8.77 	-0.96, 1.62, -7.67 	0.00, -0.00 	13,22,2,962		0.96,5.70	0,0 	0
4837    	28.75, -8.07, -8.75 	-0.99, 1.53, -7.63 	0.00, -0.00 	13,22,2,972		2.00,6.25	0,0 	0
4846    	28.74, -8.06, -8.75 	-1.01, 1.43, -7.60 	0.00, -0.00 	13,22,2,982		0.90,6.12	0,0 	0
4854    	28.70, -8.06, -8.75 	-1.02, 1.38, -7.57 	0.00, -0.00 	13,22,2,991		2.57,3.61	0,0 	0
4863    	28.70, -8.05, -8.77 	-0.98, 1.29, -7.55 	0.00, -0.00 	13,22,3,1		0.67,5.90	0,0 	0
4872    	28.71, -8.03, -8.76 	-0.97, 1.26, -7.54 	0.00, -0.00 	13,22,3,11		1.46,2.10	0,0 	0
4880    	28.72, -8.01, -8.79 	-0.93, 1.21, -7.50 	0.00, -0.00 	13,22,3,20		1.56,4.42	0,0 	0
4889    	28.72, -7.98, -8.80 	-0.88, 1.16, -7.49 	0.00, -0.00 	13,22,3,30		1.33,4.05	0,0 	0
4898    	28.72, -7.97, -8.79 	-0.90, 1.13, -7.45 	0.00, -0.00 	13,22,3,40		0.67,2.32	0,0 	0
4907    	28.76, -7.95, -8.79 	-0.83, 1.12, -7.42 	0.00, -0.00 	13,22,3,50		2.94,5.19	0,0 	0
