#Time 	Sensor1         Sensor2         Target          Time            Vel             
#================================================================

16      	29.51, -9.69, -8.81 	-0.50, 0.23, -6.67 	5.13, 14.10 	13,21,32,33		0.00,0.00	0,0 	0
22      	29.50, -9.69, -8.81 	-0.50, 0.23, -6.67 	5.13, 14.10 	13,21,32,42		1.61,0.00	0,0 	0
30      	29.50, -9.68, -8.82 	-0.52, 0.25, -6.67 	5.13, 14.10 	13,21,32,51		1.33,3.62	0,0 	0
39      	29.50, -9.68, -8.82 	-0.52, 0.25, -6.67 	5.13, 14.10 	13,21,32,61		0.00,0.00	0,0 	0
48      	29.51, -9.70, -8.82 	-0.51, 0.24, -6.68 	5.13, 14.10 	13,21,32,71		2.60,1.61	0,0 	0
56      	29.53, -9.69, -8.82 	-0.51, 0.24, -6.68 	5.13, 14.10 	13,21,32,80		2.75,0.00	0,0 	0
65      	29.56, -9.69, -8.82 	-0.51, 0.23, -6.67 	5.13, 14.10 	13,21,32,90		3.21,1.19	0,0 	0
74      	29.55, -9.69, -8.82 	-0.51, 0.22, -6.67 	5.13, 14.10 	13,21,32,100		1.07,1.19	0,0 	0
82      	29.56, -9.70, -8.82 	-0.51, 0.22, -6.67 	5.13, 14.10 	13,21,32,109		1.79,0.00	0,0 	0
91      	29.56, -9.72, -8.82 	-0.51, 0.22, -6.67 	5.13, 14.10 	13,21,32,119		2.37,0.00	0,0 	0
100     	29.56, -9.71, -8.81 	-0.50, 0.24, -6.68 	5.13, 14.10 	13,21,32,129		1.18,2.59	0,0 	0
108     	29.57, -9.71, -8.82 	-0.50, 0.25, -6.68 	5.13, 14.10 	13,21,32,138		1.20,1.34	0,0 	0
117     	29.55, -9.73, -8.82 	-0.50, 0.25, -6.68 	5.13, 14.10 	13,21,32,148		3.19,0.00	0,0 	0
126     	29.54, -9.72, -8.82 	-0.50, 0.26, -6.68 	5.13, 14.10 	13,21,32,158		1.60,1.19	0,0 	0
134     	29.55, -9.71, -8.82 	-0.50, 0.24, -6.67 	5.13, 14.10 	13,21,32,167		1.80,2.67	0,0 	0
143     	29.53, -9.71, -8.83 	-0.51, 0.23, -6.67 	5.13, 14.10 	13,21,32,177		2.14,1.59	0,0 	0
152     	29.56, -9.70, -8.82 	-0.51, 0.23, -6.67 	5.13, 14.10 	13,21,32,187		3.42,0.00	0,0 	0
161     	29.56, -9.72, -8.82 	-0.51, 0.23, -6.68 	5.13, 14.10 	13,21,32,197		2.37,0.00	0,0 	0
169     	29.58, -9.71, -8.82 	-0.51, 0.24, -6.68 	5.13, 14.10 	13,21,32,206		2.75,1.34	0,0 	0
178     	29.59, -9.71, -8.81 	-0.52, 0.24, -6.68 	5.13, 14.10 	13,21,32,216		1.07,1.07	0,0 	0
187     	29.59, -9.70, -8.82 	-0.52, 0.26, -6.68 	5.13, 14.10 	13,21,32,226		1.18,2.38	0,0 	0
195     	29.58, -9.70, -8.82 	-0.51, 0.24, -6.66 	5.13, 14.10 	13,21,32,235		1.20,2.95	0,0 	0
204     	29.58, -9.70, -8.82 	-0.51, 0.24, -6.67 	5.13, 14.10 	13,21,32,245		0.00,0.00	0,0 	0
213     	29.58, -9.69, -8.82 	-0.51, 0.24, -6.67 	5.13, 14.10 	13,21,32,255		1.18,0.00	0,0 	0
221     	29.61, -9.68, -8.82 	-0.50, 0.24, -6.68 	5.13, 14.10 	13,21,32,264		3.85,1.20	0,0 	0
230     	29.60, -9.69, -8.84 	-0.52, 0.25, -6.68 	5.13, 14.10 	13,21,32,274		1.60,2.46	0,0 	0
239     	29.63, -9.68, -8.84 	-0.53, 0.25, -6.68 	5.13, 14.10 	13,21,32,284		3.42,1.07	0,0 	0
247     	29.63, -9.68, -8.82 	-0.52, 0.25, -6.67 	5.13, 14.10 	13,21,32,293		1.20,1.20	0,0 	0
256     	29.63, -9.71, -8.82 	-0.52, 0.25, -6.67 	5.13, 14.10 	13,21,32,303		3.71,0.00	0,0 	0
265     	29.61, -9.73, -8.81 	-0.52, 0.26, -6.68 	5.13, 14.10 	13,21,32,313		3.19,1.19	0,0 	0
273     	29.61, -9.72, -8.81 	-0.52, 0.26, -6.68 	5.13, 14.10 	13,21,32,322		1.33,0.00	0,0 	0
282     	29.58, -9.74, -8.82 	-0.54, 0.24, -6.67 	5.13, 14.10 	13,21,32,332		3.99,3.17	0,0 	0
291     	29.61, -9.73, -8.82 	-0.53, 0.23, -6.67 	5.13, 14.10 	13,21,32,342		3.42,1.61	0,0 	0
299     	29.60, -9.74, -8.83 	-0.53, 0.24, -6.67 	5.13, 14.10 	13,21,32,351		1.80,1.34	0,0 	0
309     	29.62, -9.74, -8.82 	-0.54, 0.25, -6.67 	5.13, 14.10 	13,21,32,362		1.93,1.45	0,0 	0
317     	29.61, -9.73, -8.82 	-0.48, 0.27, -6.68 	5.13, 14.10 	13,21,32,371		1.79,7.66	0,0 	0
326     	29.61, -9.73, -8.82 	-0.49, 0.27, -6.68 	5.13, 14.10 	13,21,32,381		0.00,1.07	0,0 	0
334     	29.64, -9.75, -8.81 	-0.48, 0.26, -6.67 	5.13, 14.10 	13,21,32,390		5.50,1.81	0,0 	0
343     	29.63, -9.73, -8.82 	-0.48, 0.27, -6.67 	5.13, 14.10 	13,21,32,400		3.19,1.19	0,0 	0
352     	29.63, -9.76, -8.80 	-0.48, 0.27, -6.67 	5.13, 14.10 	13,21,32,410		3.71,0.00	0,0 	0
360     	29.63, -9.76, -8.80 	-0.48, 0.26, -6.66 	5.13, 14.10 	13,21,32,419		0.00,1.34	0,0 	0
369     	29.63, -9.77, -8.81 	-0.48, 0.25, -6.66 	5.13, 14.10 	13,21,32,429		1.18,1.19	0,0 	0
378     	29.63, -9.80, -8.81 	-0.52, 0.25, -6.66 	5.13, 14.10 	13,21,32,439		2.37,4.28	0,0 	0
386     	29.63, -9.80, -8.82 	-0.52, 0.25, -6.67 	5.13, 14.10 	13,21,32,448		1.20,0.00	0,0 	0
395     	29.59, -9.84, -8.83 	-0.54, 0.25, -6.67 	5.13, 14.10 	13,21,32,458		6.39,2.14	0,0 	0
404     	29.60, -9.84, -8.82 	-0.54, 0.25, -6.67 	5.13, 14.10 	13,21,32,468		1.07,0.00	0,0 	0
412     	29.63, -9.80, -8.83 	-0.49, 0.24, -6.66 	5.13, 14.10 	13,21,32,477		6.44,6.18	0,0 	0
421     	29.64, -9.82, -8.82 	-0.49, 0.24, -6.66 	5.13, 14.10 	13,21,32,487		3.19,0.00	0,0 	0
430     	29.66, -9.80, -8.82 	-0.50, 0.22, -6.66 	5.13, 14.10 	13,21,32,497		3.19,2.59	0,0 	0
438     	29.64, -9.83, -8.81 	-0.50, 0.22, -6.66 	5.13, 14.10 	13,21,32,506		4.67,0.00	0,0 	0
447     	29.65, -9.84, -8.81 	-0.54, 0.22, -6.66 	5.13, 14.10 	13,21,32,516		1.60,4.28	0,0 	0
456     	29.65, -9.84, -8.81 	-0.54, 0.22, -6.66 	5.13, 14.10 	13,21,32,526		0.00,0.00	0,0 	0
464     	29.66, -9.85, -8.81 	-0.55, 0.24, -6.66 	5.13, 14.10 	13,21,32,535		1.80,2.95	0,0 	0
473     	29.64, -9.87, -8.80 	-0.54, 0.22, -6.66 	5.13, 14.10 	13,21,32,545		3.19,2.62	0,0 	0
482     	29.63, -9.87, -8.82 	-0.54, 0.22, -6.66 	5.13, 14.10 	13,21,32,555		2.14,0.00	0,0 	0
490     	29.65, -9.89, -8.81 	-0.55, 0.23, -6.66 	5.13, 14.10 	13,21,32,564		4.49,1.81	0,0 	0
500     	29.66, -9.89, -8.82 	-0.51, 0.23, -6.66 	5.13, 14.10 	13,21,32,575		0.96,3.85	0,0 	0
508     	29.67, -9.87, -8.81 	-0.52, 0.22, -6.66 	5.13, 14.10 	13,21,32,584		2.92,1.78	0,0 	0
517     	29.69, -9.89, -8.81 	-0.52, 0.22, -6.66 	5.13, 14.10 	13,21,32,594		3.19,0.00	0,0 	0
525     	29.69, -9.90, -8.81 	-0.52, 0.22, -6.66 	5.13, 14.10 	13,21,32,603		1.33,0.00	0,0 	0
534     	29.70, -9.92, -8.80 	-0.52, 0.23, -6.66 	5.13, 14.10 	13,21,32,613		2.60,1.19	0,0 	0
543     	29.69, -9.96, -8.82 	-0.52, 0.23, -6.66 	5.13, 14.10 	13,21,32,623		3.71,0.00	0,0 	0
551     	29.69, -9.97, -8.80 	-0.53, 0.25, -6.67 	5.13, 14.10 	13,21,32,632		1.33,2.95	0,0 	0
560     	29.67, -9.99, -8.81 	-0.55, 0.23, -6.66 	5.13, 14.10 	13,21,32,642		3.19,3.17	0,0 	0
569     	29.67, -10.00, -8.81 	-0.56, 0.24, -6.67 	5.13, 14.10 	13,21,32,652		1.18,1.61	0,0 	0
577     	29.68, -10.01, -8.80 	-0.58, 0.23, -6.67 	5.13, 14.10 	13,21,32,661		1.79,2.73	0,0 	0
586     	29.72, -10.00, -8.80 	-0.58, 0.25, -6.68 	5.13, 14.10 	13,21,32,671		4.44,2.38	0,0 	0
595     	29.74, -10.02, -8.82 	-0.56, 0.23, -6.67 	5.13, 14.10 	13,21,32,681		3.19,3.22	0,0 	0
603     	29.76, -10.02, -8.83 	-0.51, 0.23, -6.66 	5.13, 14.10 	13,21,32,690		2.41,6.02	0,0 	0
612     	29.77, -10.06, -8.82 	-0.47, 0.23, -6.65 	5.13, 14.10 	13,21,32,700		4.85,4.28	0,0 	0
621     	29.79, -10.12, -8.80 	-0.47, 0.23, -6.64 	5.13, 14.10 	13,21,32,710		6.29,0.00	0,0 	0
629     	29.83, -10.16, -8.79 	-0.45, 0.21, -6.65 	5.13, 14.10 	13,21,32,719		7.18,3.62	0,0 	0
638     	29.81, -10.24, -8.79 	-0.48, 0.21, -6.67 	5.13, 14.10 	13,21,32,729		9.71,3.21	0,0 	0
647     	29.84, -10.30, -8.79 	-0.51, 0.19, -6.65 	5.13, 14.10 	13,21,32,739		6.73,3.96	0,0 	0
655     	29.90, -10.33, -8.79 	-0.52, 0.18, -6.66 	5.13, 14.10 	13,21,32,748		9.33,1.78	0,0 	0
664     	29.87, -10.38, -8.78 	-0.51, 0.18, -6.64 	5.13, 14.10 	13,21,32,758		6.74,1.07	0,0 	0
673     	29.90, -10.45, -8.78 	-0.53, 0.16, -6.62 	5.13, 14.10 	13,21,32,768		7.79,3.17	0,0 	0
681     	29.94, -10.48, -8.79 	-0.54, 0.16, -6.63 	5.13, 14.10 	13,21,32,777		6.26,1.20	0,0 	0
691     	29.99, -10.53, -8.76 	-0.52, 0.18, -6.63 	5.13, 14.10 	13,21,32,788		7.18,2.86	0,0 	0
699     	30.01, -10.58, -8.74 	-0.52, 0.16, -6.61 	5.13, 14.10 	13,21,32,797		7.08,2.67	0,0 	0
708     	30.06, -10.63, -8.75 	-0.56, 0.17, -6.61 	5.13, 14.10 	13,21,32,807		7.14,4.46	0,0 	0
716     	30.11, -10.73, -8.73 	-0.55, 0.14, -6.61 	5.13, 14.10 	13,21,32,816		14.61,4.20	0,0 	0
725     	30.12, -10.84, -8.70 	-0.56, 0.15, -6.64 	5.13, 14.10 	13,21,32,826		11.89,1.61	0,0 	0
734     	30.11, -10.93, -8.69 	-0.56, 0.17, -6.64 	5.13, 14.10 	13,21,32,836		9.53,2.38	0,0 	0
742     	30.04, -11.04, -8.67 	-0.54, 0.17, -6.64 	5.13, 14.10 	13,21,32,845		16.91,2.41	0,0 	0
751     	30.01, -11.10, -8.67 	-0.54, 0.20, -6.65 	5.13, 14.10 	13,21,32,855		6.74,3.56	0,0 	0
760     	30.06, -11.11, -8.65 	-0.52, 0.19, -6.66 	5.13, 14.10 	13,21,32,865		5.48,2.46	0,0 	0
768     	30.08, -11.15, -8.64 	-0.55, 0.20, -6.66 	5.13, 14.10 	13,21,32,874		5.84,3.87	0,0 	0
777     	30.13, -11.20, -8.62 	-0.50, 0.22, -6.67 	5.13, 14.10 	13,21,32,884		8.73,5.82	0,0 	0
786     	30.22, -11.28, -8.59 	-0.47, 0.19, -6.67 	5.13, 14.10 	13,21,32,894		12.70,4.83	0,0 	0
794     	30.30, -11.34, -8.57 	-0.54, 0.18, -6.64 	5.13, 14.10 	13,21,32,903		12.51,8.51	0,0 	0
803     	30.32, -11.46, -8.53 	-0.48, 0.13, -6.64 	5.13, 14.10 	13,21,32,913		13.20,8.04	0,0 	0
812     	30.27, -11.55, -8.47 	-0.48, 0.16, -6.62 	5.13, 14.10 	13,21,32,923		11.93,2.38	0,0 	0
820     	30.21, -11.69, -8.42 	-0.49, 0.13, -6.61 	5.13, 14.10 	13,21,32,932		18.77,2.91	0,0 	0
829     	30.22, -11.78, -8.37 	-0.53, 0.12, -6.62 	5.13, 14.10 	13,21,32,942		9.53,4.42	0,0 	0
838     	30.26, -11.86, -8.37 	-0.52, 0.12, -6.62 	5.13, 14.10 	13,21,32,952		10.39,1.07	0,0 	0
846     	30.30, -11.93, -8.34 	-0.54, 0.15, -6.65 	5.13, 14.10 	13,21,32,961		9.33,3.62	0,0 	0
856     	30.35, -11.99, -8.32 	-0.54, 0.14, -6.64 	5.13, 14.10 	13,21,32,972		8.62,1.07	0,0 	0
864     	30.41, -12.09, -8.31 	-0.50, 0.19, -6.64 	5.13, 14.10 	13,21,32,981		13.99,8.18	0,0 	0
873     	30.46, -12.23, -8.26 	-0.43, 0.22, -6.67 	5.13, 14.10 	13,21,32,991		16.29,8.24	0,0 	0
881     	30.54, -12.33, -8.21 	-0.41, 0.23, -6.67 	5.13, 14.10 	13,21,33,0		16.43,3.83	0,0 	0
890     	30.51, -12.51, -8.14 	-0.37, 0.22, -6.66 	5.13, 14.10 	13,21,33,10		20.38,4.46	0,0 	0
899     	30.43, -12.67, -8.10 	-0.34, 0.24, -6.67 	5.13, 14.10 	13,21,33,20		19.72,3.96	0,0 	0
907     	30.40, -12.80, -8.08 	-0.38, 0.23, -6.66 	5.13, 14.10 	13,21,33,29		16.39,4.97	0,0 	0
916     	30.38, -12.83, -8.07 	-0.40, 0.21, -6.66 	5.13, 14.10 	13,21,33,39		4.15,3.17	0,0 	0
925     	30.34, -12.84, -8.08 	-0.42, 0.19, -6.65 	5.13, 14.10 	13,21,33,49		4.44,3.17	0,0 	0
933     	30.34, -12.85, -8.08 	-0.41, 0.21, -6.65 	5.13, 14.10 	13,21,33,58		1.33,2.91	0,0 	0
942     	30.36, -12.83, -8.08 	-0.43, 0.20, -6.64 	5.13, 14.10 	13,21,33,68		3.19,3.40	0,0 	0
951     	30.37, -12.86, -8.10 	-0.41, 0.21, -6.65 	5.13, 14.10 	13,21,33,78		3.71,3.40	0,0 	0
959     	30.43, -12.89, -8.08 	-0.37, 0.23, -6.65 	5.13, 14.10 	13,21,33,87		7.70,5.47	0,0 	0
968     	30.46, -12.91, -8.06 	-0.39, 0.22, -6.65 	5.13, 14.10 	13,21,33,97		3.99,2.43	0,0 	0
977     	30.50, -12.91, -8.04 	-0.39, 0.21, -6.64 	5.13, 14.10 	13,21,33,107		4.28,1.19	0,0 	0
985     	30.48, -12.98, -8.01 	-0.40, 0.20, -6.65 	5.13, 14.10 	13,21,33,116		9.63,1.78	0,0 	0
994     	30.48, -12.99, -8.00 	-0.42, 0.19, -6.64 	5.13, 14.10 	13,21,33,126		1.18,2.43	0,0 	0
1003    	30.49, -13.00, -8.02 	-0.42, 0.20, -6.64 	5.13, 14.10 	13,21,33,136		1.60,1.19	1000,1 	0
1011    	30.49, -13.01, -8.01 	-0.42, 0.20, -6.64 	5.13, 14.10 	13,21,33,145		1.33,0.00	1000,1 	0
1020    	30.48, -13.02, -8.02 	-0.42, 0.19, -6.63 	5.13, 14.10 	13,21,33,155		1.60,1.19	1000,1 	0
1029    	30.49, -13.03, -8.02 	-0.42, 0.20, -6.62 	5.13, 14.10 	13,21,33,165		1.60,1.19	1000,1 	0
1037    	30.49, -13.05, -8.02 	-0.42, 0.20, -6.62 	5.13, 14.10 	13,21,33,174		1.33,0.00	1000,1 	0
1047    	30.47, -13.06, -8.02 	-0.42, 0.20, -6.62 	5.13, 14.10 	13,21,33,185		2.20,0.00	1000,1 	0
1055    	30.45, -13.10, -8.02 	-0.42, 0.22, -6.62 	5.13, 14.10 	13,21,33,194		5.85,2.67	1000,1 	0
1064    	30.48, -13.09, -8.02 	-0.44, 0.20, -6.63 	5.13, 14.10 	13,21,33,204		3.42,3.96	1000,1 	0
1072    	30.49, -13.10, -8.00 	-0.44, 0.22, -6.63 	5.13, 14.10 	13,21,33,213		1.79,2.67	1000,1 	0
1081    	30.50, -13.09, -8.00 	-0.43, 0.22, -6.62 	5.13, 14.10 	13,21,33,223		1.60,2.14	1000,1 	0
1090    	30.50, -13.10, -8.01 	-0.42, 0.21, -6.63 	5.13, 14.10 	13,21,33,233		1.18,1.61	1000,1 	0
1098    	30.53, -13.11, -8.00 	-0.42, 0.21, -6.63 	5.13, 14.10 	13,21,33,242		3.85,0.00	1000,1 	0
1107    	30.45, -13.14, -8.00 	-0.41, 0.22, -6.63 	5.13, 14.10 	13,21,33,252		9.27,1.59	1000,1 	0
1116    	30.45, -13.14, -8.01 	-0.41, 0.22, -6.63 	5.13, 14.10 	13,21,33,262		0.00,0.00	1000,1 	0
1124    	30.44, -13.16, -8.01 	-0.44, 0.22, -6.63 	5.13, 14.10 	13,21,33,271		2.92,4.81	1000,1 	0
1133    	30.47, -13.15, -8.01 	-0.48, 0.22, -6.63 	5.13, 14.10 	13,21,33,281		3.42,4.28	1000,1 	0
1142    	30.48, -13.16, -8.02 	-0.47, 0.20, -6.63 	5.13, 14.10 	13,21,33,291		1.60,2.62	1000,1 	0
1150    	30.47, -13.16, -8.01 	-0.44, 0.21, -6.62 	5.13, 14.10 	13,21,33,300		1.20,3.83	1000,1 	0
1159    	30.48, -13.18, -8.00 	-0.49, 0.22, -6.62 	5.13, 14.10 	13,21,33,310		2.60,5.49	1000,1 	0
1168    	30.46, -13.17, -8.01 	-0.47, 0.22, -6.62 	5.13, 14.10 	13,21,33,320		2.45,2.14	1000,1 	0
1176    	30.47, -13.18, -8.00 	-0.46, 0.22, -6.63 	5.13, 14.10 	13,21,33,329		1.79,1.20	1000,1 	0
1185    	30.47, -13.18, -7.99 	-0.49, 0.22, -6.62 	5.13, 14.10 	13,21,33,339		0.00,3.21	1000,1 	0
1194    	30.47, -13.16, -8.01 	-0.48, 0.21, -6.62 	5.13, 14.10 	13,21,33,349		2.37,1.61	1000,1 	0
1202    	30.47, -13.17, -8.01 	-0.47, 0.22, -6.62 	5.13, 14.10 	13,21,33,358		1.33,1.78	1000,1 	0
1211    	30.47, -13.16, -8.02 	-0.44, 0.21, -6.62 	5.13, 14.10 	13,21,33,368		1.18,3.44	1000,1 	0
1220    	30.46, -13.15, -8.04 	-0.44, 0.21, -6.62 	5.13, 14.10 	13,21,33,378		1.60,0.00	1000,1 	0
1229    	30.44, -13.13, -8.05 	-0.46, 0.21, -6.63 	5.13, 14.10 	13,21,33,388		3.19,2.14	1000,1 	0
1238    	30.46, -13.12, -8.05 	-0.46, 0.21, -6.63 	5.13, 14.10 	13,21,33,398		2.45,0.00	1000,1 	0
1246    	30.44, -13.15, -8.05 	-0.48, 0.21, -6.63 	5.13, 14.10 	13,21,33,407		4.67,2.41	1000,1 	0
1255    	30.45, -13.16, -8.05 	-0.47, 0.21, -6.62 	5.13, 14.10 	13,21,33,417		1.60,1.07	1000,1 	0
1263    	30.47, -13.17, -8.05 	-0.51, 0.21, -6.62 	5.13, 14.10 	13,21,33,426		2.75,4.81	1000,1 	0
1272    	30.47, -13.17, -8.05 	-0.50, 0.20, -6.61 	5.13, 14.10 	13,21,33,436		0.00,1.61	1000,1 	0
1281    	30.44, -13.16, -8.06 	-0.53, 0.22, -6.63 	5.13, 14.10 	13,21,33,446		3.42,4.02	1000,1 	0
1289    	30.44, -13.16, -8.08 	-0.50, 0.20, -6.62 	5.13, 14.10 	13,21,33,455		0.00,4.52	1000,1 	0
1298    	30.44, -13.17, -8.09 	-0.50, 0.21, -6.62 	5.13, 14.10 	13,21,33,465		1.18,1.19	1000,1 	0
1307    	30.42, -13.15, -8.10 	-0.49, 0.21, -6.64 	5.13, 14.10 	13,21,33,475		3.19,1.07	1000,1 	0
1315    	30.42, -13.13, -8.12 	-0.48, 0.21, -6.64 	5.13, 14.10 	13,21,33,484		2.66,1.20	1000,1 	0
1324    	30.46, -13.11, -8.13 	-0.52, 0.21, -6.63 	5.13, 14.10 	13,21,33,494		4.89,4.28	1000,1 	0
1333    	30.46, -13.12, -8.13 	-0.51, 0.20, -6.62 	5.13, 14.10 	13,21,33,504		1.18,1.61	1000,1 	0
1341    	30.44, -13.12, -8.14 	-0.53, 0.22, -6.63 	5.13, 14.10 	13,21,33,513		2.41,3.62	1000,1 	0
1350    	30.49, -13.14, -8.13 	-0.49, 0.23, -6.64 	5.13, 14.10 	13,21,33,523		5.85,4.42	1000,1 	0
1359    	30.49, -13.13, -8.14 	-0.49, 0.21, -6.64 	5.13, 14.10 	13,21,33,533		1.18,2.38	1000,1 	0
1367    	30.49, -13.13, -8.15 	-0.52, 0.22, -6.64 	5.13, 14.10 	13,21,33,542		0.00,3.87	1000,1 	0
1376    	30.51, -13.11, -8.16 	-0.52, 0.22, -6.63 	5.13, 14.10 	13,21,33,552		3.19,0.00	1000,1 	0
1385    	30.51, -13.12, -8.15 	-0.50, 0.22, -6.62 	5.13, 14.10 	13,21,33,562		1.18,2.14	1000,1 	0
1394    	30.49, -13.11, -8.17 	-0.52, 0.21, -6.61 	5.13, 14.10 	13,21,33,572		2.45,2.43	1000,1 	0
1402    	30.53, -13.11, -8.17 	-0.52, 0.22, -6.63 	5.13, 14.10 	13,21,33,581		4.82,1.34	1000,1 	0
1411    	30.52, -13.13, -8.18 	-0.52, 0.21, -6.63 	5.13, 14.10 	13,21,33,591		2.60,1.19	1000,1 	0
1420    	30.55, -13.10, -8.19 	-0.54, 0.23, -6.63 	5.13, 14.10 	13,21,33,601		4.79,3.22	1000,1 	0
1429    	30.55, -13.13, -8.18 	-0.53, 0.20, -6.63 	5.13, 14.10 	13,21,33,611		3.55,3.74	1000,1 	0
1437    	30.57, -13.13, -8.17 	-0.53, 0.20, -6.62 	5.13, 14.10 	13,21,33,620		3.61,0.00	1000,1 	0
1446    	30.57, -13.11, -8.19 	-0.52, 0.21, -6.62 	5.13, 14.10 	13,21,33,630		2.37,1.59	1000,1 	0
1454    	30.56, -13.14, -8.17 	-0.55, 0.19, -6.62 	5.13, 14.10 	13,21,33,639		4.67,4.46	1000,1 	0
1463    	30.55, -13.14, -8.17 	-0.53, 0.20, -6.62 	5.13, 14.10 	13,21,33,649		1.07,2.43	1000,1 	0
1472    	30.55, -13.13, -8.18 	-0.56, 0.22, -6.62 	5.13, 14.10 	13,21,33,659		1.18,4.02	1000,1 	0
1480    	30.55, -13.15, -8.18 	-0.58, 0.20, -6.63 	5.13, 14.10 	13,21,33,668		2.66,3.57	1000,1 	0
1489    	30.57, -13.14, -8.19 	-0.59, 0.21, -6.64 	5.13, 14.10 	13,21,33,678		3.42,1.61	1000,1 	0
1498    	30.58, -13.10, -8.19 	-0.58, 0.21, -6.64 	5.13, 14.10 	13,21,33,688		4.86,1.07	1000,1 	0
1506    	30.65, -13.07, -8.20 	-0.57, 0.20, -6.63 	5.13, 14.10 	13,21,33,697		9.33,1.81	1000,1 	0
1515    	30.64, -13.10, -8.20 	-0.59, 0.21, -6.63 	5.13, 14.10 	13,21,33,707		3.71,2.46	1000,1 	0
1524    	30.68, -13.11, -8.20 	-0.60, 0.25, -6.64 	5.13, 14.10 	13,21,33,717		4.44,4.89	1000,1 	0
1532    	30.67, -13.10, -8.21 	-0.59, 0.22, -6.63 	5.13, 14.10 	13,21,33,726		1.79,4.20	1000,1 	0
1541    	30.66, -13.13, -8.21 	-0.61, 0.20, -6.63 	5.13, 14.10 	13,21,33,736		3.71,3.17	1000,1 	0
1550    	30.66, -13.16, -8.20 	-0.59, 0.23, -6.64 	5.13, 14.10 	13,21,33,746		3.55,4.13	1000,1 	0
1558    	30.65, -13.14, -8.21 	-0.59, 0.20, -6.64 	5.13, 14.10 	13,21,33,755		2.92,4.01	1000,1 	0
1567    	30.70, -13.16, -8.20 	-0.57, 0.19, -6.62 	5.13, 14.10 	13,21,33,765		5.85,2.46	1000,1 	0
1576    	30.70, -13.17, -8.20 	-0.59, 0.18, -6.61 	5.13, 14.10 	13,21,33,775		1.18,2.43	1000,1 	0
1585    	30.72, -13.17, -8.20 	-0.62, 0.17, -6.61 	5.13, 14.10 	13,21,33,785		2.14,3.40	1000,1 	0
1593    	30.69, -13.16, -8.19 	-0.63, 0.21, -6.62 	5.13, 14.10 	13,21,33,794		3.85,5.50	1000,1 	0
1602    	30.67, -13.16, -8.20 	-0.62, 0.21, -6.63 	5.13, 14.10 	13,21,33,804		2.14,1.07	1000,1 	0
1611    	30.68, -13.15, -8.20 	-0.62, 0.21, -6.63 	5.13, 14.10 	13,21,33,814		1.60,0.00	1000,1 	0
1619    	30.69, -13.17, -8.19 	-0.59, 0.21, -6.63 	5.13, 14.10 	13,21,33,823		2.92,3.61	1000,1 	0
1628    	30.69, -13.16, -8.20 	-0.60, 0.22, -6.63 	5.13, 14.10 	13,21,33,833		1.18,1.61	1000,1 	0
1637    	30.68, -13.18, -8.19 	-0.60, 0.22, -6.63 	5.13, 14.10 	13,21,33,843		2.60,0.00	1000,1 	0
1645    	30.68, -13.18, -8.19 	-0.60, 0.23, -6.62 	5.13, 14.10 	13,21,33,852		0.00,1.34	1000,1 	0
1654    	30.64, -13.19, -8.20 	-0.59, 0.24, -6.64 	5.13, 14.10 	13,21,33,862		4.44,1.59	1000,1 	0
1663    	30.65, -13.19, -8.19 	-0.60, 0.23, -6.64 	5.13, 14.10 	13,21,33,872		1.07,1.59	1000,1 	0
1671    	30.67, -13.16, -8.19 	-0.60, 0.22, -6.64 	5.13, 14.10 	13,21,33,881		4.67,1.34	1000,1 	0
1680    	30.65, -13.16, -8.20 	-0.55, 0.23, -6.63 	5.13, 14.10 	13,21,33,891		2.14,5.46	1000,1 	0
1689    	30.67, -13.13, -8.20 	-0.56, 0.26, -6.63 	5.13, 14.10 	13,21,33,901		4.15,3.74	1000,1 	0
1697    	30.63, -13.12, -8.21 	-0.56, 0.22, -6.62 	5.13, 14.10 	13,21,33,910		5.00,5.35	1000,1 	0
1706    	30.66, -13.11, -8.21 	-0.45, 0.25, -6.64 	5.13, 14.10 	13,21,33,920		3.42,12.24	1000,1 	0
1715    	30.66, -13.09, -8.23 	-0.35, 0.29, -6.61 	5.13, 14.10 	13,21,33,930		2.37,12.62	1000,1 	0
1723    	30.66, -13.10, -8.23 	-0.17, 0.36, -6.63 	5.13, 14.10 	13,21,33,939		1.33,24.11	1000,1 	0
1732    	30.67, -13.09, -8.25 	0.21, 0.57, -6.64 	5.13, 14.10 	13,21,33,949		1.60,47.68	1000,1 	0
1741    	30.66, -13.07, -8.24 	0.72, 0.81, -6.67 	5.13, 14.10 	13,21,33,959		2.60,62.54	1000,1 	0
1749    	30.61, -13.04, -8.27 	1.16, 1.05, -6.71 	5.13, 14.10 	13,21,33,968		7.22,62.89	1000,1 	0
1758    	30.59, -13.00, -8.30 	1.36, 1.23, -6.78 	5.13, 14.10 	13,21,33,978		4.15,29.97	1000,1 	0
1767    	30.60, -12.91, -8.35 	1.63, 1.35, -6.83 	5.13, 14.10 	13,21,33,988		10.71,32.49	1000,1 	0
1776    	30.62, -12.79, -8.42 	1.84, 1.51, -6.91 	5.13, 14.10 	13,21,33,998		13.20,29.30	1000,1 	0
1784    	30.69, -12.67, -8.49 	1.98, 1.65, -6.98 	5.13, 14.10 	13,21,34,7		16.91,25.80	1000,1 	0
1793    	30.71, -12.64, -8.54 	2.02, 1.82, -7.05 	5.13, 14.10 	13,21,34,17		4.15,19.42	1000,1 	0
1802    	30.73, -12.63, -8.56 	2.03, 1.97, -7.10 	5.13, 14.10 	13,21,34,27		2.45,16.65	1000,1 	0
1811    	30.73, -12.60, -8.57 	2.10, 2.11, -7.12 	5.13, 14.10 	13,21,34,37		3.55,17.54	1000,1 	0
1819    	30.70, -12.60, -8.63 	2.11, 2.23, -7.15 	5.13, 14.10 	13,21,34,46		3.61,14.73	1000,1 	0
1828    	30.66, -12.54, -8.71 	2.09, 2.40, -7.19 	5.13, 14.10 	13,21,34,56		7.30,19.16	1000,1 	0
1836    	30.65, -12.46, -8.76 	2.14, 2.67, -7.27 	5.13, 14.10 	13,21,34,65		10.72,33.86	1000,1 	0
1845    	30.69, -12.35, -8.84 	2.19, 2.95, -7.39 	5.13, 14.10 	13,21,34,75		12.59,31.45	1000,1 	0
1854    	30.75, -12.19, -8.91 	2.26, 3.26, -7.50 	5.13, 14.10 	13,21,34,85		18.89,35.14	1000,1 	0
1862    	30.87, -12.02, -8.97 	2.37, 3.54, -7.58 	5.13, 14.10 	13,21,34,94		25.76,38.66	1000,1 	0
1871    	30.89, -11.92, -9.00 	2.43, 3.80, -7.63 	5.13, 14.10 	13,21,34,104		12.27,29.13	1000,1 	0
1880    	30.94, -11.83, -9.05 	2.47, 3.99, -7.67 	5.13, 14.10 	13,21,34,114		10.88,21.96	1000,1 	0
1888    	31.01, -11.80, -9.06 	2.55, 4.16, -7.72 	5.13, 14.10 	13,21,34,123		9.33,23.32	1000,1 	0
1897    	31.01, -11.84, -9.06 	2.61, 4.31, -7.78 	5.13, 14.10 	13,21,34,133		4.74,17.74	1000,1 	0
1906    	30.98, -11.90, -9.05 	2.62, 4.51, -7.83 	5.13, 14.10 	13,21,34,143		6.74,22.64	1000,1 	0
1914    	30.94, -11.90, -9.11 	2.62, 4.73, -7.90 	5.13, 14.10 	13,21,34,152		4.82,26.73	1000,1 	0
1923    	30.92, -11.87, -9.12 	2.71, 4.95, -7.97 	5.13, 14.10 	13,21,34,162		3.19,26.60	1000,1 	0
1932    	30.94, -11.84, -9.16 	2.76, 5.21, -8.05 	5.13, 14.10 	13,21,34,172		4.15,29.13	1000,1 	0
1940    	30.92, -11.81, -9.18 	2.84, 5.46, -8.12 	5.13, 14.10 	13,21,34,181		4.66,33.35	1000,1 	0
1949    	30.93, -11.78, -9.22 	2.90, 5.71, -8.16 	5.13, 14.10 	13,21,34,191		3.71,27.97	1000,1 	0
1958    	30.92, -11.76, -9.22 	2.95, 5.95, -8.20 	5.13, 14.10 	13,21,34,201		2.60,27.97	1000,1 	0
1966    	30.96, -11.72, -9.23 	3.03, 6.20, -8.23 	5.13, 14.10 	13,21,34,210		6.26,32.07	1000,1 	0
1975    	30.98, -11.75, -9.21 	3.09, 6.52, -8.25 	5.13, 14.10 	13,21,34,220		3.19,36.31	1000,1 	0
1984    	30.98, -11.78, -9.19 	3.13, 6.81, -8.24 	5.13, 14.10 	13,21,34,230		3.55,32.29	1000,1 	0
1993    	30.97, -11.78, -9.17 	3.17, 7.13, -8.25 	5.13, 14.10 	13,21,34,240		1.07,35.96	1000,1 	0
2001    	30.95, -11.80, -9.17 	3.27, 7.47, -8.26 	5.13, 14.10 	13,21,34,249		3.59,44.25	1000,1 	0
2010    	30.93, -11.76, -9.17 	3.32, 7.82, -8.25 	5.13, 14.10 	13,21,34,259		5.20,39.63	1000,1 	0
2019    	30.95, -11.69, -9.18 	3.39, 8.12, -8.22 	5.13, 14.10 	13,21,34,269		7.42,33.98	1000,1 	0
2028    	30.95, -11.66, -9.18 	3.46, 8.45, -8.20 	5.13, 14.10 	13,21,34,279		3.55,37.68	1000,1 	0
2036    	30.94, -11.63, -9.15 	3.61, 8.85, -8.20 	5.13, 14.10 	13,21,34,288		4.17,52.79	1000,1 	0
2045    	30.88, -11.61, -9.13 	3.75, 9.24, -8.20 	5.13, 14.10 	13,21,34,298		7.86,46.22	1000,1 	0
2053    	30.92, -11.52, -9.11 	3.79, 9.58, -8.15 	5.13, 14.10 	13,21,34,307		12.24,43.10	1000,1 	0
2062    	30.96, -11.47, -9.07 	3.76, 9.88, -8.09 	5.13, 14.10 	13,21,34,317		7.31,33.47	1000,1 	0
2071    	30.98, -11.37, -9.06 	3.79, 10.21, -8.04 	5.13, 14.10 	13,21,34,327		10.87,36.92	1000,1 	0
2079    	31.00, -11.28, -9.07 	3.84, 10.48, -7.97 	5.13, 14.10 	13,21,34,336		12.23,34.07	1000,1 	0
2088    	30.95, -11.25, -9.02 	3.93, 10.72, -7.88 	5.13, 14.10 	13,21,34,346		6.42,28.83	1000,1 	0
2097    	30.88, -11.23, -9.01 	3.99, 10.99, -7.78 	5.13, 14.10 	13,21,34,356		8.64,30.52	1000,1 	0
2105    	30.80, -11.26, -8.99 	4.09, 11.25, -7.71 	5.13, 14.10 	13,21,34,365		10.00,34.09	1000,1 	0
2114    	30.79, -11.26, -8.98 	4.24, 11.50, -7.63 	5.13, 14.10 	13,21,34,375		1.07,33.03	1000,1 	0
2123    	30.71, -11.23, -8.98 	4.42, 11.72, -7.55 	5.13, 14.10 	13,21,34,385		8.88,31.03	1000,1 	0
2131    	30.72, -11.13, -9.00 	4.56, 11.90, -7.45 	5.13, 14.10 	13,21,34,394		13.37,28.08	1000,1 	0
2140    	30.72, -11.07, -9.00 	4.65, 12.01, -7.35 	5.13, 14.10 	13,21,34,404		5.92,16.76	1000,1 	0
2149    	30.76, -10.98, -9.00 	4.79, 12.11, -7.26 	5.13, 14.10 	13,21,34,414		11.49,19.14	1000,1 	0
2158    	30.82, -10.95, -8.99 	4.93, 12.25, -7.19 	5.13, 14.10 	13,21,34,424		7.34,21.35	1000,1 	0
2166    	30.83, -10.94, -8.96 	5.04, 12.35, -7.12 	5.13, 14.10 	13,21,34,433		1.80,19.52	1000,1 	0
2175    	30.82, -10.96, -8.96 	5.13, 12.44, -7.06 	5.13, 14.10 	13,21,34,443		2.60,13.42	1000,1 	0
2184    	30.83, -10.95, -8.95 	5.15, 12.47, -7.01 	5.13, 14.10 	13,21,34,453		1.60,4.13	1000,1 	0
2192    	30.80, -10.97, -8.93 	5.20, 12.51, -6.97 	5.13, 14.10 	13,21,34,462		4.49,7.99	1000,1 	0
2201    	30.83, -10.96, -8.95 	5.21, 12.54, -6.95 	5.13, 14.10 	13,21,34,472		3.42,4.13	1000,1 	0
2210    	30.81, -10.94, -8.95 	5.23, 12.55, -6.95 	5.13, 14.10 	13,21,34,482		3.19,2.43	1000,1 	0
2219    	30.81, -10.93, -8.96 	5.22, 12.56, -6.94 	5.13, 14.10 	13,21,34,492		1.18,1.61	1000,1 	0
2227    	30.85, -10.88, -8.96 	5.24, 12.56, -6.95 	5.13, 14.10 	13,21,34,501		7.18,2.41	1000,1 	0
2236    	30.89, -10.84, -8.96 	5.24, 12.58, -6.96 	5.13, 14.10 	13,21,34,511		6.39,2.38	1000,1 	0
2244    	30.91, -10.84, -8.95 	5.26, 12.58, -6.96 	5.13, 14.10 	13,21,34,520		3.61,2.41	1000,1 	0
2253    	30.89, -10.89, -8.93 	5.26, 12.57, -6.95 	5.13, 14.10 	13,21,34,530		6.74,1.19	1000,1 	0
2262    	30.91, -10.88, -8.93 	5.25, 12.56, -6.95 	5.13, 14.10 	13,21,34,540		2.45,1.59	1000,1 	0
2270    	30.91, -10.89, -8.92 	5.25, 12.56, -6.95 	5.13, 14.10 	13,21,34,549		1.33,0.00	1000,1 	0
2279    	30.90, -10.88, -8.93 	5.27, 12.57, -6.95 	5.13, 14.10 	13,21,34,559		1.60,2.43	1000,1 	0
2288    	30.90, -10.85, -8.93 	5.27, 12.58, -6.94 	5.13, 14.10 	13,21,34,569		3.55,1.19	1000,1 	0
2296    	30.92, -10.84, -8.95 	5.28, 12.57, -6.95 	5.13, 14.10 	13,21,34,578		3.85,1.81	1000,1 	0
2305    	30.91, -10.83, -8.96 	5.28, 12.56, -6.94 	5.13, 14.10 	13,21,34,588		1.60,1.19	1000,1 	0
2314    	30.93, -10.84, -8.96 	5.30, 12.58, -6.94 	5.13, 14.10 	13,21,34,598		2.45,3.17	1000,1 	0
2322    	30.94, -10.87, -8.96 	5.31, 12.60, -6.94 	5.13, 14.10 	13,21,34,607		4.17,1.78	1000,1 	0
2331    	30.96, -10.85, -8.94 	5.34, 12.61, -6.93 	5.13, 14.10 	13,21,34,617		3.19,3.40	1000,1 	0
2340    	30.95, -10.84, -8.93 	5.34, 12.62, -6.93 	5.13, 14.10 	13,21,34,627		1.60,1.19	1000,1 	0
2349    	31.00, -10.84, -8.93 	5.36, 12.65, -6.93 	5.13, 14.10 	13,21,34,637		5.35,4.13	1000,1 	0
2357    	31.05, -10.85, -8.91 	5.38, 12.70, -6.93 	5.13, 14.10 	13,21,34,646		6.17,7.07	1000,1 	0
2366    	31.00, -10.88, -8.91 	5.35, 12.72, -6.92 	5.13, 14.10 	13,21,34,656		6.43,4.02	1000,1 	0
2375    	31.00, -10.89, -8.89 	5.33, 12.78, -6.92 	5.13, 14.10 	13,21,34,666		1.18,6.34	1000,1 	0
2383    	30.99, -10.93, -8.89 	5.28, 12.86, -6.92 	5.13, 14.10 	13,21,34,675		4.17,12.35	1000,1 	0
2392    	30.99, -10.93, -8.90 	5.20, 13.01, -6.90 	5.13, 14.10 	13,21,34,685		0.00,18.82	1000,1 	0
2401    	30.98, -10.95, -8.91 	5.10, 13.23, -6.89 	5.13, 14.10 	13,21,34,695		2.60,26.20	1000,1 	0
2410    	31.00, -10.90, -8.93 	5.05, 13.38, -6.89 	5.13, 14.10 	13,21,34,705		5.20,17.92	1000,1 	0
2418    	31.03, -10.90, -8.93 	5.01, 13.52, -6.90 	5.13, 14.10 	13,21,34,714		3.61,18.10	1000,1 	0
2427    	31.06, -10.90, -8.92 	5.00, 13.62, -6.91 	5.13, 14.10 	13,21,34,724		3.21,11.94	1000,1 	0
2435    	31.09, -10.94, -8.91 	4.95, 13.70, -6.91 	5.13, 14.10 	13,21,34,733		5.38,11.20	1000,1 	0
2444    	31.07, -11.00, -8.90 	4.85, 13.72, -6.90 	5.13, 14.10 	13,21,34,743		7.42,10.99	1000,1 	0
2453    	31.06, -10.98, -8.90 	4.76, 13.75, -6.89 	5.13, 14.10 	13,21,34,753		2.60,10.31	1000,1 	0
2461    	31.05, -10.97, -8.91 	4.71, 13.78, -6.89 	5.13, 14.10 	13,21,34,762		1.80,7.73	1000,1 	0
2470    	31.06, -10.94, -8.90 	4.69, 13.83, -6.88 	5.13, 14.10 	13,21,34,772		3.71,6.34	1000,1 	0
2479    	31.02, -10.93, -8.91 	4.70, 13.88, -6.87 	5.13, 14.10 	13,21,34,782		4.44,6.02	1000,1 	0
2487    	31.05, -10.88, -8.90 	4.67, 13.96, -6.87 	5.13, 14.10 	13,21,34,791		6.44,10.08	1000,1 	0
2496    	31.05, -10.86, -8.92 	4.68, 14.03, -6.88 	5.13, 14.10 	13,21,34,801		2.37,8.55	1000,1 	0
2505    	31.06, -10.85, -8.93 	4.69, 14.09, -6.90 	5.13, 14.10 	13,21,34,811		1.60,6.02	1000,1 	0
2514    	31.07, -10.82, -8.92 	4.69, 14.14, -6.90 	5.13, 14.10 	13,21,34,821		3.71,5.94	1000,1 	0
2522    	31.06, -10.81, -8.90 	4.69, 14.17, -6.91 	5.13, 14.10 	13,21,34,830		1.79,4.01	1000,1 	0
2531    	31.06, -10.81, -8.90 	4.69, 14.20, -6.91 	5.13, 14.10 	13,21,34,840		0.00,3.56	1000,1 	0
2540    	31.08, -10.83, -8.89 	4.70, 14.24, -6.91 	5.13, 14.10 	13,21,34,850		3.19,3.71	1000,1 	0
2548    	31.10, -10.82, -8.89 	4.69, 14.25, -6.90 	5.13, 14.10 	13,21,34,859		2.75,1.81	1000,1 	0
2557    	31.05, -10.80, -8.90 	4.69, 14.27, -6.90 	5.13, 14.10 	13,21,34,869		5.85,2.38	1000,1 	0
2566    	31.07, -10.79, -8.90 	4.69, 14.27, -6.91 	5.13, 14.10 	13,21,34,879		2.45,0.00	1000,1 	0
2574    	31.05, -10.76, -8.92 	4.67, 14.28, -6.91 	5.13, 14.10 	13,21,34,888		4.66,2.77	1000,1 	0
2583    	31.05, -10.78, -8.91 	4.66, 14.29, -6.90 	5.13, 14.10 	13,21,34,898		2.37,1.61	1000,1 	0
2592    	31.09, -10.77, -8.92 	4.66, 14.30, -6.90 	5.13, 14.10 	13,21,34,908		4.44,1.19	1000,1 	0
2600    	31.09, -10.78, -8.90 	4.69, 14.30, -6.90 	5.13, 14.10 	13,21,34,917		1.33,3.61	1000,1 	0
2609    	31.10, -10.78, -8.91 	4.68, 14.30, -6.90 	5.13, 14.10 	13,21,34,927		1.07,1.07	1000,1 	0
2618    	31.13, -10.79, -8.91 	4.68, 14.29, -6.89 	5.13, 14.10 	13,21,34,937		3.42,1.19	1000,1 	0
2626    	31.13, -10.81, -8.90 	4.67, 14.30, -6.89 	5.13, 14.10 	13,21,34,946		2.66,1.81	1000,1 	0
2635    	31.12, -10.84, -8.90 	4.68, 14.30, -6.89 	5.13, 14.10 	13,21,34,956		3.71,1.07	1000,1 	0
2644    	31.12, -10.85, -8.90 	4.67, 14.29, -6.89 	5.13, 14.10 	13,21,34,966		1.18,1.59	1000,1 	0
2652    	31.13, -10.87, -8.90 	4.66, 14.30, -6.89 	5.13, 14.10 	13,21,34,975		2.92,1.81	1000,1 	0
2661    	31.08, -10.90, -8.89 	4.66, 14.30, -6.88 	5.13, 14.10 	13,21,34,985		6.43,0.00	1000,1 	0
2670    	31.11, -10.88, -8.90 	4.66, 14.30, -6.88 	5.13, 14.10 	13,21,34,995		3.99,0.00	1000,1 	0
2678    	31.13, -10.87, -8.89 	4.66, 14.31, -6.88 	5.13, 14.10 	13,21,35,4		2.75,1.34	1000,1 	0
2687    	31.12, -10.86, -8.90 	4.66, 14.31, -6.89 	5.13, 14.10 	13,21,35,14		1.60,0.00	1000,1 	0
2696    	31.10, -10.86, -8.90 	4.66, 14.31, -6.88 	5.13, 14.10 	13,21,35,24		2.14,0.00	1000,1 	0
2705    	31.15, -10.83, -8.89 	4.67, 14.31, -6.88 	5.13, 14.10 	13,21,35,34		6.43,1.07	1000,1 	0
2713    	31.18, -10.83, -8.88 	4.67, 14.31, -6.88 	5.13, 14.10 	13,21,35,43		4.82,0.00	1000,1 	0
2722    	31.17, -10.85, -8.88 	4.67, 14.32, -6.88 	5.13, 14.10 	13,21,35,53		2.60,1.19	1000,1 	0
2731    	31.17, -10.84, -8.87 	4.65, 14.31, -6.89 	5.13, 14.10 	13,21,35,63		1.60,2.43	1000,1 	0
2739    	31.16, -10.87, -8.88 	4.65, 14.32, -6.89 	5.13, 14.10 	13,21,35,72		4.17,1.34	1000,1 	0
2748    	31.15, -10.86, -8.87 	4.65, 14.33, -6.89 	5.13, 14.10 	13,21,35,82		1.60,1.19	1000,1 	0
2757    	31.15, -10.86, -8.88 	4.65, 14.33, -6.89 	5.13, 14.10 	13,21,35,92		0.00,0.00	1000,1 	0
2765    	31.15, -10.87, -8.89 	4.65, 14.34, -6.90 	5.13, 14.10 	13,21,35,101		1.33,1.34	1000,1 	0
2774    	31.17, -10.85, -8.90 	4.65, 14.33, -6.90 	5.13, 14.10 	13,21,35,111		3.99,1.19	1000,1 	0
2783    	31.19, -10.85, -8.88 	4.67, 14.34, -6.90 	5.13, 14.10 	13,21,35,121		2.14,2.43	1000,1 	0
2792    	31.20, -10.88, -8.88 	4.70, 14.35, -6.91 	5.13, 14.10 	13,21,35,131		3.71,3.40	1000,1 	0
2800    	31.20, -10.86, -8.89 	4.71, 14.35, -6.90 	5.13, 14.10 	13,21,35,140		2.66,1.20	1000,1 	0
2809    	31.21, -10.86, -8.87 	4.71, 14.33, -6.89 	5.13, 14.10 	13,21,35,150		1.07,2.38	1000,1 	0
2817    	31.20, -10.88, -8.85 	4.71, 14.30, -6.87 	5.13, 14.10 	13,21,35,159		2.92,4.01	1000,1 	0
2826    	31.23, -10.86, -8.86 	4.68, 14.29, -6.86 	5.13, 14.10 	13,21,35,169		3.99,3.40	1000,1 	0
2835    	31.20, -10.86, -8.86 	4.67, 14.28, -6.86 	5.13, 14.10 	13,21,35,179		3.21,1.59	1000,1 	0
2843    	31.19, -10.89, -8.85 	4.65, 14.30, -6.86 	5.13, 14.10 	13,21,35,188		4.17,3.62	1000,1 	0
2852    	31.20, -10.87, -8.86 	4.67, 14.31, -6.87 	5.13, 14.10 	13,21,35,198		2.60,2.43	1000,1 	0
2860    	31.22, -10.89, -8.85 	4.65, 14.31, -6.86 	0.00, -0.00 	13,21,35,217		3.19,2.14	1000,1 	0
2869    	31.23, -10.89, -8.85 	4.66, 14.31, -6.85 	0.00, -0.00 	13,21,35,227		1.20,1.20	1000,1 	0
2878    	31.22, -10.93, -8.85 	4.67, 14.31, -6.86 	0.00, -0.00 	13,21,35,237		4.77,1.37	1000,1 	0
2887    	31.25, -10.92, -8.85 	4.68, 14.32, -6.86 	0.00, -0.00 	13,21,35,247		4.40,2.04	1000,1 	0
2895    	31.25, -10.93, -8.84 	4.68, 14.32, -6.86 	0.00, -0.00 	13,21,35,256		1.52,0.00	1000,1 	0
2904    	31.24, -10.95, -8.83 	4.68, 14.32, -6.86 	0.00, -0.00 	13,21,35,266		2.92,0.00	1000,1 	0
2913    	31.27, -10.95, -8.83 	4.69, 14.32, -6.86 	0.00, -0.00 	13,21,35,276		4.13,1.37	1000,1 	0
2921    	31.25, -10.96, -8.83 	4.68, 14.31, -6.86 	0.00, -0.00 	13,21,35,285		3.15,2.04	1000,1 	0
2930    	31.25, -10.96, -8.82 	4.67, 14.33, -6.86 	0.00, -0.00 	13,21,35,295		0.00,2.95	1000,1 	0
2939    	31.25, -10.98, -8.82 	4.66, 14.33, -6.86 	0.00, -0.00 	13,21,35,305		3.04,1.37	1000,1 	0
2947    	31.28, -10.96, -8.84 	4.67, 14.33, -6.86 	0.00, -0.00 	13,21,35,314		5.99,1.60	1000,1 	0
2956    	31.28, -10.98, -8.82 	4.67, 14.32, -6.86 	0.00, -0.00 	13,21,35,324		2.66,1.34	1000,1 	0
2965    	31.29, -10.98, -8.82 	4.67, 14.34, -6.86 	0.00, -0.00 	13,21,35,334		1.38,3.05	1000,1 	0
2973    	31.29, -11.02, -8.81 	4.67, 14.34, -6.86 	0.00, -0.00 	13,21,35,343		6.09,0.00	1000,1 	0
2982    	31.32, -11.01, -8.81 	4.66, 14.34, -6.86 	0.00, -0.00 	13,21,35,353		3.85,1.20	1000,1 	0
2991    	31.29, -11.05, -8.81 	4.66, 14.34, -6.86 	0.00, -0.00 	13,21,35,363		7.36,0.00	1000,1 	0
2999    	31.31, -11.04, -8.79 	4.65, 14.35, -6.87 	0.00, -0.00 	13,21,35,372		3.15,2.07	1000,1 	0
3008    	31.29, -11.09, -8.78 	4.65, 14.36, -6.86 	0.00, -0.00 	13,21,35,382		5.85,1.34	1000,1 	0
3017    	31.32, -11.09, -8.78 	4.65, 14.36, -6.87 	0.00, -0.00 	13,21,35,392		4.13,0.00	1000,1 	0
3025    	31.31, -11.07, -8.79 	4.65, 14.38, -6.87 	0.00, -0.00 	13,21,35,401		2.05,1.53	1000,1 	0
3034    	31.31, -11.06, -8.79 	4.65, 14.38, -6.87 	0.00, -0.00 	13,21,35,411		1.33,0.00	1000,1 	0
3043    	31.30, -11.10, -8.78 	4.66, 14.38, -6.87 	0.00, -0.00 	13,21,35,421		4.77,1.37	1000,1 	0
3051    	31.32, -11.07, -8.79 	4.65, 14.39, -6.87 	0.00, -0.00 	13,21,35,430		4.11,2.07	1000,1 	0
3060    	31.32, -11.07, -8.80 	4.66, 14.39, -6.87 	0.00, -0.00 	13,21,35,440		0.00,1.20	1000,1 	0
3069    	31.34, -11.08, -8.79 	4.65, 14.39, -6.87 	0.00, -0.00 	13,21,35,450		2.75,1.37	1000,1 	0
3078    	31.33, -11.09, -8.78 	4.66, 14.39, -6.87 	0.00, -0.00 	13,21,35,460		2.05,1.37	1000,1 	0
3086    	31.34, -11.10, -8.78 	4.66, 14.39, -6.87 	0.00, -0.00 	13,21,35,469		2.05,0.00	1000,1 	0
3095    	31.34, -11.10, -8.78 	4.66, 14.39, -6.87 	0.00, -0.00 	13,21,35,479		0.00,0.00	1000,1 	0
3104    	31.35, -11.11, -8.77 	4.66, 14.39, -6.87 	0.00, -0.00 	13,21,35,489		2.05,0.00	1000,1 	0
3112    	31.34, -11.10, -8.78 	4.64, 14.39, -6.87 	0.00, -0.00 	13,21,35,498		2.05,2.75	1000,1 	0
3121    	31.32, -11.07, -8.79 	4.63, 14.40, -6.87 	0.00, -0.00 	13,21,35,508		3.59,1.81	1000,1 	0
3130    	31.33, -11.07, -8.79 	4.65, 14.41, -6.87 	0.00, -0.00 	13,21,35,517		1.38,3.13	1000,1 	0
3138    	31.32, -11.07, -8.78 	4.64, 14.41, -6.87 	0.00, -0.00 	13,21,35,526		1.61,1.60	1000,1 	0
3147    	31.32, -11.09, -8.78 	4.63, 14.41, -6.87 	0.00, -0.00 	13,21,35,537		1.33,1.20	1000,1 	0
3156    	31.33, -11.10, -8.78 	4.65, 14.42, -6.87 	0.00, -0.00 	13,21,35,546		2.05,3.13	1000,1 	0
3164    	31.33, -11.10, -8.78 	4.63, 14.42, -6.87 	0.00, -0.00 	13,21,35,556		0.00,2.75	1000,1 	0
3173    	31.33, -11.13, -8.78 	4.62, 14.41, -6.87 	0.00, -0.00 	13,21,35,565		4.00,1.78	1000,1 	0
3182    	31.35, -11.14, -8.77 	4.61, 14.43, -6.87 	0.00, -0.00 	13,21,35,575		3.14,4.14	1000,1 	0
3190    	31.36, -11.12, -8.77 	4.61, 14.43, -6.87 	0.00, -0.00 	13,21,35,585		3.34,0.00	1000,1 	0
3199    	31.36, -11.12, -8.77 	4.61, 14.44, -6.87 	0.00, -0.00 	13,21,35,594		0.00,1.34	1000,1 	0
3208    	31.38, -11.09, -8.78 	4.61, 14.44, -6.87 	0.00, -0.00 	13,21,35,604		5.33,0.00	1000,1 	0
3216    	31.38, -11.09, -8.78 	4.61, 14.44, -6.87 	0.00, -0.00 	13,21,35,613		0.00,1.37	1000,1 	0
3225    	31.38, -11.06, -8.77 	4.61, 14.44, -6.87 	0.00, -0.00 	13,21,35,623		2.66,1.20	1000,1 	0
3234    	31.38, -11.08, -8.78 	4.61, 14.44, -6.87 	0.00, -0.00 	13,21,35,633		1.52,0.00	1000,1 	0
3243    	31.40, -11.09, -8.76 	4.60, 14.45, -6.87 	0.00, -0.00 	13,21,35,643		3.14,2.07	1000,1 	0
3251    	31.40, -11.11, -8.75 	4.60, 14.45, -6.87 	0.00, -0.00 	13,21,35,652		3.04,0.00	1000,1 	0
3260    	31.36, -11.15, -8.76 	4.61, 14.45, -6.87 	0.00, -0.00 	13,21,35,662		8.21,1.37	1000,1 	0
3269    	31.37, -11.16, -8.75 	4.60, 14.45, -6.87 	0.00, -0.00 	13,21,35,672		2.05,1.37	1000,1 	0
3277    	31.34, -11.13, -8.75 	4.60, 14.45, -6.87 	0.00, -0.00 	13,21,35,681		6.15,0.00	1000,1 	0
3286    	31.34, -11.12, -8.75 	4.58, 14.45, -6.87 	0.00, -0.00 	13,21,35,691		1.33,2.41	1000,1 	0
3295    	31.34, -11.12, -8.75 	4.59, 14.46, -6.88 	0.00, -0.00 	13,21,35,701		0.00,2.04	1000,1 	0
3303    	31.36, -11.10, -8.75 	4.59, 14.46, -6.87 	0.00, -0.00 	13,21,35,710		4.11,0.00	1000,1 	0
3312    	31.37, -11.12, -8.74 	4.58, 14.46, -6.87 	0.00, -0.00 	13,21,35,720		2.92,1.20	1000,1 	0
3323    	31.38, -11.11, -8.75 	4.59, 14.46, -6.88 	0.00, -0.00 	13,21,35,732		2.05,1.37	1000,1 	0
3330    	31.40, -11.12, -8.75 	4.58, 14.46, -6.88 	0.00, -0.00 	13,21,35,741		5.50,2.41	1000,1 	0
3338    	31.42, -11.13, -8.75 	4.59, 14.47, -6.88 	0.00, -0.00 	13,21,35,750		3.14,2.04	1000,1 	0
3347    	31.38, -11.14, -8.75 	4.58, 14.47, -6.88 	0.00, -0.00 	13,21,35,760		5.71,1.37	1000,1 	0
3356    	31.39, -11.16, -8.75 	4.59, 14.47, -6.87 	0.00, -0.00 	13,21,35,769		3.34,1.37	1000,1 	0
3364    	31.39, -11.15, -8.75 	4.58, 14.46, -6.87 	0.00, -0.00 	13,21,35,778		1.52,2.04	1000,1 	0
3373    	31.40, -11.17, -8.75 	4.58, 14.46, -6.87 	0.00, -0.00 	13,21,35,788		3.34,0.00	1000,1 	0
3381    	31.40, -11.18, -8.74 	4.58, 14.47, -6.87 	0.00, -0.00 	13,21,35,797		1.52,1.53	1000,1 	0
3390    	31.40, -11.18, -8.75 	4.58, 14.48, -6.87 	0.00, -0.00 	13,21,35,807		0.00,1.34	1000,1 	0
3399    	31.40, -11.18, -8.75 	4.59, 14.49, -6.88 	0.00, -0.00 	13,21,35,817		0.00,2.04	1000,1 	0
3407    	31.42, -11.17, -8.74 	4.59, 14.49, -6.87 	0.00, -0.00 	13,21,35,826		4.40,0.00	1000,1 	0
3416    	31.42, -11.18, -8.74 	4.59, 14.49, -6.88 	0.00, -0.00 	13,21,35,836		1.80,0.00	1000,1 	0
3425    	31.42, -11.21, -8.74 	4.58, 14.49, -6.87 	0.00, -0.00 	13,21,35,846		4.77,1.37	1000,1 	0
3434    	31.43, -11.21, -8.72 	4.58, 14.49, -6.87 	0.00, -0.00 	13,21,35,856		1.38,0.00	1000,1 	0
3442    	31.43, -11.23, -8.74 	4.58, 14.49, -6.87 	0.00, -0.00 	13,21,35,865		3.04,0.00	1000,1 	0
3451    	31.44, -11.26, -8.72 	4.57, 14.49, -6.87 	0.00, -0.00 	13,21,35,875		3.34,1.37	1000,1 	0
3460    	31.44, -11.28, -8.71 	4.56, 14.48, -6.87 	0.00, -0.00 	13,21,35,885		3.04,2.04	1000,1 	0
3468    	31.42, -11.28, -8.71 	4.57, 14.49, -6.87 	0.00, -0.00 	13,21,35,894		2.75,2.04	1000,1 	0
3477    	31.42, -11.28, -8.71 	4.57, 14.49, -6.87 	0.00, -0.00 	13,21,35,904		1.20,0.00	1000,1 	0
3486    	31.42, -11.26, -8.72 	4.57, 14.50, -6.87 	0.00, -0.00 	13,21,35,914		3.04,1.53	1000,1 	0
3494    	31.42, -11.28, -8.71 	4.57, 14.50, -6.87 	0.00, -0.00 	13,21,35,923		3.04,0.00	1000,1 	0
3503    	31.43, -11.28, -8.72 	4.56, 14.50, -6.88 	0.00, -0.00 	13,21,35,933		2.41,1.20	1000,1 	0
3512    	31.43, -11.28, -8.71 	4.57, 14.50, -6.87 	0.00, -0.00 	13,21,35,943		0.00,1.37	1000,1 	0
3520    	31.41, -11.28, -8.71 	4.58, 14.50, -6.87 	0.00, -0.00 	13,21,35,952		4.82,1.60	1000,1 	0
3529    	31.42, -11.31, -8.70 	4.57, 14.50, -6.87 	0.00, -0.00 	13,21,35,962		4.66,1.20	1000,1 	0
3538    	31.42, -11.31, -8.70 	4.56, 14.50, -6.87 	0.00, -0.00 	13,21,35,972		0.00,1.37	1000,1 	0
3546    	31.43, -11.32, -8.71 	4.56, 14.50, -6.87 	0.00, -0.00 	13,21,35,981		2.05,0.00	1000,1 	0
3555    	31.41, -11.33, -8.71 	4.56, 14.51, -6.87 	0.00, -0.00 	13,21,35,991		3.85,1.34	1000,1 	0
3564    	31.40, -11.33, -8.71 	4.57, 14.51, -6.88 	0.00, -0.00 	13,21,36,1		1.38,1.37	1000,1 	0
3572    	31.41, -11.34, -8.71 	4.56, 14.51, -6.88 	0.00, -0.00 	13,21,36,10		2.05,1.37	1000,1 	0
3581    	31.40, -11.34, -8.71 	4.56, 14.51, -6.87 	0.00, -0.00 	13,21,36,20		1.20,0.00	1000,1 	0
3590    	31.42, -11.34, -8.69 	4.56, 14.53, -6.88 	0.00, -0.00 	13,21,36,30		4.13,1.53	1000,1 	0
3599    	31.42, -11.34, -8.69 	4.56, 14.53, -6.88 	0.00, -0.00 	13,21,36,40		0.00,0.00	1000,1 	0
3607    	31.45, -11.34, -8.69 	4.56, 14.53, -6.88 	0.00, -0.00 	13,21,36,49		4.13,0.00	1000,1 	0
3616    	31.45, -11.34, -8.69 	4.57, 14.53, -6.88 	0.00, -0.00 	13,21,36,59		0.00,1.37	1000,1 	0
3625    	31.46, -11.35, -8.69 	4.57, 14.53, -6.88 	0.00, -0.00 	13,21,36,69		2.05,0.00	1000,1 	0
3633    	31.43, -11.39, -8.68 	4.56, 14.53, -6.88 	0.00, -0.00 	13,21,36,78		7.36,1.37	1000,1 	0
3642    	31.43, -11.42, -8.67 	4.55, 14.54, -6.88 	0.00, -0.00 	13,21,36,88		3.04,2.07	1000,1 	0
3651    	31.46, -11.41, -8.67 	4.55, 14.54, -6.89 	0.00, -0.00 	13,21,36,98		4.40,0.00	1000,1 	0
3659    	31.47, -11.38, -8.68 	4.55, 14.54, -6.88 	0.00, -0.00 	13,21,36,107		3.34,0.00	1000,1 	0
3668    	31.47, -11.38, -8.68 	4.53, 14.54, -6.88 	0.00, -0.00 	13,21,36,117		0.00,2.41	1000,1 	0
3677    	31.46, -11.42, -8.69 	4.54, 14.54, -6.89 	0.00, -0.00 	13,21,36,127		4.77,1.37	1000,1 	0
3685    	31.46, -11.41, -8.69 	4.53, 14.55, -6.89 	0.00, -0.00 	13,21,36,136		1.52,2.07	1000,1 	0
3694    	31.50, -11.39, -8.69 	4.53, 14.53, -6.89 	0.00, -0.00 	13,21,36,146		5.00,2.67	1000,1 	0
3703    	31.48, -11.41, -8.68 	4.54, 14.54, -6.89 	0.00, -0.00 	13,21,36,156		3.15,2.04	1000,1 	0
3711    	31.45, -11.44, -8.68 	4.54, 14.53, -6.88 	0.00, -0.00 	13,21,36,165		6.16,1.53	1000,1 	0
3720    	31.46, -11.45, -8.68 	4.53, 14.52, -6.88 	0.00, -0.00 	13,21,36,175		1.80,1.78	1000,1 	0
3729    	31.45, -11.46, -8.67 	4.53, 14.53, -6.88 	0.00, -0.00 	13,21,36,185		2.05,1.53	1000,1 	0
3737    	31.45, -11.46, -8.66 	4.53, 14.52, -6.88 	0.00, -0.00 	13,21,36,194		0.00,1.53	1000,1 	0
3746    	31.48, -11.44, -8.67 	4.52, 14.52, -6.89 	0.00, -0.00 	13,21,36,204		4.49,1.20	1000,1 	0
3755    	31.45, -11.43, -8.68 	4.52, 14.53, -6.89 	0.00, -0.00 	13,21,36,214		4.40,1.53	1000,1 	0
3763    	31.48, -11.43, -8.69 	4.51, 14.54, -6.90 	0.00, -0.00 	13,21,36,223		4.13,2.07	1000,1 	0
3772    	31.48, -11.44, -8.67 	4.51, 14.54, -6.90 	0.00, -0.00 	13,21,36,233		1.33,0.00	1000,1 	0
3781    	31.48, -11.44, -8.69 	4.52, 14.56, -6.91 	0.00, -0.00 	13,21,36,243		0.00,3.33	1000,1 	0
3790    	31.48, -11.46, -8.67 	4.51, 14.56, -6.92 	0.00, -0.00 	13,21,36,253		3.04,1.37	1000,1 	0
3798    	31.51, -11.44, -8.67 	4.43, 14.52, -6.91 	0.00, -0.00 	13,21,36,262		5.13,12.50	1000,1 	0
3807    	31.52, -11.47, -8.67 	4.36, 14.41, -6.88 	0.00, -0.00 	13,21,36,272		4.77,17.93	1000,1 	0
3816    	31.48, -11.48, -8.67 	4.34, 14.31, -6.85 	0.00, -0.00 	13,21,36,282		5.71,14.29	1000,1 	0
3824    	31.46, -11.48, -8.68 	4.27, 14.22, -6.83 	0.00, -0.00 	13,21,36,291		2.75,16.66	1000,1 	0
3833    	31.43, -11.48, -8.68 	4.25, 14.11, -6.80 	0.00, -0.00 	13,21,36,301		4.13,15.48	1000,1 	0
3842    	31.46, -11.48, -8.68 	4.21, 14.03, -6.79 	0.00, -0.00 	13,21,36,311		4.13,13.32	1000,1 	0
3850    	31.48, -11.51, -8.67 	4.20, 13.91, -6.78 	0.00, -0.00 	13,21,36,320		5.33,16.84	1000,1 	0
3859    	31.50, -11.51, -8.66 	4.18, 13.67, -6.76 	0.00, -0.00 	13,21,36,330		2.41,29.57	1000,1 	0
3868    	31.48, -11.52, -8.67 	4.09, 13.17, -6.70 	0.00, -0.00 	13,21,36,340		3.15,72.66	1000,1 	0
3876    	31.47, -11.51, -8.66 	3.99, 12.65, -6.64 	0.00, -0.00 	13,21,36,349		2.05,76.13	1000,1 	0
3885    	31.46, -11.52, -8.66 	3.97, 12.33, -6.61 	0.00, -0.00 	13,21,36,359		1.80,40.20	1000,1 	0
3894    	31.47, -11.53, -8.66 	3.98, 12.05, -6.60 	0.00, -0.00 	13,21,36,369		2.05,39.76	1000,1 	0
3903    	31.44, -11.57, -8.65 	3.98, 11.79, -6.60 	0.00, -0.00 	13,21,36,379		7.18,42.77	1000,1 	0
3911    	31.42, -11.59, -8.65 	3.99, 11.46, -6.59 	0.00, -0.00 	13,21,36,388		4.11,47.39	1000,1 	0
3920    	31.41, -11.58, -8.66 	3.98, 11.14, -6.57 	0.00, -0.00 	13,21,36,398		2.05,45.82	1000,1 	0
3928    	31.41, -11.59, -8.63 	3.99, 10.78, -6.57 	0.00, -0.00 	13,21,36,407		1.52,51.93	1000,1 	0
3937    	31.41, -11.59, -8.65 	3.99, 10.48, -6.57 	0.00, -0.00 	13,21,36,417		1.20,37.42	1000,1 	0
3946    	31.38, -11.62, -8.66 	3.94, 10.15, -6.59 	0.00, -0.00 	13,21,36,427		6.16,47.74	1000,1 	0
3954    	31.36, -11.64, -8.65 	3.82, 9.83, -6.62 	0.00, -0.00 	13,21,36,436		4.11,48.93	0,0 	0
3963    	31.45, -11.61, -8.63 	3.75, 9.55, -6.68 	0.00, -0.00 	13,21,36,446		12.69,35.63	0,0 	0
3972    	31.42, -11.62, -8.61 	3.68, 9.29, -6.72 	0.00, -0.00 	13,21,36,456		4.40,38.11	0,0 	0
3980    	31.39, -11.67, -8.61 	3.55, 9.02, -6.75 	0.00, -0.00 	13,21,36,465		9.40,43.87	0,0 	0
3989    	31.33, -11.72, -8.61 	3.40, 8.74, -6.75 	0.00, -0.00 	13,21,36,475		9.83,38.91	0,0 	0
3998    	31.30, -11.77, -8.60 	3.22, 8.45, -6.75 	0.00, -0.00 	13,21,36,485		7.36,48.48	0,0 	0
4007    	31.24, -11.81, -8.62 	3.12, 8.21, -6.79 	0.00, -0.00 	13,21,36,495		10.26,38.04	0,0 	0
4015    	31.19, -11.83, -8.63 	3.05, 8.03, -6.82 	0.00, -0.00 	13,21,36,504		7.53,27.55	0,0 	0
4024    	31.14, -11.86, -8.64 	3.00, 7.80, -6.85 	0.00, -0.00 	13,21,36,514		8.26,33.00	0,0 	0
4033    	31.13, -11.81, -8.68 	2.94, 7.58, -6.87 	0.00, -0.00 	13,21,36,524		8.09,33.00	0,0 	0
4041    	31.14, -11.79, -8.68 	2.86, 7.31, -6.87 	0.00, -0.00 	13,21,36,533		3.34,39.96	0,0 	0
4050    	31.15, -11.80, -8.67 	2.75, 7.00, -6.88 	0.00, -0.00 	13,21,36,543		2.75,40.76	0,0 	0
4059    	31.08, -11.83, -8.68 	2.64, 6.69, -6.86 	0.00, -0.00 	13,21,36,553		11.92,47.03	0,0 	0
4067    	31.07, -11.82, -8.66 	2.51, 6.42, -6.85 	0.00, -0.00 	13,21,36,562		2.05,43.87	0,0 	0
4076    	31.00, -11.82, -8.65 	2.43, 6.16, -6.86 	0.00, -0.00 	13,21,36,572		8.43,33.35	0,0 	0
4085    	30.97, -11.78, -8.64 	2.33, 5.96, -6.88 	0.00, -0.00 	13,21,36,582		7.35,32.52	0,0 	0
4094    	30.87, -11.80, -8.62 	2.18, 5.80, -6.90 	0.00, -0.00 	13,21,36,592		18.02,35.69	0,0 	0
4102    	30.81, -11.79, -8.65 	2.02, 5.69, -6.98 	0.00, -0.00 	13,21,36,601		8.40,27.73	0,0 	0
4111    	30.79, -11.76, -8.69 	1.87, 5.57, -7.06 	0.00, -0.00 	13,21,36,611		4.66,24.87	0,0 	0
4120    	30.78, -11.75, -8.69 	1.80, 5.39, -7.11 	0.00, -0.00 	13,21,36,621		1.80,24.11	0,0 	0
4128    	30.78, -11.77, -8.68 	1.71, 5.18, -7.12 	0.00, -0.00 	13,21,36,630		2.66,27.93	0,0 	0
4137    	30.81, -11.77, -8.68 	1.54, 4.98, -7.11 	0.00, -0.00 	13,21,36,640		3.61,32.36	0,0 	0
4146    	30.75, -11.77, -8.67 	1.42, 4.74, -7.10 	0.00, -0.00 	13,21,36,650		7.23,34.28	0,0 	0
4154    	30.73, -11.76, -8.67 	1.25, 4.47, -7.08 	0.00, -0.00 	13,21,36,659		2.75,39.54	0,0 	0
4163    	30.71, -11.71, -8.66 	1.12, 4.26, -7.08 	0.00, -0.00 	13,21,36,669		5.84,31.38	0,0 	0
4172    	30.67, -11.68, -8.67 	0.95, 4.05, -7.08 	0.00, -0.00 	13,21,36,679		6.26,33.41	0,0 	0
4180    	30.63, -11.70, -8.67 	0.75, 3.87, -7.13 	0.00, -0.00 	13,21,36,688		5.51,33.72	0,0 	0
4189    	30.60, -11.71, -8.68 	0.59, 3.62, -7.15 	0.00, -0.00 	13,21,36,698		5.00,36.66	0,0 	0
4198    	30.54, -11.70, -8.71 	0.48, 3.44, -7.17 	0.00, -0.00 	13,21,36,708		7.35,26.73	0,0 	0
4206    	30.49, -11.67, -8.69 	0.41, 3.24, -7.13 	0.00, -0.00 	13,21,36,717		7.22,26.63	0,0 	0
4215    	30.48, -11.65, -8.68 	0.38, 3.02, -7.11 	0.00, -0.00 	13,21,36,727		2.60,23.93	0,0 	0
4224    	30.46, -11.65, -8.67 	0.39, 2.86, -7.11 	0.00, -0.00 	13,21,36,737		2.41,20.10	0,0 	0
4232    	30.49, -11.61, -8.67 	0.42, 2.63, -7.07 	0.00, -0.00 	13,21,36,746		6.44,29.68	0,0 	0
4241    	30.44, -11.59, -8.67 	0.38, 2.39, -7.02 	0.00, -0.00 	13,21,36,756		5.85,26.60	0,0 	0
4250    	30.44, -11.60, -8.68 	0.25, 2.23, -6.99 	0.00, -0.00 	13,21,36,766		1.33,25.24	0,0 	0
4258    	30.40, -11.59, -8.67 	0.15, 2.10, -6.95 	0.00, -0.00 	13,21,36,775		5.00,21.68	0,0 	0
4267    	30.36, -11.59, -8.68 	0.05, 1.94, -6.92 	0.00, -0.00 	13,21,36,785		5.35,20.64	0,0 	0
4276    	30.33, -11.58, -8.67 	0.02, 1.72, -6.87 	0.00, -0.00 	13,21,36,795		3.85,27.09	0,0 	0
4284    	30.27, -11.55, -8.69 	0.02, 1.61, -6.84 	0.00, -0.00 	13,21,36,804		7.70,14.70	0,0 	0
4293    	30.19, -11.60, -8.67 	0.05, 1.53, -6.85 	0.00, -0.00 	13,21,36,814		9.79,8.96	0,0 	0
4302    	30.18, -11.63, -8.67 	0.10, 1.53, -6.88 	0.00, -0.00 	13,21,36,824		4.17,7.22	0,0 	0
4310    	30.21, -11.63, -8.67 	0.12, 1.47, -6.88 	0.00, -0.00 	13,21,36,833		3.61,8.41	0,0 	0
4319    	30.25, -11.63, -8.67 	0.16, 1.41, -6.86 	0.00, -0.00 	13,21,36,843		4.28,7.37	0,0 	0
