#Time 	Sensor1         Sensor2         Target          Time            Vel             
#================================================================

11      	27.49, -20.09, -5.02 	-0.36, 0.18, -6.63 	0.00, 20.00 	13,21,25,704		0.00,0.00	0,0 	0
18      	27.48, -20.08, -5.02 	-0.36, 0.17, -6.62 	0.00, 20.00 	13,21,25,713		2.05,1.53	0,0 	0
27      	27.46, -20.09, -5.04 	-0.38, 0.14, -6.62 	0.00, 20.00 	13,21,25,723		2.45,3.17	0,0 	0
36      	27.44, -20.10, -5.02 	-0.39, 0.14, -6.62 	0.00, 20.00 	13,21,25,733		2.45,1.07	0,0 	0
45      	27.44, -20.11, -5.01 	-0.38, 0.18, -6.62 	0.00, 20.00 	13,21,25,743		1.18,3.71	0,0 	0
53      	27.41, -20.16, -5.01 	-0.38, 0.17, -6.62 	0.00, 20.00 	13,21,25,752		8.22,1.34	0,0 	0
62      	27.41, -20.18, -5.01 	-0.38, 0.17, -6.63 	0.00, 20.00 	13,21,25,762		2.37,0.00	0,0 	0
71      	27.43, -20.17, -5.01 	-0.38, 0.17, -6.63 	0.00, 20.00 	13,21,25,772		2.45,0.00	0,0 	0
79      	27.43, -20.20, -5.01 	-0.40, 0.18, -6.63 	0.00, 20.00 	13,21,25,781		4.17,2.77	0,0 	0
87      	27.43, -20.18, -5.01 	-0.37, 0.18, -6.64 	0.00, 20.00 	13,21,25,790		2.66,3.61	0,0 	0
97      	27.43, -20.17, -5.00 	-0.39, 0.20, -6.64 	0.00, 20.00 	13,21,25,801		1.07,2.90	0,0 	0
105     	27.43, -20.20, -5.00 	-0.38, 0.21, -6.63 	0.00, 20.00 	13,21,25,810		4.00,1.78	0,0 	0
114     	27.46, -20.19, -5.01 	-0.39, 0.21, -6.62 	0.00, 20.00 	13,21,25,820		3.42,1.07	0,0 	0
123     	27.46, -20.20, -4.99 	-0.39, 0.20, -6.63 	0.00, 20.00 	13,21,25,830		1.18,1.19	0,0 	0
131     	27.49, -20.19, -4.99 	-0.40, 0.19, -6.62 	0.00, 20.00 	13,21,25,839		3.85,1.78	0,0 	0
140     	27.49, -20.18, -4.98 	-0.38, 0.21, -6.62 	0.00, 20.00 	13,21,25,849		1.18,3.17	0,0 	0
149     	27.49, -20.18, -4.99 	-0.38, 0.21, -6.62 	0.00, 20.00 	13,21,25,859		0.00,0.00	0,0 	0
157     	27.47, -20.18, -4.99 	-0.38, 0.19, -6.63 	0.00, 20.00 	13,21,25,868		2.41,2.67	0,0 	0
166     	27.48, -20.18, -4.99 	-0.38, 0.19, -6.63 	0.00, 20.00 	13,21,25,878		1.07,0.00	0,0 	0
175     	27.49, -20.18, -5.01 	-0.36, 0.20, -6.62 	0.00, 20.00 	13,21,25,888		1.07,2.43	0,0 	0
183     	27.49, -20.18, -5.01 	-0.36, 0.21, -6.62 	0.00, 20.00 	13,21,25,897		0.00,1.34	0,0 	0
192     	27.49, -20.17, -4.99 	-0.37, 0.20, -6.63 	0.00, 20.00 	13,21,25,907		1.18,1.59	0,0 	0
201     	27.49, -20.17, -5.00 	-0.37, 0.20, -6.63 	0.00, 20.00 	13,21,25,917		0.00,0.00	0,0 	0
209     	27.49, -20.18, -4.99 	-0.39, 0.20, -6.62 	0.00, 20.00 	13,21,25,926		1.33,2.41	0,0 	0
218     	27.47, -20.18, -4.99 	-0.38, 0.20, -6.62 	0.00, 20.00 	13,21,25,936		2.14,1.07	0,0 	0
227     	27.49, -20.18, -4.99 	-0.38, 0.20, -6.62 	0.00, 20.00 	13,21,25,946		2.14,0.00	0,0 	0
236     	27.48, -20.17, -5.00 	-0.38, 0.20, -6.62 	0.00, 20.00 	13,21,25,956		1.60,0.00	0,0 	0
244     	27.48, -20.16, -5.00 	-0.38, 0.20, -6.62 	0.00, 20.00 	13,21,25,965		1.33,0.00	0,0 	0
253     	27.50, -20.18, -4.98 	-0.34, 0.21, -6.62 	0.00, 20.00 	13,21,25,975		3.19,4.42	0,0 	0
262     	27.55, -20.15, -4.99 	-0.35, 0.22, -6.63 	0.00, 20.00 	13,21,25,985		6.43,1.61	0,0 	0
270     	27.55, -20.14, -4.99 	-0.36, 0.23, -6.62 	0.00, 20.00 	13,21,25,994		1.33,1.81	0,0 	0
278     	27.58, -20.15, -5.01 	-0.36, 0.23, -6.62 	0.00, 20.00 	13,21,26,3		3.85,0.00	0,0 	0
288     	27.61, -20.13, -5.01 	-0.36, 0.23, -6.62 	0.00, 20.00 	13,21,26,14		3.59,0.00	0,0 	0
296     	27.61, -20.15, -4.99 	-0.34, 0.22, -6.62 	0.00, 20.00 	13,21,26,23		2.66,2.77	0,0 	0
305     	27.57, -20.17, -4.99 	-0.35, 0.22, -6.63 	0.00, 20.00 	13,21,26,33		4.89,1.07	0,0 	0
314     	27.56, -20.15, -5.01 	-0.36, 0.23, -6.62 	0.00, 20.00 	13,21,26,43		2.60,1.61	0,0 	0
322     	27.58, -20.13, -5.01 	-0.36, 0.23, -6.62 	0.00, 20.00 	13,21,26,52		3.59,0.00	0,0 	0
331     	27.62, -20.11, -5.02 	-0.36, 0.23, -6.62 	0.00, 20.00 	13,21,26,62		4.89,0.00	0,0 	0
340     	27.61, -20.09, -5.03 	-0.34, 0.23, -6.62 	0.00, 20.00 	13,21,26,72		2.60,2.14	0,0 	0
348     	27.65, -20.11, -5.02 	-0.34, 0.23, -6.61 	0.00, 20.00 	13,21,26,81		5.50,0.00	0,0 	0
357     	27.67, -20.11, -5.03 	-0.34, 0.22, -6.63 	0.00, 20.00 	13,21,26,91		2.14,1.19	0,0 	0
366     	27.70, -20.12, -4.99 	-0.34, 0.21, -6.64 	0.00, 20.00 	13,21,26,101		3.42,1.19	0,0 	0
374     	27.70, -20.13, -4.99 	-0.32, 0.21, -6.63 	0.00, 20.00 	13,21,26,110		1.33,2.41	0,0 	0
383     	27.69, -20.11, -4.99 	-0.33, 0.21, -6.63 	0.00, 20.00 	13,21,26,120		2.60,1.07	0,0 	0
392     	27.66, -20.16, -4.99 	-0.33, 0.21, -6.63 	0.00, 20.00 	13,21,26,130		6.74,0.00	0,0 	0
400     	27.67, -20.13, -5.01 	-0.31, 0.22, -6.62 	0.00, 20.00 	13,21,26,139		4.17,2.73	0,0 	0
409     	27.70, -20.13, -5.03 	-0.31, 0.22, -6.62 	0.00, 20.00 	13,21,26,149		3.21,0.00	0,0 	0
418     	27.69, -20.15, -5.03 	-0.31, 0.22, -6.62 	0.00, 20.00 	13,21,26,159		2.60,0.00	0,0 	0
427     	27.68, -20.15, -5.02 	-0.33, 0.22, -6.63 	0.00, 20.00 	13,21,26,169		1.07,2.14	0,0 	0
435     	27.71, -20.16, -5.01 	-0.33, 0.23, -6.63 	0.00, 20.00 	13,21,26,178		5.00,1.34	0,0 	0
444     	27.72, -20.15, -5.02 	-0.36, 0.23, -6.62 	0.00, 20.00 	13,21,26,188		1.60,3.21	0,0 	0
453     	27.73, -20.13, -5.04 	-0.36, 0.22, -6.62 	0.00, 20.00 	13,21,26,198		2.60,1.19	0,0 	0
461     	27.78, -20.10, -5.03 	-0.36, 0.22, -6.63 	0.00, 20.00 	13,21,26,207		7.23,0.00	0,0 	0
469     	27.77, -20.11, -5.03 	-0.36, 0.22, -6.63 	0.00, 20.00 	13,21,26,216		1.80,0.00	0,0 	0
479     	27.78, -20.14, -5.03 	-0.37, 0.23, -6.62 	0.00, 20.00 	13,21,26,227		3.34,1.45	0,0 	0
487     	27.77, -20.14, -5.03 	-0.36, 0.22, -6.62 	0.00, 20.00 	13,21,26,236		1.20,1.81	0,0 	0
496     	27.78, -20.12, -5.04 	-0.36, 0.23, -6.64 	0.00, 20.00 	13,21,26,246		2.60,1.19	0,0 	0
505     	27.80, -20.12, -5.05 	-0.35, 0.23, -6.63 	0.00, 20.00 	13,21,26,256		2.14,1.07	0,0 	0
513     	27.80, -20.14, -5.05 	-0.38, 0.22, -6.63 	0.00, 20.00 	13,21,26,265		2.66,3.83	0,0 	0
522     	27.81, -20.15, -5.06 	-0.38, 0.22, -6.63 	0.00, 20.00 	13,21,26,275		1.60,0.00	0,0 	0
531     	27.85, -20.15, -5.08 	-0.38, 0.23, -6.62 	0.00, 20.00 	13,21,26,285		4.28,1.19	0,0 	0
539     	27.86, -20.16, -5.09 	-0.38, 0.23, -6.62 	0.00, 20.00 	13,21,26,294		1.79,0.00	0,0 	0
548     	27.91, -20.12, -5.12 	-0.37, 0.24, -6.61 	0.00, 20.00 	13,21,26,304		7.15,1.59	0,0 	0
557     	27.98, -20.10, -5.14 	-0.36, 0.23, -6.60 	0.00, 20.00 	13,21,26,314		8.89,1.61	0,0 	0
565     	28.03, -20.05, -5.17 	-0.33, 0.23, -6.59 	0.00, 20.00 	13,21,26,323		8.04,3.61	0,0 	0
574     	28.06, -20.02, -5.23 	-0.37, 0.23, -6.60 	0.00, 20.00 	13,21,26,333		4.79,4.28	0,0 	0
583     	28.10, -19.96, -5.30 	-0.39, 0.22, -6.61 	0.00, 20.00 	13,21,26,343		8.30,2.43	0,0 	0
591     	28.19, -19.93, -5.36 	-0.33, 0.23, -6.62 	0.00, 20.00 	13,21,26,352		11.55,7.32	0,0 	0
600     	28.29, -19.84, -5.44 	-0.35, 0.23, -6.62 	0.00, 20.00 	13,21,26,362		15.12,2.14	0,0 	0
609     	28.38, -19.75, -5.54 	-0.38, 0.25, -6.63 	0.00, 20.00 	13,21,26,372		14.37,4.02	0,0 	0
618     	28.48, -19.66, -5.65 	-0.36, 0.24, -6.60 	0.00, 20.00 	13,21,26,382		14.30,2.46	0,0 	0
626     	28.67, -19.47, -5.75 	-0.41, 0.23, -6.60 	0.00, 20.00 	13,21,26,391		33.99,6.14	0,0 	0
635     	28.81, -19.35, -5.86 	-0.40, 0.23, -6.61 	0.00, 20.00 	13,21,26,401		20.68,1.07	0,0 	0
644     	28.92, -19.27, -5.96 	-0.42, 0.23, -6.60 	0.00, 20.00 	13,21,26,411		15.12,2.14	0,0 	0
652     	28.93, -19.26, -6.03 	-0.43, 0.20, -6.57 	0.00, 20.00 	13,21,26,420		1.80,4.64	0,0 	0
660     	28.95, -19.28, -6.12 	-0.46, 0.20, -6.56 	0.00, 20.00 	13,21,26,429		3.59,3.61	0,0 	0
670     	28.94, -19.26, -6.23 	-0.46, 0.21, -6.57 	0.00, 20.00 	13,21,26,439		2.34,1.07	0,0 	0
678     	28.93, -19.14, -6.35 	-0.45, 0.20, -6.55 	0.00, 20.00 	13,21,26,449		14.70,1.81	0,0 	0
687     	28.99, -18.97, -6.50 	-0.47, 0.23, -6.57 	0.00, 20.00 	13,21,26,459		20.00,4.18	0,0 	0
696     	29.07, -18.79, -6.63 	-0.48, 0.23, -6.58 	0.00, 20.00 	13,21,26,468		22.32,1.07	0,0 	0
704     	29.23, -18.54, -6.82 	-0.49, 0.22, -6.58 	0.00, 20.00 	13,21,26,477		36.20,1.78	0,0 	0
713     	29.40, -18.34, -6.89 	-0.47, 0.20, -6.57 	0.00, 20.00 	13,21,26,487		29.63,3.22	0,0 	0
722     	29.58, -18.14, -6.95 	-0.50, 0.21, -6.57 	0.00, 20.00 	13,21,26,497		29.63,3.44	0,0 	0
730     	29.61, -18.14, -6.97 	-0.47, 0.19, -6.56 	0.00, 20.00 	13,21,26,506		3.61,4.52	0,0 	0
739     	29.61, -18.12, -6.97 	-0.55, 0.17, -6.55 	0.00, 20.00 	13,21,26,516		2.37,8.84	0,0 	0
748     	29.61, -18.13, -6.97 	-0.51, 0.20, -6.54 	0.00, 20.00 	13,21,26,526		1.18,5.53	0,0 	0
756     	29.62, -18.17, -6.99 	-0.55, 0.20, -6.55 	0.00, 20.00 	13,21,26,535		5.84,4.81	0,0 	0
765     	29.60, -18.20, -7.01 	-0.56, 0.21, -6.55 	0.00, 20.00 	13,21,26,545		4.15,1.61	0,0 	0
774     	29.60, -18.19, -7.04 	-0.58, 0.18, -6.55 	0.00, 20.00 	13,21,26,555		1.18,4.13	0,0 	0
782     	29.63, -18.19, -7.06 	-0.54, 0.22, -6.55 	0.00, 20.00 	13,21,26,564		3.61,7.14	0,0 	0
791     	29.61, -18.16, -7.11 	-0.55, 0.23, -6.57 	0.00, 20.00 	13,21,26,574		4.15,1.61	0,0 	0
800     	29.70, -18.07, -7.14 	-0.53, 0.23, -6.57 	0.00, 20.00 	13,21,26,584		13.51,2.14	0,0 	0
809     	29.74, -18.06, -7.15 	-0.54, 0.24, -6.57 	0.00, 20.00 	13,21,26,594		4.44,1.61	0,0 	0
817     	29.74, -18.06, -7.17 	-0.53, 0.26, -6.57 	0.00, 20.00 	13,21,26,603		0.00,2.91	0,0 	0
826     	29.78, -18.05, -7.14 	-0.53, 0.28, -6.58 	0.00, 20.00 	13,21,26,613		4.44,2.38	0,0 	0
835     	29.80, -18.05, -7.13 	-0.56, 0.30, -6.59 	0.00, 20.00 	13,21,26,623		2.14,3.44	0,0 	0
843     	29.79, -18.04, -7.16 	-0.56, 0.30, -6.59 	0.00, 20.00 	13,21,26,632		1.79,0.00	0,0 	0
852     	29.83, -18.04, -7.16 	-0.55, 0.31, -6.60 	0.00, 20.00 	13,21,26,642		4.28,1.59	0,0 	0
861     	29.79, -18.05, -7.19 	-0.57, 0.30, -6.60 	0.00, 20.00 	13,21,26,652		4.44,2.43	0,0 	0
869     	29.86, -17.96, -7.22 	-0.54, 0.32, -6.60 	0.00, 20.00 	13,21,26,661		14.66,4.46	0,0 	0
878     	29.88, -17.89, -7.26 	-0.54, 0.33, -6.59 	0.00, 20.00 	13,21,26,671		7.42,1.19	0,0 	0
887     	29.88, -17.87, -7.31 	-0.56, 0.33, -6.59 	0.00, 20.00 	13,21,26,681		2.60,2.14	0,0 	0
895     	29.93, -17.86, -7.33 	-0.54, 0.34, -6.61 	0.00, 20.00 	13,21,26,690		6.17,2.73	0,0 	0
904     	30.00, -17.78, -7.39 	-0.58, 0.33, -6.59 	0.00, 20.00 	13,21,26,700		12.08,4.42	0,0 	0
913     	30.06, -17.67, -7.42 	-0.58, 0.33, -6.58 	0.00, 20.00 	13,21,26,710		13.47,0.00	0,0 	0
921     	30.05, -17.63, -7.46 	-0.56, 0.33, -6.57 	0.00, 20.00 	13,21,26,719		5.46,2.41	0,0 	0
930     	30.05, -17.58, -7.51 	-0.59, 0.34, -6.59 	0.00, 20.00 	13,21,26,729		4.74,3.44	0,0 	0
940     	30.09, -17.53, -7.55 	-0.59, 0.34, -6.57 	0.00, 20.00 	13,21,26,740		6.58,0.00	0,0 	0
948     	30.15, -17.50, -7.59 	-0.61, 0.33, -6.57 	0.00, 20.00 	13,21,26,748		8.26,2.73	0,0 	0
957     	30.20, -17.37, -7.66 	-0.58, 0.34, -6.58 	0.00, 20.00 	13,21,26,758		15.59,3.40	0,0 	0
966     	30.22, -17.30, -7.72 	-0.65, 0.36, -6.58 	0.00, 20.00 	13,21,26,768		8.56,7.89	0,0 	0
974     	30.25, -17.20, -7.77 	-0.64, 0.38, -6.60 	0.00, 20.00 	13,21,26,777		12.52,2.91	0,0 	0
983     	30.33, -17.07, -7.80 	-0.61, 0.36, -6.60 	0.00, 20.00 	13,21,26,787		16.59,4.02	0,0 	0
992     	30.44, -16.95, -7.86 	-0.57, 0.36, -6.57 	0.00, 20.00 	13,21,26,797		19.16,4.28	0,0 	0
1001    	30.52, -16.86, -7.91 	-0.59, 0.36, -6.59 	0.00, 20.00 	13,21,26,807		12.77,2.14	1000,1 	0
1009    	30.46, -16.84, -7.95 	-0.58, 0.37, -6.59 	0.00, 20.00 	13,21,26,816		7.70,1.78	1000,1 	0
1018    	30.45, -16.83, -7.98 	-0.60, 0.39, -6.59 	0.00, 20.00 	13,21,26,826		1.60,3.22	1000,1 	0
1027    	30.49, -16.72, -8.03 	-0.58, 0.43, -6.60 	0.00, 20.00 	13,21,26,836		12.59,5.18	1000,1 	0
1035    	30.45, -16.70, -8.05 	-0.58, 0.43, -6.59 	0.00, 20.00 	13,21,26,845		5.50,0.00	1000,1 	0
1043    	30.50, -16.60, -8.12 	-0.57, 0.40, -6.59 	0.00, 20.00 	13,21,26,854		13.42,4.20	1000,1 	0
1053    	30.49, -16.53, -8.17 	-0.56, 0.42, -6.58 	0.00, 20.00 	13,21,26,865		7.52,2.33	1000,1 	0
1061    	30.56, -16.41, -8.24 	-0.57, 0.41, -6.58 	0.00, 20.00 	13,21,26,874		16.91,1.78	1000,1 	0
1070    	30.58, -16.33, -8.29 	-0.55, 0.41, -6.58 	0.00, 20.00 	13,21,26,884		9.71,2.14	1000,1 	0
1079    	30.67, -16.23, -8.32 	-0.60, 0.39, -6.56 	0.00, 20.00 	13,21,26,894		14.37,5.82	1000,1 	0
1087    	30.68, -16.20, -8.34 	-0.61, 0.40, -6.56 	0.00, 20.00 	13,21,26,903		4.17,1.81	1000,1 	0
1096    	30.70, -16.18, -8.36 	-0.58, 0.38, -6.56 	0.00, 20.00 	13,21,26,913		3.19,4.02	1000,1 	0
1105    	30.74, -16.18, -8.38 	-0.61, 0.39, -6.54 	0.00, 20.00 	13,21,26,923		5.35,3.44	1000,1 	0
1113    	30.72, -16.16, -8.35 	-0.65, 0.37, -6.54 	0.00, 20.00 	13,21,26,932		4.49,5.47	1000,1 	0
1122    	30.72, -16.16, -8.38 	-0.62, 0.39, -6.55 	0.00, 20.00 	13,21,26,942		0.00,3.96	1000,1 	0
1131    	30.71, -16.11, -8.40 	-0.65, 0.38, -6.55 	0.00, 20.00 	13,21,26,952		4.85,3.40	1000,1 	0
1139    	30.73, -16.08, -8.42 	-0.66, 0.40, -6.57 	0.00, 20.00 	13,21,26,961		4.67,2.95	1000,1 	0
1148    	30.71, -16.05, -8.43 	-0.62, 0.40, -6.56 	0.00, 20.00 	13,21,26,971		4.15,4.28	1000,1 	0
1157    	30.73, -16.04, -8.44 	-0.60, 0.42, -6.58 	0.00, 20.00 	13,21,26,981		2.45,3.17	1000,1 	0
1165    	30.73, -16.05, -8.43 	-0.58, 0.42, -6.59 	0.00, 20.00 	13,21,26,990		1.33,2.41	1000,1 	0
1174    	30.71, -16.02, -8.44 	-0.55, 0.45, -6.60 	0.00, 20.00 	13,21,27,0		4.15,3.96	1000,1 	0
1183    	30.73, -16.03, -8.46 	-0.57, 0.41, -6.59 	0.00, 20.00 	13,21,27,10		3.42,4.13	1000,1 	0
1192    	30.75, -16.03, -8.46 	-0.59, 0.41, -6.58 	0.00, 20.00 	13,21,27,20		2.14,2.14	1000,1 	0
1200    	30.74, -16.02, -8.44 	-0.61, 0.40, -6.58 	0.00, 20.00 	13,21,27,29		1.79,2.73	1000,1 	0
1209    	30.76, -16.05, -8.43 	-0.59, 0.39, -6.58 	0.00, 20.00 	13,21,27,39		4.15,2.46	1000,1 	0
1218    	30.75, -16.05, -8.43 	-0.60, 0.38, -6.57 	0.00, 20.00 	13,21,27,49		1.07,1.59	1000,1 	0
1226    	30.80, -16.02, -8.43 	-0.57, 0.40, -6.58 	0.00, 20.00 	13,21,27,58		7.23,4.46	1000,1 	0
1235    	30.80, -16.02, -8.43 	-0.62, 0.42, -6.59 	0.00, 20.00 	13,21,27,68		0.00,5.88	1000,1 	0
1244    	30.79, -16.02, -8.43 	-0.61, 0.40, -6.57 	0.00, 20.00 	13,21,27,78		1.07,2.62	1000,1 	0
1252    	30.77, -16.01, -8.43 	-0.59, 0.41, -6.59 	0.00, 20.00 	13,21,27,87		2.75,2.73	1000,1 	0
1261    	30.80, -16.00, -8.42 	-0.56, 0.42, -6.58 	0.00, 20.00 	13,21,27,97		3.42,3.40	1000,1 	0
1270    	30.82, -16.00, -8.42 	-0.58, 0.42, -6.59 	0.00, 20.00 	13,21,27,107		2.14,2.14	1000,1 	0
1278    	30.80, -16.02, -8.41 	-0.60, 0.40, -6.58 	0.00, 20.00 	13,21,27,116		3.59,3.57	1000,1 	0
1287    	30.84, -16.01, -8.40 	-0.60, 0.41, -6.58 	0.00, 20.00 	13,21,27,126		4.44,1.19	1000,1 	0
1296    	30.85, -16.03, -8.37 	-0.62, 0.42, -6.58 	0.00, 20.00 	13,21,27,136		2.60,2.46	1000,1 	0
1304    	30.84, -16.05, -8.38 	-0.64, 0.39, -6.57 	0.00, 20.00 	13,21,27,145		2.92,4.64	1000,1 	0
1313    	30.85, -16.02, -8.37 	-0.67, 0.40, -6.56 	0.00, 20.00 	13,21,27,155		3.71,3.44	1000,1 	0
1322    	30.84, -16.02, -8.35 	-0.64, 0.39, -6.56 	0.00, 20.00 	13,21,27,165		1.07,3.44	1000,1 	0
1330    	30.84, -15.97, -8.36 	-0.60, 0.40, -6.57 	0.00, 20.00 	13,21,27,174		6.66,4.97	1000,1 	0
1339    	30.89, -15.93, -8.36 	-0.57, 0.41, -6.57 	0.00, 20.00 	13,21,27,184		6.43,3.40	1000,1 	0
1348    	30.90, -15.94, -8.35 	-0.55, 0.41, -6.57 	0.00, 20.00 	13,21,27,194		1.60,2.14	1000,1 	0
1356    	30.94, -15.92, -8.35 	-0.58, 0.41, -6.58 	0.00, 20.00 	13,21,27,203		5.51,3.61	1000,1 	0
1365    	30.97, -15.92, -8.35 	-0.60, 0.41, -6.57 	0.00, 20.00 	13,21,27,213		3.21,2.14	1000,1 	0
1374    	30.96, -15.91, -8.34 	-0.59, 0.41, -6.57 	0.00, 20.00 	13,21,27,223		1.60,1.07	1000,1 	0
1383    	30.99, -15.90, -8.34 	-0.58, 0.41, -6.57 	0.00, 20.00 	13,21,27,233		3.42,1.07	1000,1 	0
1391    	30.99, -15.91, -8.35 	-0.56, 0.40, -6.55 	0.00, 20.00 	13,21,27,242		1.33,2.77	1000,1 	0
1400    	30.99, -15.90, -8.35 	-0.56, 0.42, -6.57 	0.00, 20.00 	13,21,27,252		1.18,2.38	1000,1 	0
1409    	30.99, -15.90, -8.35 	-0.55, 0.40, -6.56 	0.00, 20.00 	13,21,27,262		0.00,2.62	1000,1 	0
1417    	30.99, -15.86, -8.34 	-0.60, 0.41, -6.56 	0.00, 20.00 	13,21,27,271		5.33,6.18	1000,1 	0
1425    	31.00, -15.82, -8.36 	-0.60, 0.43, -6.57 	0.00, 20.00 	13,21,27,280		5.85,2.67	1000,1 	0
1435    	31.00, -15.81, -8.35 	-0.59, 0.41, -6.57 	0.00, 20.00 	13,21,27,291		1.07,2.36	1000,1 	0
1443    	31.00, -15.78, -8.37 	-0.59, 0.40, -6.56 	0.00, 20.00 	13,21,27,300		2.92,1.34	1000,1 	0
1452    	31.00, -15.76, -8.38 	-0.58, 0.41, -6.59 	0.00, 20.00 	13,21,27,310		2.60,1.59	1000,1 	0
1461    	31.02, -15.75, -8.39 	-0.58, 0.41, -6.60 	0.00, 20.00 	13,21,27,320		2.45,0.00	1000,1 	0
1469    	31.04, -15.68, -8.40 	-0.60, 0.40, -6.57 	0.00, 20.00 	13,21,27,329		9.63,2.73	1000,1 	0
1478    	31.03, -15.68, -8.41 	-0.61, 0.36, -6.55 	0.00, 20.00 	13,21,27,339		1.07,4.85	1000,1 	0
1487    	30.99, -15.63, -8.45 	-0.63, 0.33, -6.56 	0.00, 20.00 	13,21,27,349		7.14,4.13	1000,1 	0
1495    	30.93, -15.54, -8.49 	-0.60, 0.35, -6.54 	0.00, 20.00 	13,21,27,358		13.99,4.46	1000,1 	0
1504    	30.88, -15.28, -8.57 	-0.54, 0.47, -6.60 	0.00, 20.00 	13,21,27,368		28.91,14.47	1000,1 	0
1513    	30.87, -14.96, -8.71 	-0.44, 0.57, -6.61 	0.00, 20.00 	13,21,27,378		35.53,16.59	1000,1 	0
1521    	30.96, -14.61, -8.85 	-0.28, 0.69, -6.60 	0.00, 20.00 	13,21,27,387		45.27,24.04	1000,1 	0
1530    	30.94, -14.41, -8.95 	-0.09, 0.83, -6.60 	0.00, 20.00 	13,21,27,397		22.59,26.19	1000,1 	0
1539    	30.88, -14.31, -8.98 	0.11, 0.97, -6.60 	0.00, 20.00 	13,21,27,407		12.44,27.74	1000,1 	0
1547    	30.79, -14.35, -8.98 	0.29, 1.17, -6.65 	0.00, 20.00 	13,21,27,416		12.69,32.93	1000,1 	0
1556    	30.68, -14.37, -9.03 	0.52, 1.37, -6.68 	0.00, 20.00 	13,21,27,426		12.01,33.92	1000,1 	0
1565    	30.57, -14.28, -9.06 	0.72, 1.70, -6.75 	0.00, 20.00 	13,21,27,436		15.11,42.84	1000,1 	0
1574    	30.46, -14.15, -9.11 	0.87, 2.08, -6.79 	0.00, 20.00 	13,21,27,446		19.15,45.82	1000,1 	0
1582    	30.33, -13.94, -9.19 	0.88, 2.48, -6.86 	0.00, 20.00 	13,21,27,455		30.89,49.45	1000,1 	0
1590    	30.29, -13.62, -9.30 	0.99, 2.84, -6.93 	0.00, 20.00 	13,21,27,464		40.40,47.47	1000,1 	0
1600    	30.30, -13.21, -9.42 	1.09, 3.16, -7.01 	0.00, 20.00 	13,21,27,475		41.56,33.62	1000,1 	0
1608    	30.30, -12.91, -9.48 	1.13, 3.42, -7.05 	0.00, 20.00 	13,21,27,484		37.29,33.68	1000,1 	0
1617    	30.29, -12.72, -9.48 	1.13, 3.67, -7.05 	0.00, 20.00 	13,21,27,494		21.34,27.32	1000,1 	0
1626    	30.30, -12.61, -9.48 	1.12, 3.88, -7.05 	0.00, 20.00 	13,21,27,504		11.89,23.80	1000,1 	0
1634    	30.30, -12.52, -9.50 	1.00, 4.12, -7.08 	0.00, 20.00 	13,21,27,513		10.65,32.95	1000,1 	0
1643    	30.31, -12.38, -9.51 	0.95, 4.41, -7.11 	0.00, 20.00 	13,21,27,523		15.43,32.60	1000,1 	0
1652    	30.26, -12.20, -9.53 	0.91, 4.71, -7.16 	0.00, 20.00 	13,21,27,533		20.82,33.60	1000,1 	0
1660    	30.22, -12.03, -9.55 	0.79, 5.03, -7.23 	0.00, 20.00 	13,21,27,542		21.84,42.82	1000,1 	0
1669    	30.10, -11.83, -9.62 	0.63, 5.37, -7.32 	0.00, 20.00 	13,21,27,552		25.89,42.39	1000,1 	0
1678    	29.99, -11.59, -9.65 	0.57, 5.74, -7.44 	0.00, 20.00 	13,21,27,562		30.10,40.99	1000,1 	0
1686    	29.93, -11.31, -9.67 	0.50, 6.11, -7.53 	0.00, 20.00 	13,21,27,571		35.37,47.65	1000,1 	0
1695    	29.81, -11.15, -9.65 	0.46, 6.45, -7.62 	0.00, 20.00 	13,21,27,581		22.55,37.01	1000,1 	0
1704    	29.71, -10.91, -9.68 	0.38, 6.79, -7.69 	0.00, 20.00 	13,21,27,591		28.15,39.36	1000,1 	0
1712    	29.69, -10.64, -9.72 	0.31, 7.07, -7.74 	0.00, 20.00 	13,21,27,600		34.71,35.88	1000,1 	0
1721    	29.68, -10.34, -9.76 	0.29, 7.36, -7.79 	0.00, 20.00 	13,21,27,610		33.16,32.18	1000,1 	0
1730    	29.71, -10.10, -9.76 	0.18, 7.64, -7.82 	0.00, 20.00 	13,21,27,620		26.24,34.33	1000,1 	0
1738    	29.68, -9.98, -9.75 	0.05, 7.97, -7.85 	0.00, 20.00 	13,21,27,629		16.38,43.26	1000,1 	0
1747    	29.63, -9.89, -9.73 	-0.12, 8.27, -7.89 	0.00, 20.00 	13,21,27,639		10.88,38.15	1000,1 	0
1756    	29.52, -9.78, -9.70 	-0.23, 8.59, -7.91 	0.00, 20.00 	13,21,27,649		17.46,38.06	1000,1 	0
1765    	29.39, -9.70, -9.65 	-0.32, 8.89, -7.90 	0.00, 20.00 	13,21,27,659		16.83,34.77	1000,1 	0
1773    	29.25, -9.53, -9.63 	-0.43, 9.19, -7.90 	0.00, 20.00 	13,21,27,668		27.93,39.88	1000,1 	0
1782    	29.08, -9.34, -9.60 	-0.52, 9.51, -7.91 	0.00, 20.00 	13,21,27,678		28.72,37.06	1000,1 	0
1791    	29.00, -9.06, -9.59 	-0.56, 9.81, -7.94 	0.00, 20.00 	13,21,27,688		31.94,33.60	1000,1 	0
1799    	28.97, -8.73, -9.57 	-0.62, 10.05, -7.93 	0.00, 20.00 	13,21,27,697		41.44,30.38	1000,1 	0
1807    	28.93, -8.45, -9.49 	-0.75, 10.30, -7.94 	0.00, 20.00 	13,21,27,706		34.96,35.90	1000,1 	0
1817    	28.84, -8.26, -9.44 	-0.90, 10.51, -7.94 	0.00, 20.00 	13,21,27,717		21.46,25.68	1000,1 	0
1825    	28.70, -8.15, -9.38 	-1.10, 10.76, -7.92 	0.00, 20.00 	13,21,27,726		21.48,39.32	1000,1 	0
1834    	28.58, -8.09, -9.31 	-1.25, 11.02, -7.91 	0.00, 20.00 	13,21,27,736		15.62,34.50	1000,1 	0
1843    	28.39, -8.08, -9.22 	-1.37, 11.36, -7.92 	0.00, 20.00 	13,21,27,746		20.37,39.18	1000,1 	0
1851    	28.11, -8.11, -9.16 	-1.50, 11.73, -7.94 	0.00, 20.00 	13,21,27,755		36.35,49.55	1000,1 	0
1860    	27.85, -8.08, -9.13 	-1.62, 12.09, -7.94 	0.00, 20.00 	13,21,27,765		28.05,41.79	1000,1 	0
1869    	27.74, -7.90, -9.13 	-1.71, 12.39, -7.90 	0.00, 20.00 	13,21,27,775		23.87,34.77	1000,1 	0
1877    	27.71, -7.67, -9.15 	-1.78, 12.66, -7.81 	0.00, 20.00 	13,21,27,784		28.20,35.88	1000,1 	0
1886    	27.66, -7.54, -9.18 	-1.77, 12.95, -7.72 	0.00, 20.00 	13,21,27,794		16.29,32.08	1000,1 	0
1895    	27.59, -7.44, -9.18 	-1.72, 13.21, -7.66 	0.00, 20.00 	13,21,27,804		13.66,29.13	1000,1 	0
1903    	27.55, -7.33, -9.18 	-1.64, 13.42, -7.55 	0.00, 20.00 	13,21,27,813		14.16,28.27	1000,1 	0
1912    	27.49, -7.21, -9.18 	-1.53, 13.56, -7.42 	0.00, 20.00 	13,21,27,823		15.59,19.93	1000,1 	0
1921    	27.42, -7.14, -9.16 	-1.45, 13.75, -7.31 	0.00, 20.00 	13,21,27,833		10.32,22.91	1000,1 	0
1929    	27.31, -7.13, -9.13 	-1.39, 13.97, -7.22 	0.00, 20.00 	13,21,27,842		14.51,27.90	1000,1 	0
1938    	27.23, -7.09, -9.11 	-1.30, 14.18, -7.17 	0.00, 20.00 	13,21,27,852		9.78,25.50	1000,1 	0
1947    	27.15, -7.01, -9.12 	-1.21, 14.41, -7.16 	0.00, 20.00 	13,21,27,862		11.91,28.09	1000,1 	0
1956    	27.12, -6.98, -9.11 	-1.12, 14.64, -7.16 	0.00, 20.00 	13,21,27,872		4.79,26.60	1000,1 	0
1964    	27.07, -6.89, -9.13 	-1.11, 14.83, -7.15 	0.00, 20.00 	13,21,27,881		13.99,24.07	1000,1 	0
1973    	27.02, -6.80, -9.14 	-1.13, 15.01, -7.17 	0.00, 20.00 	13,21,27,891		10.88,20.34	1000,1 	0
1982    	26.97, -6.69, -9.15 	-1.20, 15.21, -7.19 	0.00, 20.00 	13,21,27,901		12.99,23.89	1000,1 	0
1990    	26.96, -6.60, -9.15 	-1.22, 15.41, -7.22 	0.00, 20.00 	13,21,27,910		12.05,24.21	1000,1 	0
1998    	26.95, -6.50, -9.17 	-1.25, 15.58, -7.25 	0.00, 20.00 	13,21,27,919		12.05,21.74	1000,1 	0
2008    	26.92, -6.49, -9.15 	-1.28, 15.72, -7.26 	0.00, 20.00 	13,21,27,930		3.08,14.24	1000,1 	0
2016    	26.91, -6.46, -9.16 	-1.27, 15.81, -7.26 	0.00, 20.00 	13,21,27,939		4.17,12.07	1000,1 	0
2025    	26.87, -6.45, -9.16 	-1.26, 15.86, -7.25 	0.00, 20.00 	13,21,27,949		4.44,5.18	1000,1 	0
2034    	26.85, -6.43, -9.16 	-1.22, 15.88, -7.26 	0.00, 20.00 	13,21,27,959		3.19,4.86	1000,1 	0
2042    	26.84, -6.43, -9.16 	-1.18, 15.91, -7.27 	0.00, 20.00 	13,21,27,968		2.41,6.22	1000,1 	0
2051    	26.82, -6.43, -9.16 	-1.16, 15.92, -7.29 	0.00, 20.00 	13,21,27,978		2.14,2.43	1000,1 	0
2060    	26.82, -6.40, -9.18 	-1.15, 15.93, -7.31 	0.00, 20.00 	13,21,27,988		3.55,1.59	1000,1 	0
2068    	26.80, -6.36, -9.17 	-1.12, 15.93, -7.32 	0.00, 20.00 	13,21,27,997		4.66,3.61	1000,1 	0
2077    	26.82, -6.31, -9.19 	-1.11, 15.94, -7.34 	0.00, 20.00 	13,21,28,7		6.30,1.59	1000,1 	0
2086    	26.82, -6.30, -9.19 	-1.12, 15.95, -7.36 	0.00, 20.00 	13,21,28,17		1.18,1.61	1000,1 	0
2094    	26.81, -6.28, -9.19 	-1.12, 15.95, -7.37 	0.00, 20.00 	13,21,28,26		2.92,0.00	1000,1 	0
2103    	26.80, -6.29, -9.19 	-1.10, 15.96, -7.39 	0.00, 20.00 	13,21,28,36		1.60,2.43	1000,1 	0
2112    	26.81, -6.29, -9.18 	-1.10, 15.98, -7.44 	0.00, 20.00 	13,21,28,46		1.07,2.38	1000,1 	0
2120    	26.80, -6.28, -9.18 	-1.10, 16.04, -7.49 	0.00, 20.00 	13,21,28,55		1.79,6.68	1000,1 	0
2129    	26.80, -6.28, -9.18 	-1.09, 16.12, -7.56 	0.00, 20.00 	13,21,28,65		0.00,9.55	1000,1 	0
2138    	26.80, -6.26, -9.18 	-1.07, 16.24, -7.64 	0.00, 20.00 	13,21,28,75		2.37,13.41	1000,1 	0
2147    	26.77, -6.26, -9.19 	-0.96, 16.41, -7.70 	0.00, 20.00 	13,21,28,85		3.21,22.20	1000,1 	0
2155    	26.79, -6.20, -9.20 	-0.91, 16.53, -7.73 	0.00, 20.00 	13,21,28,94		7.08,15.80	1000,1 	0
2164    	26.79, -6.20, -9.20 	-0.92, 16.63, -7.74 	0.00, 20.00 	13,21,28,104		0.00,11.94	1000,1 	0
2173    	26.79, -6.20, -9.21 	-0.90, 16.71, -7.74 	0.00, 20.00 	13,21,28,114		0.00,8.87	1000,1 	0
2181    	26.76, -6.19, -9.20 	-0.84, 16.83, -7.74 	0.00, 20.00 	13,21,28,123		3.85,16.28	1000,1 	0
2189    	26.77, -6.18, -9.19 	-0.77, 17.00, -7.74 	0.00, 20.00 	13,21,28,132		1.80,22.86	1000,1 	0
2199    	26.77, -6.16, -9.18 	-0.74, 17.19, -7.73 	0.00, 20.00 	13,21,28,143		2.13,19.57	1000,1 	0
2207    	26.76, -6.17, -9.18 	-0.70, 17.42, -7.69 	0.00, 20.00 	13,21,28,152		1.80,29.72	1000,1 	0
2216    	26.75, -6.16, -9.18 	-0.64, 17.68, -7.65 	0.00, 20.00 	13,21,28,162		1.60,29.13	1000,1 	0
2225    	26.74, -6.14, -9.17 	-0.58, 17.95, -7.62 	0.00, 20.00 	13,21,28,172		2.60,30.52	1000,1 	0
2233    	26.70, -6.10, -9.17 	-0.52, 18.19, -7.57 	0.00, 20.00 	13,21,28,181		7.18,31.47	1000,1 	0
2242    	26.65, -6.06, -9.16 	-0.49, 18.43, -7.50 	0.00, 20.00 	13,21,28,191		6.42,26.28	1000,1 	0
2251    	26.65, -6.02, -9.16 	-0.42, 18.65, -7.42 	0.00, 20.00 	13,21,28,201		4.74,26.25	1000,1 	0
2259    	26.64, -5.98, -9.15 	-0.29, 18.87, -7.31 	0.00, 20.00 	13,21,28,210		5.46,31.92	1000,1 	0
2268    	26.63, -5.94, -9.15 	-0.20, 19.05, -7.19 	0.00, 20.00 	13,21,28,220		4.85,22.71	1000,1 	0
2277    	26.62, -5.90, -9.14 	-0.16, 19.17, -7.05 	0.00, 20.00 	13,21,28,230		3.71,13.69	1000,1 	0
2285    	26.61, -5.85, -9.12 	-0.12, 19.29, -6.97 	0.00, 20.00 	13,21,28,239		6.77,15.40	1000,1 	0
2294    	26.61, -5.81, -9.11 	-0.10, 19.40, -6.96 	0.00, 20.00 	13,21,28,249		4.74,12.26	1000,1 	0
2303    	26.58, -5.80, -9.09 	-0.11, 19.56, -7.01 	0.00, 20.00 	13,21,28,259		4.44,17.87	1000,1 	0
2311    	26.54, -5.78, -9.08 	-0.10, 19.76, -7.04 	0.00, 20.00 	13,21,28,268		5.50,25.40	1000,1 	0
2320    	26.47, -5.77, -9.07 	-0.09, 20.01, -7.05 	0.00, 20.00 	13,21,28,278		7.58,27.33	1000,1 	0
2329    	26.44, -5.74, -9.07 	-0.03, 20.23, -7.05 	0.00, 20.00 	13,21,28,288		3.99,25.94	1000,1 	0
2338    	26.42, -5.70, -9.07 	0.02, 20.44, -7.04 	0.00, 20.00 	13,21,28,298		5.20,24.27	1000,1 	0
2346    	26.43, -5.60, -9.06 	0.04, 20.60, -7.03 	0.00, 20.00 	13,21,28,307		13.37,20.15	1000,1 	0
2355    	26.42, -5.54, -9.07 	0.06, 20.69, -7.00 	0.00, 20.00 	13,21,28,317		6.01,9.71	1000,1 	0
2364    	26.39, -5.49, -9.05 	0.06, 20.72, -6.99 	0.00, 20.00 	13,21,28,327		6.73,3.56	1000,1 	0
2372    	26.38, -5.51, -9.05 	0.05, 20.73, -6.97 	0.00, 20.00 	13,21,28,336		2.92,1.81	1000,1 	0
2380    	26.36, -5.52, -9.04 	0.07, 20.72, -6.96 	0.00, 20.00 	13,21,28,345		3.85,2.77	1000,1 	0
2390    	26.33, -5.54, -9.03 	0.07, 20.73, -6.96 	0.00, 20.00 	13,21,28,356		3.59,1.07	1000,1 	0
2398    	26.33, -5.51, -9.03 	0.08, 20.72, -6.96 	0.00, 20.00 	13,21,28,365		4.00,1.81	1000,1 	0
2407    	26.29, -5.50, -9.03 	0.08, 20.73, -6.96 	0.00, 20.00 	13,21,28,375		4.44,1.19	1000,1 	0
2416    	26.27, -5.49, -9.03 	0.09, 20.72, -6.97 	0.00, 20.00 	13,21,28,385		2.45,1.61	1000,1 	0
2424    	26.29, -5.50, -9.03 	0.09, 20.72, -6.97 	0.00, 20.00 	13,21,28,394		2.75,0.00	1000,1 	0
2433    	26.29, -5.49, -9.03 	0.09, 20.71, -6.97 	0.00, 20.00 	13,21,28,404		1.18,1.19	1000,1 	0
2442    	26.28, -5.46, -9.03 	0.09, 20.70, -6.97 	0.00, 20.00 	13,21,28,414		3.71,1.19	1000,1 	0
2450    	26.29, -5.46, -9.04 	0.09, 20.71, -6.97 	0.00, 20.00 	13,21,28,423		1.20,1.34	1000,1 	0
2459    	26.30, -5.46, -9.04 	0.08, 20.68, -6.96 	0.00, 20.00 	13,21,28,433		1.07,3.71	1000,1 	0
2468    	26.30, -5.46, -9.04 	0.04, 20.64, -6.95 	0.00, 20.00 	13,21,28,443		0.00,6.35	1000,1 	0
2476    	26.28, -5.46, -9.03 	-0.01, 20.58, -6.95 	0.00, 20.00 	13,21,28,452		2.41,8.92	1000,1 	0
2485    	26.29, -5.48, -9.02 	-0.05, 20.52, -6.94 	0.00, 20.00 	13,21,28,462		2.60,8.26	1000,1 	0
2494    	26.27, -5.49, -9.02 	-0.08, 20.50, -6.94 	0.00, 20.00 	13,21,28,472		2.45,3.96	1000,1 	0
2502    	26.25, -5.49, -9.02 	-0.09, 20.48, -6.93 	0.00, 20.00 	13,21,28,481		2.41,3.57	1000,1 	0
2511    	26.25, -5.48, -9.04 	-0.11, 20.44, -6.94 	0.00, 20.00 	13,21,28,491		1.18,4.13	1000,1 	0
2520    	26.24, -5.49, -9.04 	-0.15, 20.41, -6.94 	0.00, 20.00 	13,21,28,501		1.60,5.53	1000,1 	0
2529    	26.23, -5.49, -9.04 	-0.21, 20.35, -6.94 	0.00, 20.00 	13,21,28,511		1.07,9.52	1000,1 	0
2537    	26.24, -5.48, -9.04 	-0.27, 20.28, -6.94 	0.00, 20.00 	13,21,28,520		1.80,10.71	1000,1 	0
2546    	26.25, -5.50, -9.03 	-0.38, 20.18, -6.94 	0.00, 20.00 	13,21,28,530		2.60,17.35	1000,1 	0
2555    	26.25, -5.50, -9.03 	-0.50, 20.08, -6.94 	0.00, 20.00 	13,21,28,540		0.00,16.58	1000,1 	0
2563    	26.25, -5.51, -9.02 	-0.56, 20.02, -6.94 	0.00, 20.00 	13,21,28,549		1.33,11.54	1000,1 	0
2571    	26.23, -5.51, -9.02 	-0.61, 19.99, -6.94 	0.00, 20.00 	13,21,28,558		2.41,7.18	1000,1 	0
2581    	26.22, -5.53, -9.01 	-0.67, 19.97, -6.95 	0.00, 20.00 	13,21,28,569		2.34,6.13	1000,1 	0
2589    	26.22, -5.55, -9.01 	-0.73, 19.93, -6.95 	0.00, 20.00 	13,21,28,578		2.66,8.92	1000,1 	0
2598    	26.19, -5.55, -9.02 	-0.74, 19.89, -6.95 	0.00, 20.00 	13,21,28,588		3.21,4.13	1000,1 	0
2607    	26.19, -5.54, -9.03 	-0.75, 19.87, -6.95 	0.00, 20.00 	13,21,28,598		1.18,2.59	1000,1 	0
2615    	26.18, -5.54, -9.02 	-0.75, 19.85, -6.95 	0.00, 20.00 	13,21,28,607		1.20,2.67	1000,1 	0
2624    	26.19, -5.55, -9.03 	-0.77, 19.84, -6.95 	0.00, 20.00 	13,21,28,617		1.60,2.43	1000,1 	0
2633    	26.19, -5.55, -9.03 	-0.78, 19.81, -6.95 	0.00, 20.00 	13,21,28,627		0.00,3.71	1000,1 	0
2641    	26.18, -5.55, -9.02 	-0.79, 19.80, -6.94 	0.00, 20.00 	13,21,28,636		1.20,1.78	1000,1 	0
2650    	26.19, -5.57, -9.02 	-0.80, 19.80, -6.94 	0.00, 20.00 	13,21,28,646		2.60,1.07	1000,1 	0
2659    	26.18, -5.59, -9.02 	-0.80, 19.80, -6.94 	0.00, 20.00 	13,21,28,656		1.60,0.00	1000,1 	0
2667    	26.18, -5.61, -9.00 	-0.82, 19.80, -6.94 	0.00, 20.00 	13,21,28,665		2.66,2.41	1000,1 	0
2676    	26.17, -5.63, -9.01 	-0.82, 19.80, -6.95 	0.00, 20.00 	13,21,28,675		2.60,0.00	1000,1 	0
2685    	26.15, -5.63, -9.00 	-0.83, 19.81, -6.95 	0.00, 20.00 	13,21,28,685		2.14,1.61	1000,1 	0
2693    	26.17, -5.65, -9.00 	-0.83, 19.81, -6.95 	0.00, 20.00 	13,21,28,694		3.59,0.00	1000,1 	0
2702    	26.18, -5.67, -9.00 	-0.84, 19.80, -6.95 	0.00, 20.00 	13,21,28,704		2.60,1.59	1000,1 	0
2711    	26.17, -5.66, -9.01 	-0.83, 19.80, -6.94 	0.00, 20.00 	13,21,28,714		1.60,1.07	1000,1 	0
2720    	26.18, -5.67, -9.00 	-0.83, 19.81, -6.95 	0.00, 20.00 	13,21,28,724		1.60,1.19	1000,1 	0
2728    	26.19, -5.67, -9.00 	-0.82, 19.82, -6.95 	0.00, 20.00 	13,21,28,733		1.20,1.78	1000,1 	0
2737    	26.19, -5.68, -9.00 	-0.82, 19.82, -6.95 	0.00, 20.00 	13,21,28,743		1.18,0.00	1000,1 	0
2746    	26.20, -5.68, -9.00 	-0.82, 19.80, -6.94 	0.00, 20.00 	13,21,28,753		1.07,2.38	1000,1 	0
2754    	26.20, -5.70, -9.00 	-0.84, 19.79, -6.94 	0.00, -0.00 	13,21,28,771		2.66,2.73	1000,1 	0
2764    	26.18, -5.71, -9.00 	-0.83, 19.79, -6.94 	0.00, -0.00 	13,21,28,782		1.84,0.80	1000,1 	0
2772    	26.17, -5.71, -9.00 	-0.81, 19.80, -6.95 	0.00, -0.00 	13,21,28,791		0.96,2.19	1000,1 	0
2781    	26.18, -5.71, -9.00 	-0.81, 19.82, -6.95 	0.00, -0.00 	13,21,28,801		0.88,1.94	1000,1 	0
2790    	26.19, -5.71, -9.00 	-0.80, 19.83, -6.95 	0.00, -0.00 	13,21,28,811		0.88,1.30	1000,1 	0
2798    	26.18, -5.72, -9.00 	-0.79, 19.82, -6.96 	0.00, -0.00 	13,21,28,820		1.44,1.45	1000,1 	0
2807    	26.20, -5.71, -9.00 	-0.78, 19.83, -6.96 	0.00, -0.00 	13,21,28,830		2.00,1.30	1000,1 	0
2816    	26.21, -5.72, -9.00 	-0.78, 19.83, -6.96 	0.00, -0.00 	13,21,28,840		1.31,0.00	1000,1 	0
2824    	26.22, -5.73, -8.99 	-0.77, 19.84, -6.96 	0.00, -0.00 	13,21,28,849		1.44,1.43	1000,1 	0
2833    	26.21, -5.73, -8.99 	-0.78, 19.84, -6.95 	0.00, -0.00 	13,21,28,859		0.88,0.87	1000,1 	0
2842    	26.21, -5.74, -8.98 	-0.76, 19.84, -6.95 	0.00, -0.00 	13,21,28,869		0.97,1.75	1000,1 	0
2850    	26.22, -5.74, -8.98 	-0.77, 19.83, -6.95 	0.00, -0.00 	13,21,28,878		0.96,1.43	1000,1 	0
2859    	26.20, -5.77, -8.99 	-0.78, 19.84, -6.95 	0.00, -0.00 	13,21,28,888		2.61,1.32	1000,1 	0
2868    	26.20, -5.78, -8.98 	-0.77, 19.86, -6.95 	0.00, -0.00 	13,21,28,898		0.97,2.12	1000,1 	0
2876    	26.22, -5.78, -8.98 	-0.76, 19.87, -6.96 	0.00, -0.00 	13,21,28,907		1.93,1.43	1000,1 	0
2885    	26.20, -5.76, -8.98 	-0.75, 19.88, -6.96 	0.00, -0.00 	13,21,28,917		2.61,1.30	1000,1 	0
2894    	26.20, -5.77, -8.98 	-0.75, 19.89, -6.96 	0.00, -0.00 	13,21,28,927		0.97,0.97	1000,1 	0
2903    	26.22, -5.76, -8.98 	-0.74, 19.90, -6.96 	0.00, -0.00 	13,21,28,937		2.20,2.19	1000,1 	0
2911    	26.22, -5.78, -8.99 	-0.73, 19.91, -6.96 	0.00, -0.00 	13,21,28,946		2.13,1.43	1000,1 	0
2920    	26.23, -5.76, -8.99 	-0.72, 19.91, -6.96 	0.00, -0.00 	13,21,28,956		2.13,0.87	1000,1 	0
2929    	26.25, -5.77, -8.98 	-0.71, 19.93, -6.95 	0.00, -0.00 	13,21,28,966		2.20,1.43	1000,1 	0
2937    	26.23, -5.77, -8.98 	-0.71, 19.94, -6.95 	0.00, -0.00 	13,21,28,975		1.93,1.07	1000,1 	0
2945    	26.24, -5.77, -8.98 	-0.69, 19.96, -6.96 	0.00, -0.00 	13,21,28,984		0.88,2.60	1000,1 	0
2955    	26.23, -5.79, -8.98 	-0.67, 19.97, -6.96 	0.00, -0.00 	13,21,28,995		2.13,1.99	1000,1 	0
2963    	26.23, -5.78, -8.98 	-0.65, 19.97, -6.96 	0.00, -0.00 	13,21,29,4		1.07,1.92	1000,1 	0
2972    	26.24, -5.78, -9.00 	-0.65, 19.98, -6.96 	0.00, -0.00 	13,21,29,14		0.88,0.97	1000,1 	0
2981    	26.24, -5.77, -8.99 	-0.64, 19.99, -6.96 	0.00, -0.00 	13,21,29,24		1.07,1.43	1000,1 	0
2989    	26.25, -5.78, -9.00 	-0.63, 20.00, -6.96 	0.00, -0.00 	13,21,29,33		1.44,1.43	1000,1 	0
2998    	26.28, -5.79, -8.99 	-0.62, 20.00, -6.96 	0.00, -0.00 	13,21,29,43		2.80,0.87	1000,1 	0
3007    	26.26, -5.80, -8.99 	-0.62, 20.02, -6.96 	0.00, -0.00 	13,21,29,53		2.20,2.14	1000,1 	0
3015    	26.28, -5.80, -8.98 	-0.62, 20.02, -6.96 	0.00, -0.00 	13,21,29,62		1.93,0.00	1000,1 	0
3024    	26.28, -5.82, -8.98 	-0.61, 20.03, -6.96 	0.00, -0.00 	13,21,29,72		1.94,1.30	1000,1 	0
3033    	26.28, -5.82, -8.99 	-0.62, 20.03, -6.96 	0.00, -0.00 	13,21,29,82		0.00,0.96	1000,1 	0
3041    	26.30, -5.82, -8.99 	-0.60, 20.03, -6.96 	0.00, -0.00 	13,21,29,91		1.93,1.92	1000,1 	0
3050    	26.28, -5.81, -8.99 	-0.61, 20.04, -6.96 	0.00, -0.00 	13,21,29,101		2.00,1.32	1000,1 	0
3059    	26.28, -5.84, -8.99 	-0.60, 20.04, -6.96 	0.00, -0.00 	13,21,29,111		3.20,0.96	1000,1 	0
3067    	26.29, -5.82, -8.99 	-0.60, 20.04, -6.96 	0.00, -0.00 	13,21,29,120		2.34,0.00	1000,1 	0
3076    	26.31, -5.83, -8.98 	-0.60, 20.04, -6.96 	0.00, -0.00 	13,21,29,130		2.00,0.00	1000,1 	0
3085    	26.30, -5.84, -8.97 	-0.60, 20.05, -6.96 	0.00, -0.00 	13,21,29,140		1.31,0.97	1000,1 	0
3094    	26.30, -5.84, -8.98 	-0.60, 20.05, -6.96 	0.00, -0.00 	13,21,29,150		0.00,0.00	1000,1 	0
3102    	26.33, -5.84, -8.97 	-0.59, 20.05, -6.96 	0.00, -0.00 	13,21,29,159		2.89,0.96	1000,1 	0
3111    	26.32, -5.86, -8.96 	-0.60, 20.05, -6.96 	0.00, -0.00 	13,21,29,169		2.13,0.87	1000,1 	0
3120    	26.31, -5.86, -8.96 	-0.59, 20.05, -6.96 	0.00, -0.00 	13,21,29,179		0.96,0.96	1000,1 	0
3128    	26.31, -5.87, -8.96 	-0.60, 20.05, -6.96 	0.00, -0.00 	13,21,29,188		1.07,0.96	1000,1 	0
3136    	26.31, -5.85, -8.97 	-0.59, 20.06, -6.96 	0.00, -0.00 	13,21,29,197		1.94,1.30	1000,1 	0
3146    	26.31, -5.85, -8.97 	-0.60, 20.06, -6.95 	0.00, -0.00 	13,21,29,208		0.00,0.87	1000,1 	0
3154    	26.31, -5.85, -8.98 	-0.59, 20.06, -6.96 	0.00, -0.00 	13,21,29,217		0.00,0.96	1000,1 	0
3163    	26.30, -5.84, -8.98 	-0.59, 20.07, -6.95 	0.00, -0.00 	13,21,29,227		1.31,0.97	1000,1 	0
3172    	26.30, -5.85, -8.97 	-0.60, 20.08, -6.95 	0.00, -0.00 	13,21,29,237		1.07,1.45	1000,1 	0
3180    	26.30, -5.86, -8.97 	-0.60, 20.08, -6.95 	0.00, -0.00 	13,21,29,246		1.07,0.00	1000,1 	0
3189    	26.34, -5.85, -8.97 	-0.60, 20.10, -6.95 	0.00, -0.00 	13,21,29,256		3.64,0.97	1000,1 	0
3198    	26.34, -5.87, -8.97 	-0.59, 20.11, -6.95 	0.00, -0.00 	13,21,29,266		2.13,1.43	1000,1 	0
3206    	26.32, -5.88, -8.97 	-0.60, 20.11, -6.96 	0.00, -0.00 	13,21,29,275		2.20,0.96	1000,1 	0
3215    	26.31, -5.87, -8.97 	-0.61, 20.12, -6.96 	0.00, -0.00 	13,21,29,285		1.31,1.32	1000,1 	0
3224    	26.32, -5.89, -8.97 	-0.61, 20.12, -6.96 	0.00, -0.00 	13,21,29,295		2.34,0.00	1000,1 	0
3232    	26.31, -5.89, -8.96 	-0.60, 20.12, -6.96 	0.00, -0.00 	13,21,29,304		0.96,0.96	1000,1 	0
3241    	26.31, -5.90, -8.96 	-0.61, 20.11, -6.96 	0.00, -0.00 	13,21,29,314		0.97,1.30	1000,1 	0
3250    	26.33, -5.92, -8.96 	-0.61, 20.12, -6.96 	0.00, -0.00 	13,21,29,324		2.20,1.07	1000,1 	0
3258    	26.32, -5.92, -8.96 	-0.60, 20.13, -6.96 	0.00, -0.00 	13,21,29,333		0.96,1.43	1000,1 	0
3267    	26.32, -5.93, -8.95 	-0.61, 20.13, -6.96 	0.00, -0.00 	13,21,29,343		0.97,0.87	1000,1 	0
3276    	26.29, -5.96, -8.96 	-0.62, 20.13, -6.95 	0.00, -0.00 	13,21,29,353		3.92,0.87	1000,1 	0
3285    	26.31, -5.97, -8.95 	-0.61, 20.13, -6.95 	0.00, -0.00 	13,21,29,363		2.20,0.96	1000,1 	0
3293    	26.30, -5.99, -8.95 	-0.61, 20.12, -6.95 	0.00, -0.00 	13,21,29,372		2.34,1.07	1000,1 	0
3302    	26.29, -5.98, -8.96 	-0.62, 20.13, -6.95 	0.00, -0.00 	13,21,29,382		1.31,1.32	1000,1 	0
3311    	26.30, -5.98, -8.96 	-0.63, 20.13, -6.95 	0.00, -0.00 	13,21,29,392		0.96,0.96	1000,1 	0
3319    	26.30, -5.99, -8.95 	-0.62, 20.13, -6.95 	0.00, -0.00 	13,21,29,401		1.07,0.96	1000,1 	0
3327    	26.31, -5.98, -8.95 	-0.62, 20.14, -6.95 	0.00, -0.00 	13,21,29,410		1.31,0.97	1000,1 	0
3337    	26.30, -5.98, -8.96 	-0.62, 20.14, -6.96 	0.00, -0.00 	13,21,29,421		0.88,0.00	1000,1 	0
3345    	26.30, -5.97, -8.96 	-0.62, 20.15, -6.96 	0.00, -0.00 	13,21,29,430		1.07,1.07	1000,1 	0
3354    	26.33, -5.96, -8.96 	-0.61, 20.16, -6.96 	0.00, -0.00 	13,21,29,440		2.80,1.30	1000,1 	0
3363    	26.33, -5.95, -8.96 	-0.61, 20.16, -6.96 	0.00, -0.00 	13,21,29,450		1.07,0.00	1000,1 	0
3371    	26.33, -5.96, -8.96 	-0.62, 20.16, -6.96 	0.00, -0.00 	13,21,29,459		1.07,0.96	1000,1 	0
3380    	26.32, -5.97, -8.95 	-0.61, 20.16, -6.96 	0.00, -0.00 	13,21,29,469		1.31,0.87	1000,1 	0
3389    	26.33, -5.99, -8.95 	-0.61, 20.16, -6.96 	0.00, -0.00 	13,21,29,479		2.34,0.00	1000,1 	0
3397    	26.33, -6.01, -8.94 	-0.61, 20.16, -6.96 	0.00, -0.00 	13,21,29,488		2.13,0.00	1000,1 	0
3406    	26.31, -5.99, -8.96 	-0.61, 20.16, -6.96 	0.00, -0.00 	13,21,29,498		2.61,0.00	1000,1 	0
3415    	26.31, -5.99, -8.96 	-0.62, 20.16, -6.96 	0.00, -0.00 	13,21,29,508		0.00,0.96	1000,1 	0
3423    	26.32, -5.99, -8.96 	-0.61, 20.16, -6.96 	0.00, -0.00 	13,21,29,517		0.96,0.96	1000,1 	0
3432    	26.34, -5.96, -8.97 	-0.62, 20.16, -6.96 	0.00, -0.00 	13,21,29,527		3.92,0.87	1000,1 	0
3441    	26.34, -5.96, -8.96 	-0.62, 20.16, -6.96 	0.00, -0.00 	13,21,29,537		0.00,0.00	1000,1 	0
3449    	26.34, -5.97, -8.96 	-0.63, 20.16, -6.96 	0.00, -0.00 	13,21,29,546		1.44,0.96	1000,1 	0
3458    	26.34, -5.99, -8.95 	-0.63, 20.17, -6.95 	0.00, -0.00 	13,21,29,556		1.94,0.97	1000,1 	0
3467    	26.33, -5.99, -8.95 	-0.62, 20.17, -6.95 	0.00, -0.00 	13,21,29,566		0.88,0.87	1000,1 	0
3476    	26.33, -5.99, -8.94 	-0.62, 20.17, -6.95 	0.00, -0.00 	13,21,29,576		0.00,0.00	1000,1 	0
3484    	26.33, -6.00, -8.94 	-0.62, 20.17, -6.95 	0.00, -0.00 	13,21,29,585		1.07,0.00	1000,1 	0
3493    	26.31, -5.99, -8.96 	-0.61, 20.17, -6.96 	0.00, -0.00 	13,21,29,595		2.00,0.87	1000,1 	0
3502    	26.32, -6.01, -8.95 	-0.61, 20.17, -6.96 	0.00, -0.00 	13,21,29,605		2.34,0.00	1000,1 	0
3510    	26.32, -6.00, -8.96 	-0.60, 20.18, -6.96 	0.00, -0.00 	13,21,29,614		1.07,1.43	1000,1 	0
3518    	26.34, -6.02, -8.96 	-0.60, 20.18, -6.96 	0.00, -0.00 	13,21,29,623		2.61,0.00	1000,1 	0
3528    	26.34, -6.01, -8.95 	-0.60, 20.17, -6.96 	0.00, -0.00 	13,21,29,634		0.97,0.97	1000,1 	0
3536    	26.33, -6.03, -8.96 	-0.59, 20.18, -6.96 	0.00, -0.00 	13,21,29,643		2.34,1.43	1000,1 	0
3545    	26.33, -6.03, -8.96 	-0.59, 20.18, -6.96 	0.00, -0.00 	13,21,29,653		0.00,0.00	1000,1 	0
3554    	26.34, -6.02, -8.95 	-0.61, 20.17, -6.95 	0.00, -0.00 	13,21,29,663		1.44,2.19	1000,1 	0
3562    	26.34, -6.01, -8.95 	-0.61, 20.17, -6.95 	0.00, -0.00 	13,21,29,672		1.07,0.00	1000,1 	0
3571    	26.32, -6.04, -8.95 	-0.62, 20.16, -6.95 	0.00, -0.00 	13,21,29,682		3.39,1.30	1000,1 	0
3580    	26.31, -6.01, -8.96 	-0.63, 20.16, -6.95 	0.00, -0.00 	13,21,29,692		3.34,0.96	1000,1 	0
3588    	26.31, -6.03, -8.96 	-0.63, 20.17, -6.95 	0.00, -0.00 	13,21,29,701		2.13,1.07	1000,1 	0
3597    	26.29, -6.04, -8.96 	-0.62, 20.16, -6.95 	0.00, -0.00 	13,21,29,711		2.00,1.32	1000,1 	0
3606    	26.30, -6.05, -8.96 	-0.61, 20.16, -6.95 	0.00, -0.00 	13,21,29,721		1.44,0.96	1000,1 	0
3614    	26.29, -6.05, -8.96 	-0.60, 20.17, -6.95 	0.00, -0.00 	13,21,29,730		0.96,1.43	1000,1 	0
3623    	26.31, -6.04, -8.96 	-0.61, 20.16, -6.95 	0.00, -0.00 	13,21,29,740		2.00,1.30	1000,1 	0
3632    	26.32, -6.08, -8.96 	-0.61, 20.16, -6.95 	0.00, -0.00 	13,21,29,750		3.03,0.00	1000,1 	0
3640    	26.31, -6.09, -8.96 	-0.61, 20.16, -6.95 	0.00, -0.00 	13,21,29,759		1.44,0.00	1000,1 	0
3649    	26.33, -6.08, -8.97 	-0.61, 20.17, -6.96 	0.00, -0.00 	13,21,29,769		2.00,0.97	1000,1 	0
3658    	26.32, -6.09, -8.97 	-0.61, 20.17, -6.95 	0.00, -0.00 	13,21,29,779		1.31,0.00	1000,1 	0
3667    	26.30, -6.10, -8.97 	-0.64, 20.16, -6.95 	0.00, -0.00 	13,21,29,789		2.20,3.06	1000,1 	0
3675    	26.30, -6.11, -8.97 	-0.64, 20.16, -6.95 	0.00, -0.00 	13,21,29,798		1.07,0.00	1000,1 	0
3684    	26.30, -6.12, -8.96 	-0.63, 20.17, -6.96 	0.00, -0.00 	13,21,29,808		0.97,1.30	1000,1 	0
3693    	26.31, -6.16, -8.96 	-0.61, 20.16, -6.97 	0.00, -0.00 	13,21,29,818		4.37,2.22	1000,1 	0
3701    	26.33, -6.16, -8.97 	-0.60, 20.15, -6.96 	0.00, -0.00 	13,21,29,827		1.93,1.45	1000,1 	0
3710    	26.32, -6.19, -8.98 	-0.59, 20.12, -6.95 	0.00, -0.00 	13,21,29,837		3.04,3.06	1000,1 	0
3719    	26.32, -6.19, -8.99 	-0.57, 20.07, -6.94 	0.00, -0.00 	13,21,29,847		0.00,4.72	1000,1 	0
3727    	26.35, -6.24, -8.97 	-0.55, 20.00, -6.93 	0.00, -0.00 	13,21,29,856		5.74,7.76	1000,1 	0
3736    	26.35, -6.28, -8.96 	-0.56, 19.93, -6.91 	0.00, -0.00 	13,21,29,866		3.87,5.88	1000,1 	0
3745    	26.35, -6.32, -8.96 	-0.55, 19.85, -6.90 	0.00, -0.00 	13,21,29,876		4.26,8.62	1000,1 	0
3753    	26.37, -6.37, -8.96 	-0.56, 19.75, -6.89 	0.00, -0.00 	13,21,29,885		5.66,9.66	1000,1 	0
3762    	26.41, -6.42, -8.96 	-0.55, 19.65, -6.89 	0.00, -0.00 	13,21,29,895		5.22,9.77	1000,1 	0
3771    	26.41, -6.46, -8.95 	-0.50, 19.49, -6.87 	0.00, -0.00 	13,21,29,905		4.26,16.81	1000,1 	0
3779    	26.45, -6.49, -8.95 	-0.47, 19.26, -6.85 	0.00, -0.00 	13,21,29,914		5.00,22.68	1000,1 	0
3788    	26.47, -6.52, -8.96 	-0.41, 19.00, -6.83 	0.00, -0.00 	13,21,29,924		3.39,23.99	1000,1 	0
3797    	26.53, -6.53, -8.99 	-0.37, 18.82, -6.83 	0.00, -0.00 	13,21,29,934		5.34,16.94	1000,1 	0
3805    	26.60, -6.58, -8.98 	-0.34, 18.66, -6.83 	0.00, -0.00 	13,21,29,943		8.80,16.34	1000,1 	0
3814    	26.68, -6.65, -8.96 	-0.34, 18.48, -6.82 	0.00, -0.00 	13,21,29,953		9.75,16.52	1000,1 	0
3823    	26.72, -6.79, -8.93 	-0.31, 18.30, -6.82 	0.00, -0.00 	13,21,29,963		13.07,16.77	1000,1 	0
3831    	26.82, -6.91, -8.93 	-0.26, 18.11, -6.82 	0.00, -0.00 	13,21,29,972		15.17,18.87	1000,1 	0
3840    	26.87, -7.02, -8.92 	-0.20, 17.91, -6.82 	0.00, -0.00 	13,21,29,982		11.88,19.28	1000,1 	0
3849    	26.98, -7.07, -8.92 	-0.15, 17.70, -6.79 	0.00, -0.00 	13,21,29,992		10.38,19.99	1000,1 	0
3858    	26.99, -7.14, -8.92 	-0.14, 17.46, -6.78 	0.00, -0.00 	13,21,30,2		7.52,23.56	1000,1 	0
3866    	27.04, -7.14, -8.93 	-0.07, 17.24, -6.78 	0.00, -0.00 	13,21,30,11		4.82,23.54	1000,1 	0
3875    	27.10, -7.13, -8.95 	-0.00, 17.00, -6.77 	0.00, -0.00 	13,21,30,21		6.21,22.33	1000,1 	0
3884    	27.20, -7.11, -8.94 	0.05, 16.73, -6.75 	0.00, -0.00 	13,21,30,31		9.87,27.23	1000,1 	0
3892    	27.28, -7.13, -8.95 	0.08, 16.47, -6.72 	0.00, -0.00 	13,21,30,40		7.99,26.93	1000,1 	0
3900    	27.36, -7.17, -8.95 	0.13, 16.16, -6.71 	0.00, -0.00 	13,21,30,49		8.78,28.59	1000,1 	0
3910    	27.42, -7.24, -8.93 	0.18, 15.86, -6.71 	0.00, -0.00 	13,21,30,60		7.83,27.63	1000,1 	0
3918    	27.48, -7.32, -8.93 	0.22, 15.53, -6.72 	0.00, -0.00 	13,21,30,69		10.30,32.36	1000,1 	0
3927    	27.47, -7.45, -8.91 	0.22, 15.20, -6.74 	0.00, -0.00 	13,21,30,79		11.66,30.13	1000,1 	0
3936    	27.50, -7.57, -8.89 	0.21, 14.85, -6.76 	0.00, -0.00 	13,21,30,89		12.07,35.28	1000,1 	0
3944    	27.51, -7.61, -8.89 	0.20, 14.54, -6.80 	0.00, -0.00 	13,21,30,98		4.37,31.04	1000,1 	0
3953    	27.56, -7.63, -8.90 	0.18, 14.27, -6.87 	0.00, -0.00 	13,21,30,108		4.79,24.34	0,0 	0
3962    	27.59, -7.66, -8.90 	0.15, 14.01, -6.93 	0.00, -0.00 	13,21,30,118		4.31,26.84	0,0 	0
3970    	27.60, -7.64, -8.92 	0.08, 13.75, -7.01 	0.00, -0.00 	13,21,30,127		2.87,26.68	0,0 	0
3979    	27.60, -7.66, -8.93 	0.07, 13.51, -7.08 	0.00, -0.00 	13,21,30,137		1.94,21.39	0,0 	0
3988    	27.65, -7.66, -8.92 	0.05, 13.24, -7.13 	0.00, -0.00 	13,21,30,147		4.38,25.31	0,0 	0
3996    	27.69, -7.68, -8.92 	-0.02, 12.91, -7.15 	0.00, -0.00 	13,21,30,156		4.40,33.91	0,0 	0
4005    	27.71, -7.73, -8.91 	-0.13, 12.62, -7.19 	0.00, -0.00 	13,21,30,166		4.25,27.81	0,0 	0
4014    	27.72, -7.77, -8.89 	-0.21, 12.37, -7.25 	0.00, -0.00 	13,21,30,176		3.97,23.59	0,0 	0
4022    	27.72, -7.81, -8.87 	-0.30, 12.13, -7.32 	0.00, -0.00 	13,21,30,185		4.26,25.95	0,0 	0
4031    	27.76, -7.83, -8.85 	-0.37, 11.85, -7.35 	0.00, -0.00 	13,21,30,195		4.00,26.12	0,0 	0
4040    	27.77, -7.88, -8.87 	-0.40, 11.59, -7.38 	0.00, -0.00 	13,21,30,205		3.64,21.48	0,0 	0
4049    	27.80, -7.92, -8.85 	-0.47, 11.35, -7.44 	0.00, -0.00 	13,21,30,215		5.15,25.66	0,0 	0
4057    	27.84, -7.93, -8.87 	-0.55, 11.11, -7.49 	0.00, -0.00 	13,21,30,224		4.00,24.64	0,0 	0
4066    	27.85, -8.02, -8.87 	-0.60, 10.86, -7.53 	0.00, -0.00 	13,21,30,234		7.94,23.67	0,0 	0
4075    	27.88, -8.02, -8.89 	-0.56, 10.62, -7.56 	0.00, -0.00 	13,21,30,244		2.89,23.74	0,0 	0
4083    	27.93, -8.07, -8.88 	-0.59, 10.39, -7.59 	0.00, -0.00 	13,21,30,253		7.18,23.65	0,0 	0
4091    	27.92, -8.11, -8.88 	-0.63, 10.12, -7.62 	0.00, -0.00 	13,21,30,262		3.97,24.50	0,0 	0
4101    	27.97, -8.15, -8.87 	-0.67, 9.84, -7.63 	0.00, -0.00 	13,21,30,273		5.84,25.58	0,0 	0
4110    	28.01, -8.23, -8.87 	-0.75, 9.57, -7.62 	0.00, -0.00 	13,21,30,282		8.39,28.73	0,0 	0
4119    	28.09, -8.25, -8.87 	-0.83, 9.32, -7.60 	0.00, -0.00 	13,21,30,292		7.99,25.95	0,0 	0
4128    	28.10, -8.25, -8.88 	-0.91, 9.08, -7.61 	0.00, -0.00 	13,21,30,302		1.07,28.51	0,0 	0
4136    	28.10, -8.27, -8.89 	-0.91, 8.86, -7.66 	0.00, -0.00 	13,21,30,311		2.37,23.76	0,0 	0
4145    	28.12, -8.32, -8.90 	-0.87, 8.67, -7.69 	0.00, -0.00 	13,21,30,321		6.06,19.68	0,0 	0
4154    	28.16, -8.32, -8.89 	-0.82, 8.49, -7.71 	0.00, -0.00 	13,21,30,331		4.28,20.97	0,0 	0
4162    	28.20, -8.38, -8.90 	-0.84, 8.27, -7.70 	0.00, -0.00 	13,21,30,340		7.30,23.82	0,0 	0
4171    	28.25, -8.43, -8.86 	-0.82, 8.07, -7.73 	0.00, -0.00 	13,21,30,350		7.18,20.43	0,0 	0
4180    	28.28, -8.46, -8.88 	-0.82, 7.88, -7.75 	0.00, -0.00 	13,21,30,360		4.31,19.24	0,0 	0
4188    	28.35, -8.47, -8.86 	-0.78, 7.65, -7.77 	0.00, -0.00 	13,21,30,369		11.38,38.06	0,0 	0
4197    	28.35, -8.53, -8.85 	-0.82, 7.43, -7.74 	0.00, -0.00 	13,21,30,379		8.88,38.15	0,0 	0
4206    	28.32, -8.58, -8.85 	-0.87, 7.19, -7.71 	0.00, -0.00 	13,21,30,389		10.10,39.90	0,0 	0
4215    	28.33, -8.60, -8.85 	-0.92, 6.93, -7.67 	0.00, -0.00 	13,21,30,399		3.90,45.43	0,0 	0
4223    	28.36, -8.61, -8.86 	-0.91, 6.73, -7.66 	0.00, -0.00 	13,21,30,408		7.99,38.57	0,0 	0
4232    	28.38, -8.65, -8.85 	-0.84, 6.58, -7.67 	0.00, -0.00 	13,21,30,418		7.79,27.51	0,0 	0
4241    	28.41, -8.64, -8.85 	-0.78, 6.42, -7.69 	0.00, -0.00 	13,21,30,428		5.13,29.15	0,0 	0
4249    	28.40, -8.68, -8.85 	-0.71, 6.22, -7.69 	0.00, -0.00 	13,21,30,437		6.68,43.00	0,0 	0
4258    	28.45, -8.65, -8.85 	-0.65, 6.07, -7.68 	0.00, -0.00 	13,21,30,447		8.78,26.88	0,0 	0
4267    	28.51, -8.69, -8.85 	-0.61, 5.86, -7.64 	0.00, -0.00 	13,21,30,457		11.01,36.31	0,0 	0
4275    	28.54, -8.71, -8.85 	-0.62, 5.68, -7.60 	0.00, -0.00 	13,21,30,466		7.18,34.24	0,0 	0
4284    	28.57, -8.71, -8.83 	-0.64, 5.47, -7.54 	0.00, -0.00 	13,21,30,476		4.82,35.73	0,0 	0
4293    	28.56, -8.75, -8.83 	-0.67, 5.30, -7.50 	0.00, -0.00 	13,21,30,486		7.28,29.13	0,0 	0
4301    	28.60, -8.76, -8.83 	-0.67, 5.16, -7.47 	0.00, -0.00 	13,21,30,495		7.99,27.80	0,0 	0
4310    	28.61, -8.77, -8.82 	-0.62, 4.99, -7.43 	0.00, -0.00 	13,21,30,505		3.67,29.73	0,0 	0
4319    	28.62, -8.78, -8.82 	-0.63, 4.84, -7.42 	0.00, -0.00 	13,21,30,515		2.39,24.97	0,0 	0
4327    	28.62, -8.78, -8.83 	-0.66, 4.71, -7.42 	0.00, -0.00 	13,21,30,524		0.00,26.22	0,0 	0
4336    	28.65, -8.78, -8.84 	-0.66, 4.60, -7.41 	0.00, -0.00 	13,21,30,534		4.82,17.82	0,0 	0
4345    	28.67, -8.78, -8.84 	-0.66, 4.47, -7.38 	0.00, -0.00 	13,21,30,544		3.21,23.17	0,0 	0
4353    	28.70, -8.81, -8.85 	-0.65, 4.33, -7.34 	0.00, -0.00 	13,21,30,553		8.62,27.89	0,0 	0
4362    	28.73, -8.80, -8.84 	-0.70, 4.17, -7.31 	0.00, -0.00 	13,21,30,563		5.14,28.27	0,0 	0
4371    	28.78, -8.84, -8.83 	-0.69, 4.03, -7.32 	0.00, -0.00 	13,21,30,573		9.63,23.24	0,0 	0
4379    	28.81, -8.87, -8.82 	-0.71, 3.87, -7.30 	0.00, -0.00 	13,21,30,582		7.18,26.87	0,0 	0
4388    	28.78, -8.91, -8.82 	-0.72, 3.73, -7.32 	0.00, -0.00 	13,21,30,592		8.59,23.20	0,0 	0
4397    	28.82, -8.99, -8.82 	-0.79, 3.58, -7.33 	0.00, -0.00 	13,21,30,602		13.99,27.20	0,0 	0
4405    	28.82, -8.99, -8.84 	-0.78, 3.43, -7.35 	0.00, -0.00 	13,21,30,611		0.00,24.95	0,0 	0
4414    	28.82, -8.99, -8.85 	-0.78, 3.34, -7.38 	0.00, -0.00 	13,21,30,621		0.00,14.26	0,0 	0
4423    	28.87, -8.97, -8.85 	-0.76, 3.18, -7.41 	0.00, -0.00 	13,21,30,631		12.33,40.45	0,0 	0
4432    	28.85, -8.97, -8.84 	-0.72, 3.03, -7.42 	0.00, -0.00 	13,21,30,641		4.82,38.78	0,0 	0
4440    	28.88, -8.95, -8.86 	-0.73, 2.88, -7.45 	0.00, -0.00 	13,21,30,650		14.68,49.95	0,0 	0
4448    	28.89, -8.99, -8.85 	-0.80, 2.69, -7.42 	0.00, -0.00 	13,21,30,659		8.34,50.73	0,0 	0
4458    	28.93, -8.97, -8.86 	-0.81, 2.52, -7.43 	0.00, -0.00 	13,21,30,670		8.00,34.24	0,0 	0
4466    	28.94, -8.99, -8.86 	-0.83, 2.34, -7.41 	0.00, -0.00 	13,21,30,679		4.79,61.20	0,0 	0
4475    	28.95, -9.01, -8.85 	-0.94, 2.17, -7.39 	0.00, -0.00 	13,21,30,689		5.84,49.95	0,0 	0
4484    	28.92, -9.06, -8.85 	-1.02, 2.03, -7.39 	0.00, -0.00 	13,21,30,699		15.16,40.66	0,0 	0
4492    	28.92, -9.06, -8.84 	-1.02, 1.96, -7.44 	0.00, -0.00 	13,21,30,708		0.00,24.95	0,0 	0
4501    	28.93, -9.08, -8.84 	-0.99, 1.87, -7.46 	0.00, -0.00 	13,21,30,718		5.84,22.67	0,0 	0
4510    	28.91, -9.07, -8.85 	-1.08, 1.76, -7.44 	0.00, -0.00 	13,21,30,728		5.50,34.14	0,0 	0
4518    	28.92, -9.07, -8.85 	-1.10, 1.65, -7.43 	0.00, -0.00 	13,21,30,737		3.21,39.63	0,0 	0
4527    	28.94, -9.06, -8.86 	-1.09, 1.51, -7.40 	0.00, -0.00 	13,21,30,747		5.51,34.87	0,0 	0
4536    	28.98, -9.06, -8.84 	-1.09, 1.39, -7.38 	0.00, -0.00 	13,21,30,757		9.63,29.40	0,0 	0
4544    	29.00, -9.06, -8.84 	-1.07, 1.32, -7.38 	0.00, -0.00 	13,21,30,766		6.42,25.85	0,0 	0
4553    	29.00, -9.08, -8.83 	-1.03, 1.23, -7.37 	0.00, -0.00 	13,21,30,776		5.33,23.58	0,0 	0
4562    	28.97, -9.11, -8.82 	-1.04, 1.17, -7.36 	0.00, -0.00 	13,21,30,786		10.78,16.18	0,0 	0
4570    	29.01, -9.11, -8.83 	-1.03, 1.12, -7.34 	0.00, -0.00 	13,21,30,795		12.85,14.66	0,0 	0
4579    	29.02, -9.13, -8.82 	-0.99, 1.03, -7.33 	0.00, -0.00 	13,21,30,805		5.84,26.05	0,0 	0
