#Time 	Sensor1         Sensor2         Target          Time            Vel             
#================================================================

15      	30.43, -10.37, -8.81 	0.04, 0.24, -6.72 	-10.26, 28.19 	13,20,13,253		0.00,0.00	0,0 	0
23      	30.43, -10.37, -8.81 	0.01, 0.23, -6.74 	-10.26, 28.19 	13,20,13,263		0.00,3.83	0,0 	0
32      	30.43, -10.38, -8.82 	0.02, 0.25, -6.74 	-10.26, 28.19 	13,20,13,273		1.18,2.59	0,0 	0
40      	30.45, -10.38, -8.82 	-0.02, 0.24, -6.73 	-10.26, 28.19 	13,20,13,282		2.41,4.97	0,0 	0
49      	30.45, -10.37, -8.81 	-0.01, 0.24, -6.74 	-10.26, 28.19 	13,20,13,292		1.18,1.07	0,0 	0
58      	30.43, -10.38, -8.82 	-0.01, 0.24, -6.73 	-10.26, 28.19 	13,20,13,302		2.45,0.00	0,0 	0
66      	30.42, -10.37, -8.82 	-0.05, 0.24, -6.74 	-10.26, 28.19 	13,20,13,311		1.79,4.81	0,0 	0
75      	30.42, -10.38, -8.81 	-0.06, 0.23, -6.73 	-10.26, 28.19 	13,20,13,321		1.18,1.59	0,0 	0
84      	30.42, -10.40, -8.83 	-0.05, 0.23, -6.74 	-10.26, 28.19 	13,20,13,331		2.37,1.07	0,0 	0
92      	30.44, -10.37, -8.83 	-0.05, 0.24, -6.73 	-10.26, 28.19 	13,20,13,340		4.67,1.34	0,0 	0
101     	30.44, -10.36, -8.82 	-0.03, 0.22, -6.73 	-10.26, 28.19 	13,20,13,350		1.18,3.22	0,0 	0
110     	30.44, -10.36, -8.83 	-0.06, 0.21, -6.73 	-10.26, 28.19 	13,20,13,360		0.00,3.40	0,0 	0
118     	30.44, -10.36, -8.82 	-0.05, 0.22, -6.71 	-10.26, 28.19 	13,20,13,369		0.00,1.78	0,0 	0
127     	30.42, -10.38, -8.82 	-0.06, 0.24, -6.70 	-10.26, 28.19 	13,20,13,379		3.19,2.62	0,0 	0
136     	30.41, -10.37, -8.82 	-0.05, 0.24, -6.72 	-10.26, 28.19 	13,20,13,389		1.60,1.07	0,0 	0
144     	30.43, -10.39, -8.82 	-0.03, 0.26, -6.73 	-10.26, 28.19 	13,20,13,398		3.59,3.57	0,0 	0
153     	30.44, -10.38, -8.82 	-0.03, 0.26, -6.73 	-10.26, 28.19 	13,20,13,408		1.60,0.00	0,0 	0
162     	30.43, -10.38, -8.82 	-0.04, 0.27, -6.73 	-10.26, 28.19 	13,20,13,418		1.07,1.61	0,0 	0
171     	30.46, -10.37, -8.82 	-0.07, 0.27, -6.74 	-10.26, 28.19 	13,20,13,428		3.42,3.21	0,0 	0
179     	30.46, -10.36, -8.81 	-0.05, 0.26, -6.74 	-10.26, 28.19 	13,20,13,437		1.33,2.77	0,0 	0
188     	30.48, -10.36, -8.82 	-0.04, 0.28, -6.73 	-10.26, 28.19 	13,20,13,447		2.14,2.59	0,0 	0
197     	30.47, -10.36, -8.82 	-0.04, 0.26, -6.72 	-10.26, 28.19 	13,20,13,457		1.07,2.38	0,0 	0
205     	30.48, -10.37, -8.82 	-0.05, 0.26, -6.74 	-10.26, 28.19 	13,20,13,466		1.79,1.20	0,0 	0
214     	30.48, -10.38, -8.80 	-0.04, 0.25, -6.73 	-10.26, 28.19 	13,20,13,476		1.18,1.61	0,0 	0
223     	30.46, -10.40, -8.80 	-0.08, 0.24, -6.72 	-10.26, 28.19 	13,20,13,486		3.19,4.42	0,0 	0
231     	30.46, -10.39, -8.82 	-0.07, 0.24, -6.72 	-10.26, 28.19 	13,20,13,495		1.33,1.20	0,0 	0
240     	30.46, -10.40, -8.82 	-0.06, 0.26, -6.73 	-10.26, 28.19 	13,20,13,505		1.18,2.59	0,0 	0
249     	30.46, -10.39, -8.82 	-0.06, 0.25, -6.72 	-10.26, 28.19 	13,20,13,515		1.18,1.19	0,0 	0
257     	30.48, -10.36, -8.83 	-0.05, 0.26, -6.73 	-10.26, 28.19 	13,20,13,524		4.67,1.78	0,0 	0
266     	30.47, -10.36, -8.83 	-0.05, 0.25, -6.72 	-10.26, 28.19 	13,20,13,534		1.07,1.19	0,0 	0
275     	30.49, -10.35, -8.82 	-0.04, 0.26, -6.73 	-10.26, 28.19 	13,20,13,544		2.45,1.59	0,0 	0
283     	30.48, -10.37, -8.82 	-0.07, 0.26, -6.74 	-10.26, 28.19 	13,20,13,553		2.92,3.61	0,0 	0
292     	30.46, -10.36, -8.83 	-0.07, 0.26, -6.72 	-10.26, 28.19 	13,20,13,563		2.45,0.00	0,0 	0
301     	30.47, -10.36, -8.83 	-0.07, 0.27, -6.72 	-10.26, 28.19 	13,20,13,573		1.07,1.19	0,0 	0
309     	30.48, -10.35, -8.82 	-0.06, 0.25, -6.72 	-10.26, 28.19 	13,20,13,582		1.80,2.95	0,0 	0
318     	30.48, -10.36, -8.82 	-0.12, 0.25, -6.72 	-10.26, 28.19 	13,20,13,592		1.18,6.42	0,0 	0
327     	30.47, -10.35, -8.82 	-0.07, 0.25, -6.72 	-10.26, 28.19 	13,20,13,602		1.60,5.35	0,0 	0
336     	30.46, -10.35, -8.83 	-0.14, 0.24, -6.71 	-10.26, 28.19 	13,20,13,612		1.07,7.56	0,0 	0
344     	30.47, -10.33, -8.82 	-0.07, 0.25, -6.71 	-10.26, 28.19 	13,20,13,621		2.92,8.51	0,0 	0
353     	30.49, -10.32, -8.82 	-0.13, 0.25, -6.72 	-10.26, 28.19 	13,20,13,631		2.45,6.42	0,0 	0
362     	30.47, -10.30, -8.82 	-0.09, 0.26, -6.73 	-10.26, 28.19 	13,20,13,641		3.19,4.42	0,0 	0
370     	30.48, -10.30, -8.82 	-0.13, 0.25, -6.73 	-10.26, 28.19 	13,20,13,650		1.20,4.97	0,0 	0
379     	30.49, -10.31, -8.82 	-0.10, 0.27, -6.72 	-10.26, 28.19 	13,20,13,660		1.60,3.96	0,0 	0
388     	30.49, -10.31, -8.82 	-0.13, 0.25, -6.72 	-10.26, 28.19 	13,20,13,670		0.00,3.96	0,0 	0
396     	30.48, -10.30, -8.82 	-0.05, 0.25, -6.72 	-10.26, 28.19 	13,20,13,679		1.79,9.62	0,0 	0
405     	30.48, -10.32, -8.82 	-0.12, 0.25, -6.72 	-10.26, 28.19 	13,20,13,689		2.37,7.49	0,0 	0
414     	30.46, -10.30, -8.83 	-0.04, 0.27, -6.73 	-10.26, 28.19 	13,20,13,699		3.19,8.84	0,0 	0
422     	30.47, -10.29, -8.83 	-0.11, 0.27, -6.74 	-10.26, 28.19 	13,20,13,708		1.80,8.42	0,0 	0
431     	30.48, -10.28, -8.82 	-0.03, 0.27, -6.74 	-10.26, 28.19 	13,20,13,718		1.60,8.55	0,0 	0
440     	30.49, -10.25, -8.82 	-0.11, 0.29, -6.74 	-10.26, 28.19 	13,20,13,728		2.60,8.91	0,0 	0
448     	30.48, -10.25, -8.84 	-0.07, 0.29, -6.74 	-10.26, 28.19 	13,20,13,737		1.20,4.81	0,0 	0
457     	30.47, -10.25, -8.83 	-0.14, 0.28, -6.75 	-10.26, 28.19 	13,20,13,747		1.07,7.56	0,0 	0
466     	30.49, -10.24, -8.83 	-0.04, 0.29, -6.75 	-10.26, 28.19 	13,20,13,757		2.45,10.74	0,0 	0
474     	30.51, -10.24, -8.82 	-0.14, 0.28, -6.74 	-10.26, 28.19 	13,20,13,766		2.41,12.08	0,0 	0
483     	30.48, -10.24, -8.82 	-0.06, 0.28, -6.74 	-10.26, 28.19 	13,20,13,776		3.21,8.55	0,0 	0
493     	30.49, -10.22, -8.82 	-0.13, 0.28, -6.74 	-10.26, 28.19 	13,20,13,786		2.34,6.74	0,0 	0
500     	30.47, -10.23, -8.82 	-0.05, 0.28, -6.72 	-10.26, 28.19 	13,20,13,795		3.15,11.00	0,0 	0
509     	30.48, -10.22, -8.82 	-0.08, 0.29, -6.73 	-10.26, 28.19 	13,20,13,805		1.60,3.44	0,0 	0
518     	30.50, -10.22, -8.82 	-0.09, 0.30, -6.73 	-10.26, 28.19 	13,20,13,815		2.14,1.61	0,0 	0
527     	30.50, -10.20, -8.82 	-0.09, 0.30, -6.73 	-10.26, 28.19 	13,20,13,824		2.37,0.00	0,0 	0
535     	30.52, -10.20, -8.82 	-0.08, 0.30, -6.74 	-10.26, 28.19 	13,20,13,834		2.41,1.20	0,0 	0
544     	30.53, -10.22, -8.82 	-0.08, 0.30, -6.74 	-10.26, 28.19 	13,20,13,843		2.60,0.00	0,0 	0
553     	30.52, -10.22, -8.82 	-0.12, 0.30, -6.74 	-10.26, 28.19 	13,20,13,853		1.07,4.28	0,0 	0
561     	30.55, -10.22, -8.81 	-0.10, 0.31, -6.75 	-10.26, 28.19 	13,20,13,862		3.61,2.73	0,0 	0
570     	30.54, -10.22, -8.80 	-0.09, 0.31, -6.73 	-10.26, 28.19 	13,20,13,872		1.07,1.07	0,0 	0
579     	30.53, -10.23, -8.80 	-0.14, 0.31, -6.73 	-10.26, 28.19 	13,20,13,882		1.60,5.35	0,0 	0
587     	30.54, -10.22, -8.80 	-0.06, 0.31, -6.73 	-10.26, 28.19 	13,20,13,891		1.80,9.62	0,0 	0
596     	30.53, -10.21, -8.79 	-0.11, 0.30, -6.74 	-10.26, 28.19 	13,20,13,901		1.60,5.46	0,0 	0
605     	30.52, -10.21, -8.80 	-0.11, 0.31, -6.74 	-10.26, 28.19 	13,20,13,911		1.07,1.19	0,0 	0
613     	30.52, -10.20, -8.79 	-0.10, 0.30, -6.75 	-10.26, 28.19 	13,20,13,920		1.33,1.81	0,0 	0
622     	30.52, -10.21, -8.79 	-0.11, 0.30, -6.75 	-10.26, 28.19 	13,20,13,930		1.18,1.07	0,0 	0
631     	30.54, -10.19, -8.79 	-0.09, 0.30, -6.75 	-10.26, 28.19 	13,20,13,940		3.19,2.14	0,0 	0
639     	30.58, -10.17, -8.79 	-0.13, 0.31, -6.75 	-10.26, 28.19 	13,20,13,949		5.51,5.01	0,0 	0
648     	30.57, -10.18, -8.80 	-0.10, 0.31, -6.76 	-10.26, 28.19 	13,20,13,959		1.60,3.21	0,0 	0
658     	30.57, -10.19, -8.80 	-0.13, 0.31, -6.74 	-10.26, 28.19 	13,20,13,970		1.07,2.89	0,0 	0
665     	30.56, -10.20, -8.78 	-0.10, 0.30, -6.73 	-10.26, 28.19 	13,20,13,978		2.05,4.42	0,0 	0
674     	30.55, -10.21, -8.78 	-0.13, 0.30, -6.74 	-10.26, 28.19 	13,20,13,988		1.60,3.21	0,0 	0
683     	30.52, -10.23, -8.78 	-0.09, 0.30, -6.74 	-10.26, 28.19 	13,20,13,998		3.99,4.28	0,0 	0
691     	30.51, -10.23, -8.79 	-0.13, 0.30, -6.74 	-10.26, 28.19 	13,20,14,7		1.20,4.81	0,0 	0
700     	30.52, -10.23, -8.79 	-0.09, 0.32, -6.75 	-10.26, 28.19 	13,20,14,17		1.07,4.86	0,0 	0
709     	30.53, -10.21, -8.80 	-0.12, 0.32, -6.75 	-10.26, 28.19 	13,20,14,27		2.60,3.21	0,0 	0
718     	30.55, -10.21, -8.79 	-0.08, 0.32, -6.75 	-10.26, 28.19 	13,20,14,37		2.14,4.28	0,0 	0
726     	30.55, -10.21, -8.81 	-0.12, 0.31, -6.76 	-10.26, 28.19 	13,20,14,46		0.00,4.97	0,0 	0
735     	30.54, -10.21, -8.80 	-0.07, 0.33, -6.77 	-10.26, 28.19 	13,20,14,56		1.07,5.82	0,0 	0
744     	30.56, -10.22, -8.79 	-0.11, 0.33, -6.77 	-10.26, 28.19 	13,20,14,66		2.45,4.28	0,0 	0
752     	30.56, -10.23, -8.79 	-0.09, 0.35, -6.77 	-10.26, 28.19 	13,20,14,75		1.33,2.73	0,0 	0
761     	30.55, -10.24, -8.79 	-0.12, 0.35, -6.78 	-10.26, 28.19 	13,20,14,85		1.60,3.21	0,0 	0
770     	30.55, -10.24, -8.79 	-0.08, 0.35, -6.78 	-10.26, 28.19 	13,20,14,95		0.00,4.28	0,0 	0
778     	30.54, -10.24, -8.80 	-0.11, 0.35, -6.77 	-10.26, 28.19 	13,20,14,104		1.20,3.61	0,0 	0
787     	30.54, -10.21, -8.80 	-0.07, 0.34, -6.77 	-10.26, 28.19 	13,20,14,114		3.55,4.28	0,0 	0
796     	30.54, -10.22, -8.80 	-0.19, 0.35, -6.77 	-10.26, 28.19 	13,20,14,124		1.18,12.83	0,0 	0
804     	30.52, -10.22, -8.80 	-0.08, 0.35, -6.77 	-10.26, 28.19 	13,20,14,133		2.41,13.23	0,0 	0
813     	30.60, -10.21, -8.80 	-0.20, 0.35, -6.78 	-10.26, 28.19 	13,20,14,143		8.65,12.83	0,0 	0
822     	30.58, -10.21, -8.81 	-0.10, 0.33, -6.76 	-10.26, 28.19 	13,20,14,153		2.14,10.78	0,0 	0
830     	30.57, -10.25, -8.81 	-0.19, 0.34, -6.77 	-10.26, 28.19 	13,20,14,162		5.46,10.83	0,0 	0
839     	30.57, -10.25, -8.80 	-0.10, 0.35, -6.77 	-10.26, 28.19 	13,20,14,172		0.00,9.68	0,0 	0
848     	30.57, -10.28, -8.80 	-0.15, 0.36, -6.78 	-10.26, 28.19 	13,20,14,182		2.37,5.49	0,0 	0
856     	30.54, -10.26, -8.80 	-0.09, 0.33, -6.76 	-10.26, 28.19 	13,20,14,191		3.85,7.73	0,0 	0
865     	30.56, -10.25, -8.80 	-0.14, 0.33, -6.77 	-10.26, 28.19 	13,20,14,201		2.45,5.35	0,0 	0
874     	30.53, -10.25, -8.80 	-0.08, 0.33, -6.75 	-10.26, 28.19 	13,20,14,211		3.21,6.42	0,0 	0
883     	30.53, -10.26, -8.80 	-0.13, 0.33, -6.76 	-10.26, 28.19 	13,20,14,221		1.18,5.35	0,0 	0
891     	30.55, -10.25, -8.80 	-0.09, 0.32, -6.75 	-10.26, 28.19 	13,20,14,230		2.75,5.01	0,0 	0
900     	30.54, -10.24, -8.81 	-0.13, 0.36, -6.76 	-10.26, 28.19 	13,20,14,240		1.60,5.61	0,0 	0
909     	30.57, -10.21, -8.82 	-0.09, 0.35, -6.75 	-10.26, 28.19 	13,20,14,250		4.79,4.46	0,0 	0
917     	30.57, -10.21, -8.81 	-0.13, 0.35, -6.75 	-10.26, 28.19 	13,20,14,259		0.00,4.81	0,0 	0
926     	30.56, -10.23, -8.82 	-0.09, 0.35, -6.73 	-10.26, 28.19 	13,20,14,269		2.60,4.28	0,0 	0
935     	30.56, -10.25, -8.81 	-0.12, 0.35, -6.74 	-10.26, 28.19 	13,20,14,279		2.37,3.21	0,0 	0
943     	30.54, -10.25, -8.80 	-0.07, 0.34, -6.75 	-10.26, 28.19 	13,20,14,288		2.41,6.02	0,0 	0
952     	30.54, -10.30, -8.79 	-0.14, 0.35, -6.75 	-10.26, 28.19 	13,20,14,298		4.74,7.49	0,0 	0
961     	30.51, -10.30, -8.80 	-0.08, 0.35, -6.73 	-10.26, 28.19 	13,20,14,308		3.21,6.42	0,0 	0
969     	30.54, -10.29, -8.79 	-0.14, 0.35, -6.74 	-10.26, 28.19 	13,20,14,317		3.85,7.22	0,0 	0
978     	30.56, -10.29, -8.79 	-0.04, 0.34, -6.75 	-10.26, 28.19 	13,20,14,327		2.14,10.69	0,0 	0
987     	30.55, -10.30, -8.79 	-0.10, 0.37, -6.75 	-10.26, 28.19 	13,20,14,337		1.60,6.88	0,0 	0
995     	30.55, -10.30, -8.79 	-0.10, 0.37, -6.75 	-10.26, 28.19 	13,20,14,346		0.00,0.00	0,0 	0
1004    	30.54, -10.29, -8.79 	-0.10, 0.36, -6.73 	-10.26, 28.19 	13,20,14,356		1.60,1.19	1000,1 	0
1013    	30.56, -10.29, -8.79 	-0.10, 0.36, -6.73 	-10.26, 28.19 	13,20,14,366		2.14,0.00	1000,1 	0
1021    	30.56, -10.32, -8.79 	-0.13, 0.36, -6.74 	-10.26, 28.19 	13,20,14,375		4.00,3.61	1000,1 	0
1030    	30.56, -10.33, -8.79 	-0.09, 0.36, -6.75 	-10.26, 28.19 	13,20,14,385		1.18,4.28	1000,1 	0
1039    	30.57, -10.31, -8.79 	-0.12, 0.36, -6.75 	-10.26, 28.19 	13,20,14,395		2.60,3.21	1000,1 	0
1047    	30.57, -10.32, -8.79 	-0.10, 0.35, -6.76 	-10.26, 28.19 	13,20,14,404		1.33,2.77	1000,1 	0
1056    	30.57, -10.32, -8.79 	-0.13, 0.35, -6.76 	-10.26, 28.19 	13,20,14,414		0.00,3.21	1000,1 	0
1066    	30.56, -10.30, -8.80 	-0.09, 0.36, -6.75 	-10.26, 28.19 	13,20,14,425		2.34,3.98	1000,1 	0
1074    	30.56, -10.31, -8.81 	-0.15, 0.35, -6.75 	-10.26, 28.19 	13,20,14,434		1.33,7.32	1000,1 	0
1082    	30.57, -10.30, -8.81 	-0.09, 0.35, -6.76 	-10.26, 28.19 	13,20,14,443		1.80,7.22	1000,1 	0
1091    	30.56, -10.29, -8.81 	-0.14, 0.36, -6.76 	-10.26, 28.19 	13,20,14,453		1.60,5.49	1000,1 	0
1100    	30.56, -10.30, -8.80 	-0.10, 0.36, -6.76 	-10.26, 28.19 	13,20,14,463		1.18,4.28	1000,1 	0
1108    	30.57, -10.32, -8.81 	-0.14, 0.36, -6.76 	-10.26, 28.19 	13,20,14,472		2.92,4.81	1000,1 	0
1117    	30.57, -10.34, -8.80 	-0.18, 0.37, -6.77 	-10.26, 28.19 	13,20,14,482		2.37,4.46	1000,1 	0
1126    	30.57, -10.34, -8.80 	-0.16, 0.37, -6.77 	-10.26, 28.19 	13,20,14,492		0.00,2.14	1000,1 	0
1134    	30.56, -10.33, -8.80 	-0.14, 0.38, -6.78 	-10.26, 28.19 	13,20,14,501		1.79,2.73	1000,1 	0
1143    	30.55, -10.33, -8.80 	-0.16, 0.36, -6.77 	-10.26, 28.19 	13,20,14,511		1.07,3.17	1000,1 	0
1152    	30.54, -10.33, -8.82 	-0.14, 0.36, -6.77 	-10.26, 28.19 	13,20,14,521		1.07,2.14	1000,1 	0
1160    	30.53, -10.31, -8.82 	-0.17, 0.37, -6.77 	-10.26, 28.19 	13,20,14,530		2.92,3.87	1000,1 	0
1169    	30.54, -10.31, -8.82 	-0.14, 0.38, -6.78 	-10.26, 28.19 	13,20,14,540		1.07,3.40	1000,1 	0
1178    	30.54, -10.31, -8.82 	-0.16, 0.39, -6.78 	-10.26, 28.19 	13,20,14,550		0.00,2.46	1000,1 	0
1186    	30.54, -10.28, -8.82 	-0.14, 0.39, -6.77 	-10.26, 28.19 	13,20,14,559		4.00,2.41	1000,1 	0
1195    	30.56, -10.28, -8.81 	-0.16, 0.38, -6.77 	-10.26, 28.19 	13,20,14,569		2.14,2.43	1000,1 	0
1204    	30.56, -10.28, -8.81 	-0.18, 0.38, -6.76 	-10.26, 28.19 	13,20,14,579		0.00,2.14	1000,1 	0
1212    	30.55, -10.28, -8.81 	-0.18, 0.38, -6.76 	-10.26, 28.19 	13,20,14,588		1.20,0.00	1000,1 	0
1221    	30.55, -10.29, -8.82 	-0.17, 0.37, -6.76 	-10.26, 28.19 	13,20,14,598		1.18,1.61	1000,1 	0
1231    	30.53, -10.28, -8.82 	-0.17, 0.37, -6.76 	-10.26, 28.19 	13,20,14,609		2.20,0.00	1000,1 	0
1239    	30.53, -10.29, -8.81 	-0.17, 0.37, -6.76 	-10.26, 28.19 	13,20,14,618		1.33,0.00	1000,1 	0
1247    	30.53, -10.30, -8.81 	-0.16, 0.37, -6.77 	-10.26, 28.19 	13,20,14,627		1.33,1.20	1000,1 	0
1257    	30.52, -10.29, -8.82 	-0.16, 0.36, -6.75 	-10.26, 28.19 	13,20,14,638		1.44,1.07	1000,1 	0
1265    	30.53, -10.26, -8.82 	-0.16, 0.36, -6.76 	-10.26, 28.19 	13,20,14,647		2.92,0.00	1000,1 	0
1273    	30.53, -10.29, -8.82 	-0.16, 0.38, -6.77 	-10.26, 28.19 	13,20,14,656		2.66,2.67	1000,1 	0
1282    	30.55, -10.26, -8.82 	-0.16, 0.39, -6.76 	-10.26, 28.19 	13,20,14,666		3.19,1.19	1000,1 	0
1291    	30.55, -10.28, -8.81 	-0.15, 0.39, -6.76 	-10.26, 28.19 	13,20,14,676		1.18,1.07	1000,1 	0
1299    	30.56, -10.28, -8.81 	-0.15, 0.38, -6.75 	-10.26, 28.19 	13,20,14,685		1.20,1.34	1000,1 	0
1308    	30.54, -10.29, -8.79 	-0.16, 0.38, -6.77 	-10.26, 28.19 	13,20,14,695		2.45,1.07	1000,1 	0
1317    	30.53, -10.28, -8.81 	-0.16, 0.37, -6.75 	-10.26, 28.19 	13,20,14,705		1.60,1.19	1000,1 	0
1325    	30.54, -10.29, -8.81 	-0.16, 0.37, -6.75 	-10.26, 28.19 	13,20,14,714		1.79,0.00	1000,1 	0
1334    	30.53, -10.29, -8.81 	-0.15, 0.39, -6.76 	-10.26, 28.19 	13,20,14,724		1.07,2.59	1000,1 	0
1343    	30.52, -10.26, -8.81 	-0.14, 0.39, -6.77 	-10.26, 28.19 	13,20,14,734		2.60,1.07	1000,1 	0
1351    	30.52, -10.25, -8.82 	-0.14, 0.39, -6.76 	-10.26, 28.19 	13,20,14,743		1.33,0.00	1000,1 	0
1360    	30.53, -10.24, -8.81 	-0.17, 0.39, -6.75 	-10.26, 28.19 	13,20,14,753		1.60,3.21	1000,1 	0
1369    	30.53, -10.24, -8.80 	-0.13, 0.39, -6.75 	-10.26, 28.19 	13,20,14,763		0.00,4.28	1000,1 	0
1377    	30.54, -10.23, -8.79 	-0.15, 0.39, -6.75 	-10.26, 28.19 	13,20,14,772		1.80,2.41	1000,1 	0
1386    	30.51, -10.26, -8.80 	-0.13, 0.38, -6.76 	-10.26, 28.19 	13,20,14,782		4.79,2.46	1000,1 	0
1395    	30.54, -10.25, -8.79 	-0.15, 0.39, -6.75 	-10.26, 28.19 	13,20,14,792		3.42,2.46	1000,1 	0
1403    	30.54, -10.28, -8.79 	-0.13, 0.38, -6.76 	-10.26, 28.19 	13,20,14,801		2.66,2.77	1000,1 	0
1412    	30.54, -10.26, -8.79 	-0.15, 0.39, -6.75 	-10.26, 28.19 	13,20,14,811		1.18,2.46	1000,1 	0
1421    	30.54, -10.26, -8.79 	-0.12, 0.38, -6.76 	-10.26, 28.19 	13,20,14,821		0.00,3.44	1000,1 	0
1429    	30.54, -10.26, -8.79 	-0.14, 0.40, -6.76 	-10.26, 28.19 	13,20,14,830		0.00,3.62	1000,1 	0
1438    	30.55, -10.25, -8.79 	-0.12, 0.41, -6.75 	-10.26, 28.19 	13,20,14,840		1.60,2.43	1000,1 	0
1448    	30.56, -10.23, -8.79 	-0.14, 0.41, -6.76 	-10.26, 28.19 	13,20,14,851		2.34,1.92	1000,1 	0
1456    	30.57, -10.23, -8.78 	-0.17, 0.41, -6.76 	-10.26, 28.19 	13,20,14,860		1.20,3.61	1000,1 	0
1464    	30.59, -10.23, -8.79 	-0.15, 0.40, -6.77 	-10.26, 28.19 	13,20,14,869		2.41,2.77	1000,1 	0
1473    	30.56, -10.21, -8.80 	-0.17, 0.40, -6.77 	-10.26, 28.19 	13,20,14,879		3.99,2.14	1000,1 	0
1482    	30.56, -10.21, -8.79 	-0.14, 0.40, -6.75 	-10.26, 28.19 	13,20,14,889		0.00,3.21	1000,1 	0
1490    	30.56, -10.23, -8.78 	-0.17, 0.41, -6.76 	-10.26, 28.19 	13,20,14,898		2.66,3.87	1000,1 	0
1499    	30.56, -10.24, -8.79 	-0.18, 0.40, -6.77 	-10.26, 28.19 	13,20,14,908		1.18,1.59	1000,1 	0
1508    	30.53, -10.24, -8.78 	-0.18, 0.40, -6.77 	-10.26, 28.19 	13,20,14,918		3.21,0.00	1000,1 	0
1516    	30.53, -10.25, -8.81 	-0.18, 0.41, -6.77 	-10.26, 28.19 	13,20,14,927		1.33,1.34	1000,1 	0
1525    	30.54, -10.25, -8.80 	-0.17, 0.41, -6.76 	-10.26, 28.19 	13,20,14,937		1.07,1.07	1000,1 	0
1534    	30.55, -10.23, -8.81 	-0.17, 0.41, -6.76 	-10.26, 28.19 	13,20,14,947		2.60,0.00	1000,1 	0
1542    	30.54, -10.23, -8.81 	-0.17, 0.41, -6.77 	-10.26, 28.19 	13,20,14,956		1.20,0.00	1000,1 	0
1551    	30.55, -10.21, -8.82 	-0.21, 0.41, -6.77 	-10.26, 28.19 	13,20,14,966		2.60,4.28	1000,1 	0
1560    	30.55, -10.23, -8.80 	-0.20, 0.41, -6.77 	-10.26, 28.19 	13,20,14,976		2.37,1.07	1000,1 	0
1568    	30.52, -10.24, -8.81 	-0.19, 0.40, -6.75 	-10.26, 28.19 	13,20,14,985		3.85,1.81	1000,1 	0
1577    	30.50, -10.25, -8.80 	-0.19, 0.38, -6.76 	-10.26, 28.19 	13,20,14,995		2.45,2.38	1000,1 	0
1586    	30.48, -10.24, -8.82 	-0.18, 0.38, -6.75 	-10.26, 28.19 	13,20,15,5		2.45,1.07	1000,1 	0
1594    	30.46, -10.25, -8.81 	-0.18, 0.37, -6.75 	-10.26, 28.19 	13,20,15,14		2.75,1.34	1000,1 	0
1603    	30.46, -10.22, -8.82 	-0.17, 0.38, -6.77 	-10.26, 28.19 	13,20,15,24		3.55,1.59	1000,1 	0
1613    	30.45, -10.19, -8.82 	-0.20, 0.38, -6.77 	-10.26, 28.19 	13,20,15,35		3.34,2.89	1000,1 	0
1621    	30.43, -10.20, -8.84 	-0.19, 0.39, -6.78 	-10.26, 28.19 	13,20,15,44		2.75,1.78	1000,1 	0
1629    	30.43, -10.17, -8.83 	-0.18, 0.39, -6.77 	-10.26, 28.19 	13,20,15,53		4.00,1.20	1000,1 	0
1639    	30.41, -10.16, -8.82 	-0.16, 0.41, -6.75 	-10.26, 28.19 	13,20,15,64		3.08,2.86	1000,1 	0
1647    	30.39, -10.19, -8.82 	-0.14, 0.43, -6.77 	-10.26, 28.19 	13,20,15,73		4.67,3.57	1000,1 	0
1655    	30.33, -10.18, -8.82 	-0.20, 0.45, -6.77 	-10.26, 28.19 	13,20,15,82		7.35,7.73	1000,1 	0
1664    	30.22, -10.16, -8.82 	-0.19, 0.48, -6.75 	-10.26, 28.19 	13,20,15,92		12.01,3.71	1000,1 	0
1673    	30.10, -10.10, -8.83 	-0.25, 0.58, -6.75 	-10.26, 28.19 	13,20,15,102		15.12,13.14	1000,1 	0
1681    	29.92, -10.01, -8.87 	-0.31, 0.74, -6.81 	-10.26, 28.19 	13,20,15,111		24.76,21.41	1000,1 	0
1690    	29.72, -9.87, -8.91 	-0.33, 0.95, -6.86 	-10.26, 28.19 	13,20,15,121		27.23,22.70	1000,1 	0
1699    	29.55, -9.67, -8.96 	-0.35, 1.17, -6.95 	-10.26, 28.19 	13,20,15,131		29.61,25.07	1000,1 	0
1707    	29.37, -9.40, -8.98 	-0.36, 1.37, -7.01 	-10.26, 28.19 	13,20,15,140		40.39,25.39	1000,1 	0
1716    	29.20, -9.07, -8.99 	-0.52, 1.57, -7.05 	-10.26, 28.19 	13,20,15,150		40.95,28.28	1000,1 	0
1725    	29.11, -8.76, -9.02 	-0.76, 1.74, -7.06 	-10.26, 28.19 	13,20,15,160		35.95,33.04	1000,1 	0
1733    	28.97, -8.66, -9.00 	-1.00, 1.93, -7.06 	-10.26, 28.19 	13,20,15,169		21.48,37.86	1000,1 	0
1742    	28.83, -8.61, -9.01 	-1.24, 2.11, -7.08 	-10.26, 28.19 	13,20,15,179		16.74,33.04	1000,1 	0
1751    	28.64, -8.65, -9.00 	-1.46, 2.30, -7.12 	-10.26, 28.19 	13,20,15,189		20.89,32.83	1000,1 	0
1759    	28.43, -8.67, -8.99 	-1.69, 2.52, -7.15 	-10.26, 28.19 	13,20,15,198		26.53,39.64	1000,1 	0
1768    	28.31, -8.65, -9.00 	-1.95, 2.67, -7.19 	-10.26, 28.19 	13,20,15,208		13.96,33.54	1000,1 	0
1777    	28.17, -8.60, -9.02 	-2.21, 2.85, -7.22 	-10.26, 28.19 	13,20,15,218		16.11,35.48	1000,1 	0
1785    	28.08, -8.51, -9.02 	-2.36, 3.03, -7.22 	-10.26, 28.19 	13,20,15,227		16.98,28.19	1000,1 	0
1794    	27.99, -8.35, -9.04 	-2.43, 3.15, -7.26 	-10.26, 28.19 	13,20,15,237		20.20,16.20	1000,1 	0
1804    	27.87, -8.18, -9.07 	-2.53, 3.26, -7.29 	-10.26, 28.19 	13,20,15,248		20.59,14.49	1000,1 	0
1812    	27.84, -7.99, -9.10 	-2.58, 3.40, -7.34 	-10.26, 28.19 	13,20,15,257		23.14,18.91	1000,1 	0
1820    	27.75, -7.83, -9.09 	-2.68, 3.49, -7.37 	-10.26, 28.19 	13,20,15,266		22.72,16.22	1000,1 	0
1829    	27.63, -7.77, -9.07 	-2.83, 3.60, -7.44 	-10.26, 28.19 	13,20,15,276		14.67,20.10	1000,1 	0
1838    	27.48, -7.70, -9.08 	-2.93, 3.66, -7.43 	-10.26, 28.19 	13,20,15,286		19.02,13.85	1000,1 	0
1846    	27.29, -7.67, -9.07 	-3.07, 3.77, -7.45 	-10.26, 28.19 	13,20,15,295		24.23,21.66	1000,1 	0
1855    	27.13, -7.66, -9.08 	-3.14, 3.84, -7.51 	-10.26, 28.19 	13,20,15,305		17.17,12.02	1000,1 	0
1864    	26.94, -7.63, -9.07 	-3.25, 3.93, -7.55 	-10.26, 28.19 	13,20,15,315		21.70,15.23	1000,1 	0
1872    	26.75, -7.55, -9.07 	-3.31, 4.02, -7.60 	-10.26, 28.19 	13,20,15,324		26.33,12.99	1000,1 	0
1881    	26.64, -7.35, -9.09 	-3.39, 4.07, -7.66 	-10.26, 28.19 	13,20,15,334		24.34,10.49	1000,1 	0
1890    	26.53, -7.17, -9.16 	-3.48, 4.16, -7.69 	-10.26, 28.19 	13,20,15,344		23.87,14.41	1000,1 	0
1898    	26.47, -6.97, -9.17 	-3.61, 4.24, -7.75 	-10.26, 28.19 	13,20,15,353		26.31,19.08	1000,1 	0
1907    	26.32, -6.84, -9.16 	-3.80, 4.36, -7.81 	-10.26, 28.19 	13,20,15,363		21.43,25.23	1000,1 	0
1916    	26.15, -6.70, -9.15 	-3.99, 4.48, -7.91 	-10.26, 28.19 	13,20,15,373		24.65,24.32	1000,1 	0
1924    	25.94, -6.53, -9.17 	-4.27, 4.61, -8.00 	-10.26, 28.19 	13,20,15,382		33.99,38.62	1000,1 	0
1933    	25.76, -6.27, -9.18 	-4.54, 4.85, -8.17 	-10.26, 28.19 	13,20,15,392		35.90,40.04	1000,1 	0
1942    	25.55, -5.99, -9.22 	-4.81, 5.06, -8.32 	-10.26, 28.19 	13,20,15,402		38.74,37.77	1000,1 	0
1950    	25.28, -5.81, -9.25 	-5.01, 5.26, -8.48 	-10.26, 28.19 	13,20,15,411		40.60,36.09	1000,1 	0
1959    	25.02, -5.71, -9.26 	-5.38, 5.41, -8.57 	-10.26, 28.19 	13,20,15,421		30.80,44.14	1000,1 	0
1968    	24.78, -5.62, -9.28 	-5.65, 5.50, -8.62 	-10.26, 28.19 	13,20,15,431		27.80,31.55	1000,1 	0
1977    	24.63, -5.46, -9.31 	-5.78, 5.64, -8.69 	-10.26, 28.19 	13,20,15,441		24.66,21.67	1000,1 	0
1985    	24.52, -5.32, -9.30 	-5.86, 5.76, -8.78 	-10.26, 28.19 	13,20,15,450		22.54,17.69	1000,1 	0
1995    	24.38, -5.22, -9.29 	-6.02, 5.90, -8.85 	-10.26, 28.19 	13,20,15,461		16.54,20.90	1000,1 	0
2003    	24.27, -5.05, -9.29 	-6.22, 6.03, -8.89 	-10.26, 28.19 	13,20,15,470		25.74,30.13	1000,1 	0
2011    	24.13, -4.78, -9.30 	-6.41, 6.20, -8.96 	-10.26, 28.19 	13,20,15,479		37.31,32.43	1000,1 	0
2020    	23.95, -4.53, -9.31 	-6.68, 6.38, -8.98 	-10.26, 28.19 	13,20,15,489		34.93,35.71	1000,1 	0
2029    	23.71, -4.29, -9.34 	-6.89, 6.59, -9.04 	-10.26, 28.19 	13,20,15,499		37.33,32.94	1000,1 	0
2037    	23.51, -4.11, -9.39 	-7.12, 6.84, -9.10 	-10.26, 28.19 	13,20,15,508		33.93,42.49	1000,1 	0
2046    	23.35, -3.92, -9.46 	-7.26, 7.09, -9.18 	-10.26, 28.19 	13,20,15,518		27.33,31.35	1000,1 	0
2055    	23.20, -3.71, -9.50 	-7.40, 7.35, -9.25 	-10.26, 28.19 	13,20,15,528		29.21,33.97	1000,1 	0
2063    	23.02, -3.57, -9.51 	-7.50, 7.65, -9.35 	-10.26, 28.19 	13,20,15,537		27.73,39.48	1000,1 	0
2072    	22.87, -3.42, -9.54 	-7.68, 7.93, -9.41 	-10.26, 28.19 	13,20,15,547		23.82,36.64	1000,1 	0
2081    	22.75, -3.30, -9.53 	-7.93, 8.21, -9.47 	-10.26, 28.19 	13,20,15,557		19.05,41.87	1000,1 	0
2089    	22.63, -3.21, -9.52 	-8.17, 8.50, -9.48 	-10.26, 28.19 	13,20,15,566		18.77,47.32	1000,1 	0
2098    	22.46, -3.18, -9.51 	-8.45, 8.85, -9.52 	-10.26, 28.19 	13,20,15,576		19.59,49.42	1000,1 	0
2107    	22.23, -3.10, -9.49 	-8.71, 9.23, -9.54 	-10.26, 28.19 	13,20,15,586		25.97,50.37	1000,1 	0
2115    	21.99, -2.98, -9.51 	-8.93, 9.67, -9.60 	-10.26, 28.19 	13,20,15,595		33.47,61.76	1000,1 	0
2124    	21.76, -2.82, -9.53 	-9.23, 10.05, -9.63 	-10.26, 28.19 	13,20,15,605		31.22,54.51	1000,1 	0
2133    	21.60, -2.71, -9.54 	-9.44, 10.42, -9.66 	-10.26, 28.19 	13,20,15,615		22.37,46.51	1000,1 	0
2141    	21.43, -2.54, -9.55 	-9.64, 10.74, -9.66 	-10.26, 28.19 	13,20,15,624		30.39,47.71	1000,1 	0
2150    	21.27, -2.35, -9.58 	-9.73, 11.03, -9.67 	-10.26, 28.19 	13,20,15,634		26.42,33.63	1000,1 	0
2159    	21.15, -2.17, -9.61 	-9.84, 11.32, -9.69 	-10.26, 28.19 	13,20,15,644		24.46,34.33	1000,1 	0
2168    	21.06, -2.04, -9.62 	-9.94, 11.62, -9.72 	-10.26, 28.19 	13,20,15,654		17.16,35.45	1000,1 	0
2176    	20.96, -1.96, -9.61 	-10.06, 11.92, -9.72 	-10.26, 28.19 	13,20,15,663		16.99,40.31	1000,1 	0
2186    	20.82, -1.92, -9.59 	-10.20, 12.20, -9.70 	-10.26, 28.19 	13,20,15,674		14.14,31.07	1000,1 	0
2194    	20.68, -1.85, -9.58 	-10.37, 12.51, -9.72 	-10.26, 28.19 	13,20,15,683		19.75,44.68	1000,1 	0
2202    	20.54, -1.79, -9.57 	-10.50, 12.81, -9.73 	-10.26, 28.19 	13,20,15,692		18.65,40.78	1000,1 	0
2211    	20.41, -1.74, -9.57 	-10.64, 13.14, -9.73 	-10.26, 28.19 	13,20,15,702		16.11,39.96	1000,1 	0
2220    	20.25, -1.65, -9.57 	-10.71, 13.49, -9.73 	-10.26, 28.19 	13,20,15,712		19.56,38.86	1000,1 	0
2228    	20.10, -1.53, -9.59 	-10.91, 13.82, -9.71 	-10.26, 28.19 	13,20,15,721		24.20,48.85	1000,1 	0
2237    	19.95, -1.40, -9.62 	-11.05, 14.15, -9.72 	-10.26, 28.19 	13,20,15,731		21.43,39.96	1000,1 	0
2246    	19.89, -1.30, -9.63 	-11.17, 14.41, -9.70 	-10.26, 28.19 	13,20,15,741		14.01,31.44	1000,1 	0
2254    	19.80, -1.26, -9.62 	-11.24, 14.67, -9.70 	-10.26, 28.19 	13,20,15,750		12.07,33.29	1000,1 	0
2263    	19.71, -1.23, -9.63 	-11.33, 14.88, -9.67 	-10.26, 28.19 	13,20,15,760		9.92,26.20	1000,1 	0
2272    	19.59, -1.21, -9.65 	-11.46, 15.12, -9.65 	-10.26, 28.19 	13,20,15,770		14.11,29.79	1000,1 	0
2280    	19.45, -1.20, -9.65 	-11.55, 15.33, -9.65 	-10.26, 28.19 	13,20,15,779		16.91,28.99	1000,1 	0
2289    	19.36, -1.14, -9.66 	-11.64, 15.55, -9.68 	-10.26, 28.19 	13,20,15,789		12.84,25.77	1000,1 	0
2298    	19.22, -1.10, -9.68 	-11.72, 15.75, -9.70 	-10.26, 28.19 	13,20,15,799		15.71,24.67	1000,1 	0
2306    	19.06, -1.02, -9.72 	-11.81, 15.92, -9.71 	-10.26, 28.19 	13,20,15,808		22.49,24.11	1000,1 	0
2315    	18.95, -0.94, -9.75 	-11.89, 16.09, -9.72 	-10.26, 28.19 	13,20,15,818		15.11,20.96	1000,1 	0
2324    	18.86, -0.87, -9.78 	-11.94, 16.25, -9.73 	-10.26, 28.19 	13,20,15,828		12.84,18.68	1000,1 	0
2333    	18.75, -0.80, -9.81 	-12.04, 16.43, -9.74 	-10.26, 28.19 	13,20,15,838		14.39,21.95	1000,1 	0
2341    	18.63, -0.73, -9.84 	-12.10, 16.60, -9.76 	-10.26, 28.19 	13,20,15,847		17.57,22.67	1000,1 	0
2350    	18.52, -0.63, -9.87 	-12.19, 16.75, -9.78 	-10.26, 28.19 	13,20,15,857		16.69,19.91	1000,1 	0
2359    	18.44, -0.50, -9.91 	-12.29, 16.92, -9.80 	-10.26, 28.19 	13,20,15,867		16.58,21.95	1000,1 	0
2367    	18.34, -0.42, -9.92 	-12.33, 17.13, -9.84 	-10.26, 28.19 	13,20,15,876		16.19,27.23	1000,1 	0
2376    	18.20, -0.37, -9.93 	-12.42, 17.38, -9.86 	-10.26, 28.19 	13,20,15,886		16.11,29.11	1000,1 	0
2385    	18.01, -0.33, -9.94 	-12.57, 17.62, -9.87 	-10.26, 28.19 	13,20,15,896		21.92,30.87	1000,1 	0
2393    	17.86, -0.26, -9.96 	-12.71, 17.85, -9.91 	-10.26, 28.19 	13,20,15,905		20.85,34.73	1000,1 	0
2402    	17.73, -0.14, -9.99 	-12.83, 18.12, -9.96 	-10.26, 28.19 	13,20,15,915		19.88,32.53	1000,1 	0
2411    	17.61, 0.00, -10.03 	-12.89, 18.37, -10.02 	-10.26, 28.19 	13,20,15,925		20.04,28.16	1000,1 	0
2419    	17.50, 0.14, -10.08 	-12.99, 18.60, -10.04 	-10.26, 28.19 	13,20,15,934		22.54,31.94	1000,1 	0
2428    	17.42, 0.28, -10.12 	-13.08, 18.83, -10.06 	-10.26, 28.19 	13,20,15,944		17.61,27.29	1000,1 	0
2437    	17.37, 0.38, -10.15 	-13.12, 19.03, -10.09 	-10.26, 28.19 	13,20,15,954		11.92,23.04	1000,1 	0
2445    	17.31, 0.42, -10.14 	-13.15, 19.23, -10.12 	-10.26, 28.19 	13,20,15,963		9.97,24.38	1000,1 	0
2454    	17.19, 0.38, -10.13 	-13.16, 19.43, -10.13 	-10.26, 28.19 	13,20,15,973		13.69,22.57	1000,1 	0
2463    	17.08, 0.37, -10.13 	-13.22, 19.62, -10.13 	-10.26, 28.19 	13,20,15,983		12.90,22.76	1000,1 	0
2471    	16.98, 0.34, -10.13 	-13.30, 19.83, -10.14 	-10.26, 28.19 	13,20,15,992		12.33,27.29	1000,1 	0
2480    	16.89, 0.40, -10.16 	-13.33, 19.99, -10.15 	-10.26, 28.19 	13,20,16,2		11.30,18.15	1000,1 	0
2489    	16.80, 0.44, -10.17 	-13.36, 20.17, -10.16 	-10.26, 28.19 	13,20,16,12		11.70,20.50	1000,1 	0
2498    	16.72, 0.51, -10.19 	-13.38, 20.41, -10.17 	-10.26, 28.19 	13,20,16,22		11.91,27.44	1000,1 	0
2506    	16.63, 0.63, -10.21 	-13.39, 20.66, -10.18 	-10.26, 28.19 	13,20,16,31		18.22,30.78	1000,1 	0
2515    	16.55, 0.73, -10.22 	-13.41, 20.96, -10.20 	-10.26, 28.19 	13,20,16,41		14.36,33.30	1000,1 	0
2524    	16.52, 0.80, -10.22 	-13.41, 21.23, -10.18 	-10.26, 28.19 	13,20,16,51		8.89,29.70	1000,1 	0
2532    	16.45, 0.83, -10.21 	-13.45, 21.51, -10.16 	-10.26, 28.19 	13,20,16,60		9.33,35.15	1000,1 	0
2542    	16.39, 0.87, -10.21 	-13.48, 21.73, -10.12 	-10.26, 28.19 	13,20,16,71		6.60,22.68	1000,1 	0
2550    	16.36, 0.90, -10.22 	-13.49, 21.95, -10.09 	-10.26, 28.19 	13,20,16,80		5.38,28.11	1000,1 	0
2558    	16.31, 0.92, -10.21 	-13.46, 22.13, -10.05 	-10.26, 28.19 	13,20,16,89		7.70,21.63	1000,1 	0
2567    	16.24, 0.93, -10.20 	-13.42, 22.30, -10.00 	-10.26, 28.19 	13,20,16,99		7.59,19.67	1000,1 	0
2576    	16.18, 0.95, -10.20 	-13.41, 22.48, -9.94 	-10.26, 28.19 	13,20,16,109		6.84,20.21	1000,1 	0
2584    	16.12, 0.98, -10.20 	-13.37, 22.66, -9.89 	-10.26, 28.19 	13,20,16,118		8.25,23.15	1000,1 	0
2593    	16.06, 0.99, -10.19 	-13.31, 22.80, -9.83 	-10.26, 28.19 	13,20,16,128		6.53,16.63	1000,1 	0
2602    	16.03, 0.98, -10.18 	-13.25, 22.96, -9.76 	-10.26, 28.19 	13,20,16,138		4.44,19.22	1000,1 	0
2610    	15.98, 0.98, -10.18 	-13.20, 23.11, -9.69 	-10.26, 28.19 	13,20,16,147		6.02,19.57	1000,1 	0
2619    	15.94, 0.96, -10.16 	-13.19, 23.22, -9.63 	-10.26, 28.19 	13,20,16,157		4.89,13.10	1000,1 	0
2628    	15.92, 0.95, -10.14 	-13.16, 23.29, -9.54 	-10.26, 28.19 	13,20,16,167		2.45,7.77	1000,1 	0
2636    	15.87, 0.94, -10.12 	-13.09, 23.39, -9.48 	-10.26, 28.19 	13,20,16,176		6.17,16.35	1000,1 	0
2645    	15.85, 0.92, -10.09 	-13.02, 23.51, -9.40 	-10.26, 28.19 	13,20,16,186		3.19,14.96	1000,1 	0
2654    	15.80, 0.90, -10.06 	-12.98, 23.63, -9.32 	-10.26, 28.19 	13,20,16,196		6.85,13.69	1000,1 	0
2662    	15.77, 0.90, -10.05 	-12.97, 23.73, -9.22 	-10.26, 28.19 	13,20,16,205		3.61,12.07	1000,1 	0
2671    	15.75, 0.90, -10.03 	-12.94, 23.84, -9.11 	-10.26, 28.19 	13,20,16,215		2.14,13.69	1000,1 	0
2680    	15.74, 0.89, -10.02 	-12.87, 23.88, -9.02 	-10.26, 28.19 	13,20,16,225		1.60,8.81	1000,1 	0
2688    	15.73, 0.88, -10.00 	-12.80, 23.97, -8.91 	-10.26, 28.19 	13,20,16,234		1.80,13.51	1000,1 	0
2697    	15.70, 0.90, -9.98 	-12.74, 24.07, -8.82 	-10.26, 28.19 	13,20,16,244		3.99,12.39	1000,1 	0
2706    	15.71, 0.92, -9.98 	-12.65, 24.15, -8.73 	-10.26, 28.19 	13,20,16,254		2.60,14.20	1000,1 	0
2715    	15.71, 0.95, -9.97 	-12.58, 24.22, -8.64 	-10.26, 28.19 	13,20,16,264		3.55,11.10	1000,1 	0
2723    	15.71, 0.96, -9.94 	-12.51, 24.30, -8.53 	-10.26, 28.19 	13,20,16,273		1.33,13.32	1000,1 	0
2732    	15.68, 0.96, -9.94 	-12.46, 24.38, -8.44 	-10.26, 28.19 	13,20,16,283		3.21,10.83	1000,1 	0
2741    	15.67, 0.94, -9.91 	-12.40, 24.51, -8.35 	-10.26, 28.19 	13,20,16,293		2.60,15.54	1000,1 	0
2749    	15.64, 0.93, -9.89 	-12.34, 24.59, -8.26 	-10.26, 28.19 	13,20,16,302		3.85,11.73	1000,1 	0
2759    	15.61, 0.91, -9.87 	-12.27, 24.69, -8.18 	-10.26, 28.19 	13,20,16,313		3.59,13.08	1000,1 	0
2767    	15.57, 0.91, -9.87 	-12.21, 24.79, -8.09 	-10.26, 28.19 	13,20,16,322		4.82,13.93	1000,1 	0
2775    	15.54, 0.92, -9.86 	-12.15, 24.88, -8.01 	-10.26, 28.19 	13,20,16,331		5.00,13.93	1000,1 	0
2785    	15.53, 0.95, -9.85 	-12.08, 24.97, -7.93 	-10.26, 28.19 	13,20,16,342		3.34,11.42	1000,1 	0
2793    	15.54, 0.97, -9.84 	-12.01, 25.06, -7.86 	-10.26, 28.19 	13,20,16,351		2.92,14.58	1000,1 	0
2801    	15.52, 0.99, -9.83 	-11.93, 25.17, -7.79 	-10.26, 28.19 	13,20,16,360		3.59,16.35	1000,1 	0
2810    	15.53, 1.03, -9.83 	-11.87, 25.28, -7.73 	-10.26, 28.19 	13,20,16,370		3.71,13.94	1000,1 	0
2819    	15.51, 1.03, -9.80 	-11.84, 25.39, -7.67 	-10.26, 28.19 	13,20,16,380		2.14,13.41	1000,1 	0
2827    	15.50, 1.04, -9.80 	-11.81, 25.49, -7.61 	-10.26, 28.19 	13,20,16,389		1.79,12.51	1000,1 	0
2836    	15.47, 1.05, -9.78 	-11.75, 25.59, -7.55 	-10.26, 28.19 	13,20,16,399		3.42,12.96	1000,1 	0
2845    	15.43, 1.06, -9.78 	-11.69, 25.69, -7.50 	-10.26, 28.19 	13,20,16,409		4.44,13.42	1000,1 	0
2853    	15.40, 1.04, -9.77 	-11.65, 25.81, -7.45 	-10.26, 28.19 	13,20,16,418		4.49,15.40	1000,1 	0
2862    	15.40, 1.05, -9.77 	-11.60, 25.93, -7.40 	-10.26, 28.19 	13,20,16,428		1.18,14.04	1000,1 	0
2871    	15.36, 1.06, -9.76 	-11.54, 26.01, -7.35 	-10.26, 28.19 	13,20,16,438		4.44,12.01	1000,1 	0
2880    	15.36, 1.08, -9.76 	-11.48, 26.10, -7.29 	-10.26, 28.19 	13,20,16,448		2.37,11.39	1000,1 	0
2888    	15.34, 1.11, -9.75 	-11.41, 26.18, -7.24 	-10.26, 28.19 	13,20,16,457		4.66,13.51	1000,1 	0
2897    	15.33, 1.13, -9.75 	-11.36, 26.28, -7.19 	-10.26, 28.19 	13,20,16,467		2.60,11.88	1000,1 	0
2906    	15.31, 1.14, -9.73 	-11.33, 26.35, -7.16 	-10.26, 28.19 	13,20,16,477		2.45,9.29	1000,1 	0
2914    	15.30, 1.13, -9.71 	-11.30, 26.44, -7.13 	-10.26, 28.19 	13,20,16,486		1.80,11.23	1000,1 	0
2923    	15.27, 1.11, -9.69 	-11.27, 26.53, -7.10 	-10.26, 28.19 	13,20,16,496		4.89,11.12	1000,1 	0
2932    	15.23, 1.10, -9.67 	-11.23, 26.61, -7.09 	-10.26, 28.19 	13,20,16,506		4.44,9.29	1000,1 	0
2940    	15.21, 1.11, -9.66 	-11.18, 26.70, -7.10 	-10.26, 28.19 	13,20,16,515		2.75,13.93	1000,1 	0
2950    	15.19, 1.09, -9.64 	-11.12, 26.79, -7.10 	-10.26, 28.19 	13,20,16,526		2.87,10.25	1000,1 	0
2958    	15.17, 1.08, -9.62 	-11.06, 26.88, -7.11 	-10.26, 28.19 	13,20,16,535		2.75,13.93	1000,1 	0
2966    	15.15, 1.09, -9.61 	-11.00, 26.97, -7.10 	-10.26, 28.19 	13,20,16,544		2.75,12.81	1000,1 	0
2976    	15.15, 1.10, -9.60 	-10.97, 27.04, -7.10 	-10.26, 28.19 	13,20,16,555		1.07,8.36	1000,1 	0
2984    	15.14, 1.13, -9.58 	-10.93, 27.11, -7.09 	-10.26, 28.19 	13,20,16,564		4.17,9.29	1000,1 	0
2992    	15.14, 1.13, -9.57 	-10.88, 27.15, -7.08 	-10.26, 28.19 	13,20,16,573		0.00,7.99	1000,1 	0
3001    	15.12, 1.10, -9.54 	-10.85, 27.20, -7.06 	-10.26, 28.19 	13,20,16,583		4.15,6.71	1000,1 	0
3010    	15.10, 1.09, -9.53 	-10.81, 27.26, -7.05 	-10.26, 28.19 	13,20,16,593		2.45,7.27	1000,1 	0
3018    	15.08, 1.07, -9.51 	-10.78, 27.32, -7.06 	-10.26, 28.19 	13,20,16,602		3.59,9.29	1000,1 	0
3027    	15.07, 1.07, -9.50 	-10.74, 27.37, -7.07 	-10.26, 28.19 	13,20,16,612		1.07,7.27	1000,1 	0
3036    	15.03, 1.05, -9.47 	-10.70, 27.44, -7.07 	-10.26, 28.19 	13,20,16,622		4.89,8.26	1000,1 	0
3044    	15.00, 1.02, -9.46 	-10.66, 27.50, -7.07 	-10.26, 28.19 	13,20,16,631		6.26,9.29	1000,1 	0
3053    	14.99, 1.03, -9.45 	-10.60, 27.56, -7.09 	-10.26, 28.19 	13,20,16,641		1.60,9.52	1000,1 	0
3062    	15.00, 1.03, -9.43 	-10.55, 27.63, -7.09 	-10.26, 28.19 	13,20,16,651		1.07,9.52	1000,1 	0
3071    	15.01, 1.05, -9.42 	-10.50, 27.68, -7.09 	-10.26, 28.19 	13,20,16,661		2.60,7.93	1000,1 	0
3079    	15.02, 1.05, -9.40 	-10.47, 27.73, -7.08 	-10.26, 28.19 	13,20,16,670		2.41,7.55	1000,1 	0
3088    	15.02, 1.06, -9.38 	-10.44, 27.78, -7.08 	-10.26, 28.19 	13,20,16,680		1.18,5.69	1000,1 	0
3097    	15.01, 1.06, -9.37 	-10.40, 27.80, -7.08 	-10.26, 28.19 	13,20,16,690		1.07,4.86	1000,1 	0
3105    	15.01, 1.06, -9.36 	-10.38, 27.83, -7.08 	-10.26, 28.19 	13,20,16,699		1.20,4.64	1000,1 	0
3114    	15.00, 1.06, -9.35 	-10.36, 27.85, -7.07 	-10.26, 28.19 	13,20,16,709		1.07,3.96	1000,1 	0
3123    	14.98, 1.05, -9.34 	-10.35, 27.86, -7.07 	-10.26, 28.19 	13,20,16,719		2.45,1.59	1000,1 	0
3131    	14.99, 1.04, -9.33 	-10.35, 27.87, -7.06 	-10.26, 28.19 	13,20,16,728		1.79,1.34	1000,1 	0
3140    	14.99, 1.03, -9.33 	-10.34, 27.86, -7.06 	-10.26, 28.19 	13,20,16,738		1.18,1.61	1000,1 	0
3150    	14.99, 1.02, -9.33 	-10.33, 27.87, -7.06 	-10.26, 28.19 	13,20,16,748		1.07,1.43	1000,1 	0
3158    	14.99, 1.02, -9.33 	-10.32, 27.87, -7.06 	-10.26, 28.19 	13,20,16,757		0.00,1.20	1000,1 	0
3167    	14.98, 1.02, -9.33 	-10.32, 27.87, -7.06 	-10.26, 28.19 	13,20,16,767		1.07,0.00	1000,1 	0
3176    	14.99, 1.03, -9.33 	-10.32, 27.86, -7.07 	-10.26, 28.19 	13,20,16,777		1.60,1.19	1000,1 	0
3184    	14.99, 1.03, -9.33 	-10.32, 27.87, -7.06 	-10.26, 28.19 	13,20,16,786		0.00,1.34	1000,1 	0
3193    	14.99, 1.03, -9.32 	-10.33, 27.87, -7.07 	-10.26, 28.19 	13,20,16,796		0.00,1.07	1000,1 	0
3202    	14.98, 1.04, -9.33 	-10.33, 27.86, -7.07 	-10.26, 28.19 	13,20,16,806		1.60,1.19	1000,1 	0
3210    	14.98, 1.03, -9.33 	-10.33, 27.87, -7.06 	-10.26, 28.19 	13,20,16,815		1.33,1.34	1000,1 	0
3219    	14.97, 1.03, -9.33 	-10.34, 27.87, -7.06 	-10.26, 28.19 	13,20,16,825		1.07,1.07	1000,1 	0
3228    	14.96, 1.03, -9.32 	-10.36, 27.88, -7.06 	-10.26, 28.19 	13,20,16,835		1.07,2.46	1000,1 	0
3236    	14.95, 1.04, -9.33 	-10.38, 27.88, -7.06 	-10.26, 28.19 	13,20,16,844		1.79,2.41	1000,1 	0
3245    	14.96, 1.04, -9.33 	-10.40, 27.91, -7.06 	-10.26, 28.19 	13,20,16,854		1.07,4.02	1000,1 	0
3254    	14.96, 1.04, -9.33 	-10.43, 27.92, -7.06 	-10.26, 28.19 	13,20,16,864		0.00,3.44	1000,1 	0
3263    	14.97, 1.04, -9.32 	-10.45, 27.91, -7.05 	-10.26, 28.19 	13,20,16,874		1.07,2.43	1000,1 	0
3271    	14.97, 1.04, -9.32 	-10.46, 27.92, -7.05 	-10.26, 28.19 	13,20,16,883		0.00,1.81	1000,1 	0
3280    	14.96, 1.04, -9.33 	-10.48, 27.91, -7.04 	-10.26, 28.19 	13,20,16,893		1.07,2.43	1000,1 	0
3289    	14.96, 1.04, -9.32 	-10.49, 27.91, -7.04 	-10.26, 28.19 	13,20,16,903		0.00,1.07	1000,1 	0
3297    	14.97, 1.03, -9.32 	-10.49, 27.91, -7.04 	-10.26, 28.19 	13,20,16,912		1.79,0.00	1000,1 	0
3306    	14.96, 1.03, -9.32 	-10.49, 27.91, -7.04 	-10.26, 28.19 	13,20,16,922		1.07,0.00	1000,1 	0
3315    	14.97, 1.02, -9.32 	-10.49, 27.91, -7.04 	-10.26, 28.19 	13,20,16,932		1.60,0.00	1000,1 	0
3323    	14.96, 1.03, -9.32 	-10.49, 27.91, -7.04 	-10.26, 28.19 	13,20,16,941		1.79,0.00	1000,1 	0
3333    	14.97, 1.03, -9.32 	-10.49, 27.91, -7.04 	-10.26, 28.19 	13,20,16,952		0.96,0.00	1000,1 	0
3341    	14.97, 1.03, -9.32 	-10.47, 27.91, -7.04 	-10.26, 28.19 	13,20,16,961		0.00,2.41	1000,1 	0
3349    	14.97, 1.03, -9.31 	-10.48, 27.91, -7.04 	-10.26, 28.19 	13,20,16,970		0.00,1.20	1000,1 	0
3358    	14.98, 1.03, -9.32 	-10.47, 27.91, -7.04 	-10.26, 28.19 	13,20,16,980		1.07,1.07	1000,1 	0
3367    	14.99, 1.02, -9.31 	-10.46, 27.91, -7.04 	-10.26, 28.19 	13,20,16,990		1.60,1.07	1000,1 	0
3375    	14.98, 1.01, -9.30 	-10.46, 27.90, -7.04 	-10.26, 28.19 	13,20,16,999		1.80,1.34	1000,1 	0
3384    	14.98, 1.00, -9.30 	-10.46, 27.90, -7.04 	-10.26, 28.19 	13,20,17,9		1.18,0.00	1000,1 	0
3393    	14.98, 0.98, -9.30 	-10.47, 27.88, -7.04 	-10.26, 28.19 	13,20,17,19		1.18,1.59	1000,1 	0
3401    	14.98, 0.97, -9.30 	-10.47, 27.88, -7.04 	-10.26, 28.19 	13,20,17,28		1.33,0.00	1000,1 	0
3410    	14.99, 0.97, -9.29 	-10.47, 27.88, -7.04 	-10.26, 28.19 	13,20,17,38		1.07,0.00	1000,1 	0
3419    	14.99, 0.95, -9.29 	-10.47, 27.90, -7.04 	-10.26, 28.19 	13,20,17,48		2.37,1.19	1000,1 	0
3428    	15.00, 0.94, -9.29 	-10.46, 27.90, -7.04 	-10.26, 28.19 	13,20,17,58		1.60,1.07	1000,1 	0
3436    	15.00, 0.95, -9.29 	-10.46, 27.91, -7.04 	-10.26, 28.19 	13,20,17,67		1.33,1.34	1000,1 	0
3445    	15.01, 0.93, -9.28 	-10.47, 27.91, -7.04 	-10.26, 28.19 	13,20,17,77		2.60,1.07	1000,1 	0
3454    	15.01, 0.93, -9.27 	-10.46, 27.90, -7.04 	-10.26, 28.19 	13,20,17,87		1.07,1.61	1000,1 	0
3462    	15.02, 0.92, -9.27 	-10.45, 27.90, -7.04 	-10.26, 28.19 	13,20,17,96		1.80,1.20	1000,1 	0
3471    	15.02, 0.91, -9.26 	-10.46, 27.90, -7.04 	-10.26, 28.19 	13,20,17,106		1.18,1.07	1000,1 	0
3479    	15.05, 0.89, -9.24 	-10.45, 27.90, -7.04 	0.00, -0.00 	13,20,17,125		3.99,1.07	1000,1 	0
3488    	15.04, 0.88, -9.24 	-10.46, 27.88, -7.04 	0.00, -0.00 	13,20,17,135		3.59,3.57	1000,1 	0
3497    	15.06, 0.88, -9.24 	-10.46, 27.90, -7.04 	0.00, -0.00 	13,20,17,145		4.82,2.67	1000,1 	0
3505    	15.05, 0.88, -9.24 	-10.46, 27.88, -7.04 	0.00, -0.00 	13,20,17,154		3.21,3.56	1000,1 	0
3515    	15.08, 0.87, -9.23 	-10.46, 27.87, -7.04 	0.00, -0.00 	13,20,17,165		7.70,2.67	1000,1 	0
3523    	15.08, 0.86, -9.22 	-10.45, 27.87, -7.04 	0.00, -0.00 	13,20,17,174		3.55,3.21	1000,1 	0
3531    	15.08, 0.85, -9.22 	-10.46, 27.87, -7.03 	0.00, -0.00 	13,20,17,183		3.55,3.21	1000,1 	0
3540    	15.10, 0.84, -9.21 	-10.45, 27.87, -7.04 	0.00, -0.00 	13,20,17,193		5.50,2.41	1000,1 	0
3549    	15.10, 0.80, -9.20 	-10.46, 27.87, -7.03 	0.00, -0.00 	13,20,17,203		7.99,2.41	1000,1 	0
3557    	15.10, 0.79, -9.18 	-10.46, 27.87, -7.03 	0.00, -0.00 	13,20,17,212		3.55,0.00	1000,1 	0
3566    	15.10, 0.76, -9.17 	-10.47, 27.87, -7.03 	0.00, -0.00 	13,20,17,222		7.99,2.41	1000,1 	0
3575    	15.12, 0.74, -9.15 	-10.46, 27.87, -7.03 	0.00, -0.00 	13,20,17,232		7.18,2.41	1000,1 	0
3583    	15.13, 0.72, -9.15 	-10.46, 27.87, -7.03 	0.00, -0.00 	13,20,17,241		7.79,0.00	1000,1 	0
3592    	15.15, 0.71, -9.13 	-10.46, 27.86, -7.03 	0.00, -0.00 	13,20,17,251		5.50,2.67	1000,1 	0
3601    	15.18, 0.73, -9.14 	-10.45, 27.85, -7.03 	0.00, -0.00 	13,20,17,261		8.98,3.62	1000,1 	0
3610    	15.21, 0.72, -9.13 	-10.44, 27.85, -7.03 	0.00, -0.00 	13,20,17,271		10.27,3.21	1000,1 	0
3618    	15.25, 0.71, -9.11 	-10.44, 27.85, -7.03 	0.00, -0.00 	13,20,17,280		13.32,0.00	1000,1 	0
3627    	15.27, 0.71, -9.11 	-10.44, 27.84, -7.03 	0.00, -0.00 	13,20,17,290		4.82,2.67	1000,1 	0
3636    	15.26, 0.69, -9.10 	-10.43, 27.84, -7.03 	0.00, -0.00 	13,20,17,300		5.33,2.41	1000,1 	0
3644    	15.27, 0.68, -9.08 	-10.43, 27.83, -7.04 	0.00, -0.00 	13,20,17,309		4.79,3.56	1000,1 	0
3653    	15.28, 0.66, -9.08 	-10.43, 27.83, -7.04 	0.00, -0.00 	13,20,17,319		4.79,0.00	1000,1 	0
3662    	15.31, 0.64, -9.07 	-10.42, 27.84, -7.03 	0.00, -0.00 	13,20,17,329		8.97,3.57	1000,1 	0
3670    	15.33, 0.63, -9.06 	-10.42, 27.84, -7.03 	0.00, -0.00 	13,20,17,338		7.34,0.00	1000,1 	0
3679    	15.33, 0.63, -9.06 	-10.42, 27.83, -7.03 	0.00, -0.00 	13,20,17,348		0.00,2.67	1000,1 	0
3688    	15.33, 0.61, -9.05 	-10.42, 27.82, -7.03 	0.00, -0.00 	13,20,17,358		5.33,2.67	1000,1 	0
3696    	15.35, 0.60, -9.04 	-10.43, 27.83, -7.03 	0.00, -0.00 	13,20,17,367		7.34,4.83	1000,1 	0
3705    	15.36, 0.60, -9.05 	-10.42, 27.82, -7.03 	0.00, -0.00 	13,20,17,377		2.41,3.62	1000,1 	0
3714    	15.39, 0.59, -9.04 	-10.41, 27.82, -7.03 	0.00, -0.00 	13,20,17,387		7.70,2.41	1000,1 	0
3722    	15.39, 0.58, -9.03 	-10.41, 27.81, -7.03 	0.00, -0.00 	13,20,17,396		3.55,3.56	1000,1 	0
3731    	15.40, 0.56, -9.02 	-10.41, 27.81, -7.03 	0.00, -0.00 	13,20,17,406		5.84,0.00	1000,1 	0
3740    	15.41, 0.55, -9.03 	-10.41, 27.80, -7.02 	0.00, -0.00 	13,20,17,416		3.59,2.67	1000,1 	0
3748    	15.42, 0.53, -9.02 	-10.42, 27.81, -7.02 	0.00, -0.00 	13,20,17,425		7.79,4.83	1000,1 	0
3757    	15.41, 0.53, -9.01 	-10.42, 27.80, -7.02 	0.00, -0.00 	13,20,17,435		2.41,2.67	1000,1 	0
3766    	15.41, 0.52, -9.01 	-10.42, 27.80, -7.02 	0.00, -0.00 	13,20,17,445		2.66,0.00	1000,1 	0
3774    	15.44, 0.50, -9.01 	-10.42, 27.79, -7.02 	0.00, -0.00 	13,20,17,454		10.27,3.56	1000,1 	0
3783    	15.44, 0.50, -9.01 	-10.42, 27.78, -7.02 	0.00, -0.00 	13,20,17,464		0.00,2.67	1000,1 	0
3792    	15.45, 0.50, -9.00 	-10.42, 27.79, -7.02 	0.00, -0.00 	13,20,17,474		2.41,2.67	1000,1 	0
3801    	15.47, 0.49, -9.00 	-10.41, 27.79, -7.02 	0.00, -0.00 	13,20,17,484		7.34,3.21	1000,1 	0
3809    	15.49, 0.48, -9.00 	-10.42, 27.79, -7.02 	0.00, -0.00 	13,20,17,493		7.34,3.21	1000,1 	0
3818    	15.49, 0.48, -9.00 	-10.42, 27.79, -7.01 	0.00, -0.00 	13,20,17,503		0.00,0.00	1000,1 	0
3827    	15.49, 0.47, -8.99 	-10.41, 27.79, -7.02 	0.00, -0.00 	13,20,17,513		2.66,2.41	1000,1 	0
3835    	15.51, 0.45, -8.98 	-10.42, 27.78, -7.01 	0.00, -0.00 	13,20,17,522		9.57,4.76	1000,1 	0
3844    	15.51, 0.44, -8.97 	-10.41, 27.78, -7.01 	0.00, -0.00 	13,20,17,532		2.66,2.41	1000,1 	0
3853    	15.50, 0.44, -8.98 	-10.42, 27.78, -7.02 	0.00, -0.00 	13,20,17,542		2.41,2.41	1000,1 	0
3861    	15.52, 0.45, -8.97 	-10.41, 27.78, -7.01 	0.00, -0.00 	13,20,17,551		7.34,3.21	1000,1 	0
3871    	15.52, 0.45, -8.97 	-10.42, 27.77, -7.01 	0.00, -0.00 	13,20,17,562		3.21,4.76	1000,1 	0
3879    	15.53, 0.46, -8.97 	-10.41, 27.77, -7.01 	0.00, -0.00 	13,20,17,571		4.79,3.21	1000,1 	0
3887    	15.54, 0.45, -8.97 	-10.40, 27.77, -7.01 	0.00, -0.00 	13,20,17,580		4.79,3.21	1000,1 	0
3896    	15.55, 0.46, -8.96 	-10.40, 27.77, -7.01 	0.00, -0.00 	13,20,17,590		3.59,0.00	1000,1 	0
3905    	15.55, 0.45, -8.97 	-10.41, 27.77, -7.02 	0.00, -0.00 	13,20,17,600		2.66,2.41	1000,1 	0
3913    	15.56, 0.44, -8.96 	-10.41, 27.77, -7.01 	0.00, -0.00 	13,20,17,609		4.79,0.00	1000,1 	0
3922    	15.56, 0.42, -8.95 	-10.41, 27.77, -7.01 	0.00, -0.00 	13,20,17,619		5.33,0.00	1000,1 	0
3931    	15.57, 0.43, -8.96 	-10.41, 27.77, -7.01 	0.00, -0.00 	13,20,17,629		3.59,0.00	1000,1 	0
3941    	15.58, 0.43, -8.95 	-10.41, 27.77, -7.01 	0.00, -0.00 	13,20,17,639		3.21,0.00	1000,1 	0
3949    	15.59, 0.42, -8.95 	-10.40, 27.77, -7.01 	0.00, -0.00 	13,20,17,648		7.18,4.81	1000,1 	0
3958    	15.58, 0.42, -8.95 	-10.40, 27.76, -7.01 	0.00, -0.00 	13,20,17,658		3.21,3.56	0,0 	0
3967    	15.58, 0.42, -8.95 	-10.39, 27.76, -7.01 	0.00, -0.00 	13,20,17,668		0.00,4.81	0,0 	0
3975    	15.59, 0.41, -8.95 	-10.41, 27.77, -7.01 	0.00, -0.00 	13,20,17,677		7.18,11.08	0,0 	0
3984    	15.61, 0.41, -8.94 	-10.40, 27.74, -7.01 	0.00, -0.00 	13,20,17,687		4.82,5.90	0,0 	0
3993    	15.61, 0.41, -8.94 	-10.41, 27.76, -7.01 	0.00, -0.00 	13,20,17,697		0.00,4.83	0,0 	0
4001    	15.61, 0.41, -8.94 	-10.41, 27.76, -7.01 	0.00, -0.00 	13,20,17,706		0.00,0.00	0,0 	0
4010    	15.62, 0.40, -8.93 	-10.41, 27.75, -7.01 	0.00, -0.00 	13,20,17,716		4.79,3.56	0,0 	0
4019    	15.62, 0.41, -8.93 	-10.41, 27.76, -7.01 	0.00, -0.00 	13,20,17,726		3.55,3.56	0,0 	0
4027    	15.63, 0.41, -8.93 	-10.41, 27.75, -7.01 	0.00, -0.00 	13,20,17,735		4.82,5.35	0,0 	0
4036    	15.62, 0.41, -8.93 	-10.41, 27.75, -7.00 	0.00, -0.00 	13,20,17,745		3.21,0.00	0,0 	0
4045    	15.63, 0.42, -8.94 	-10.41, 27.75, -7.01 	0.00, -0.00 	13,20,17,755		4.79,0.00	0,0 	0
4053    	15.64, 0.41, -8.94 	-10.41, 27.75, -7.00 	0.00, -0.00 	13,20,17,764		7.18,0.00	0,0 	0
4062    	15.64, 0.42, -8.94 	-10.41, 27.75, -7.01 	0.00, -0.00 	13,20,17,774		5.33,0.00	0,0 	0
4071    	15.65, 0.42, -8.94 	-10.41, 27.75, -7.01 	0.00, -0.00 	13,20,17,784		3.21,0.00	0,0 	0
4079    	15.66, 0.42, -8.94 	-10.40, 27.74, -7.00 	0.00, -0.00 	13,20,17,793		4.82,4.81	0,0 	0
4089    	15.67, 0.43, -8.94 	-10.41, 27.75, -7.00 	0.00, -0.00 	13,20,17,804		4.79,3.21	0,0 	0
4097    	15.67, 0.42, -8.94 	-10.41, 27.73, -7.00 	0.00, -0.00 	13,20,17,813		5.33,5.35	0,0 	0
4105    	15.67, 0.43, -8.94 	-10.41, 27.75, -7.00 	0.00, -0.00 	13,20,17,822		5.33,5.35	0,0 	0
4114    	15.68, 0.44, -8.94 	-10.41, 27.75, -7.00 	0.00, -0.00 	13,20,17,832		4.79,0.00	0,0 	0
4123    	15.68, 0.43, -8.94 	-10.41, 27.75, -7.00 	0.00, -0.00 	13,20,17,842		3.55,0.00	0,0 	0
4132    	15.69, 0.43, -8.93 	-10.41, 27.75, -7.01 	0.00, -0.00 	13,20,17,852		4.82,0.00	0,0 	0
4140    	15.70, 0.42, -8.94 	-10.42, 27.75, -7.00 	0.00, -0.00 	13,20,17,861		7.18,4.81	0,0 	0
4149    	15.71, 0.43, -8.93 	-10.42, 27.76, -7.01 	0.00, -0.00 	13,20,17,871		4.79,3.56	0,0 	0
4158    	15.70, 0.41, -8.93 	-10.42, 27.76, -7.01 	0.00, -0.00 	13,20,17,881		11.70,0.00	0,0 	0
4166    	15.71, 0.42, -8.93 	-10.42, 27.76, -7.01 	0.00, -0.00 	13,20,17,890		7.18,0.00	0,0 	0
4175    	15.73, 0.42, -8.93 	-10.41, 27.75, -7.00 	0.00, -0.00 	13,20,17,900		6.42,4.83	0,0 	0
4184    	15.73, 0.41, -8.92 	-10.42, 27.75, -7.00 	0.00, -0.00 	13,20,17,910		5.33,4.81	0,0 	0
4192    	15.74, 0.41, -8.92 	-10.42, 27.75, -7.00 	0.00, -0.00 	13,20,17,919		4.82,0.00	0,0 	0
4201    	15.74, 0.40, -8.91 	-10.42, 27.75, -7.00 	0.00, -0.00 	13,20,17,929		3.55,0.00	0,0 	0
4210    	15.74, 0.39, -8.92 	-10.41, 27.73, -7.00 	0.00, -0.00 	13,20,17,939		3.55,4.83	0,0 	0
4218    	15.74, 0.39, -8.91 	-10.42, 27.75, -7.00 	0.00, -0.00 	13,20,17,948		0.00,7.25	0,0 	0
4227    	15.74, 0.40, -8.92 	-10.41, 27.75, -7.00 	0.00, -0.00 	13,20,17,958		3.55,3.21	0,0 	0
4236    	15.75, 0.40, -8.92 	-10.41, 27.75, -7.00 	0.00, -0.00 	13,20,17,968		3.21,0.00	0,0 	0
4244    	15.75, 0.39, -8.91 	-10.41, 27.75, -7.00 	0.00, -0.00 	13,20,17,977		5.33,0.00	0,0 	0
4254    	15.76, 0.40, -8.91 	-10.41, 27.73, -7.00 	0.00, -0.00 	13,20,17,988		7.18,5.35	0,0 	0
4262    	15.78, 0.39, -8.90 	-10.41, 27.75, -7.00 	0.00, -0.00 	13,20,17,997		11.01,5.35	0,0 	0
4270    	15.77, 0.37, -8.91 	-10.40, 27.73, -7.00 	0.00, -0.00 	13,20,18,6		11.70,7.25	0,0 	0
4279    	15.77, 0.37, -8.90 	-10.41, 27.73, -7.00 	0.00, -0.00 	13,20,18,16		0.00,3.21	0,0 	0
4288    	15.77, 0.37, -8.90 	-10.41, 27.73, -7.00 	0.00, -0.00 	13,20,18,26		0.00,0.00	0,0 	0
4296    	15.78, 0.37, -8.90 	-10.40, 27.73, -7.00 	0.00, -0.00 	13,20,18,35		4.82,4.81	0,0 	0
4305    	15.78, 0.36, -8.91 	-10.41, 27.72, -7.00 	0.00, -0.00 	13,20,18,45		3.55,4.76	0,0 	0
4314    	15.78, 0.34, -8.90 	-10.40, 27.72, -7.00 	0.00, -0.00 	13,20,18,55		4.79,3.21	0,0 	0
4322    	15.78, 0.33, -8.90 	-10.39, 27.71, -7.00 	0.00, -0.00 	13,20,18,64		5.33,7.25	0,0 	0
4331    	15.79, 0.34, -8.89 	-10.39, 27.69, -7.00 	0.00, -0.00 	13,20,18,74		4.79,7.13	0,0 	0
4340    	15.80, 0.32, -8.89 	-10.38, 27.68, -7.00 	0.00, -0.00 	13,20,18,84		7.79,4.83	0,0 	0
4349    	15.81, 0.31, -8.89 	-10.36, 27.65, -7.00 	0.00, -0.00 	13,20,18,94		7.18,18.83	0,0 	0
4357    	15.83, 0.29, -8.89 	-10.35, 27.63, -6.99 	0.00, -0.00 	13,20,18,103		14.36,11.79	0,0 	0
4366    	15.84, 0.28, -8.89 	-10.32, 27.59, -6.99 	0.00, -0.00 	13,20,18,113		4.79,16.83	0,0 	0
4375    	15.86, 0.26, -8.88 	-10.29, 27.55, -6.99 	0.00, -0.00 	13,20,18,123		14.36,25.98	0,0 	0
4383    	15.88, 0.24, -8.89 	-10.25, 27.49, -6.98 	0.00, -0.00 	13,20,18,132		14.36,37.66	0,0 	0
4392    	15.92, 0.20, -8.89 	-10.20, 27.39, -6.98 	0.00, -0.00 	13,20,18,142		19.15,36.08	0,0 	0
4401    	15.97, 0.15, -8.89 	-10.12, 27.27, -6.97 	0.00, -0.00 	13,20,18,152		9.18,20.22	0,0 	0
4409    	16.04, 0.10, -8.88 	-10.04, 27.13, -6.97 	0.00, -0.00 	13,20,18,161		13.38,22.84	0,0 	0
4418    	16.15, 0.02, -8.89 	-9.94, 27.00, -6.96 	0.00, -0.00 	13,20,18,171		16.19,20.95	0,0 	0
4427    	16.26, -0.07, -8.89 	-9.88, 26.89, -6.96 	0.00, -0.00 	13,20,18,181		20.41,18.83	0,0 	0
4435    	16.39, -0.22, -8.89 	-9.80, 26.76, -6.96 	0.00, -0.00 	13,20,18,190		28.72,21.52	0,0 	0
4445    	16.52, -0.38, -8.89 	-9.72, 26.65, -6.96 	0.00, -0.00 	13,20,18,201		25.37,16.59	0,0 	0
4453    	16.61, -0.56, -8.89 	-9.63, 26.53, -6.97 	0.00, -0.00 	13,20,18,210		34.18,24.52	0,0 	0
4461    	16.69, -0.72, -8.89 	-9.55, 26.42, -6.96 	0.00, -0.00 	13,20,18,219		25.34,19.80	0,0 	0
4470    	16.78, -0.83, -8.92 	-9.45, 26.30, -6.96 	0.00, -0.00 	13,20,18,229		17.16,19.14	0,0 	0
4479    	16.89, -0.91, -8.93 	-9.34, 26.19, -6.96 	0.00, -0.00 	13,20,18,239		20.51,22.78	0,0 	0
4487    	17.03, -0.99, -8.94 	-9.23, 26.07, -6.97 	0.00, -0.00 	13,20,18,248		22.01,23.73	0,0 	0
4496    	17.15, -1.04, -8.96 	-9.11, 25.95, -6.97 	0.00, -0.00 	13,20,18,258		15.12,18.45	0,0 	0
4505    	17.30, -1.11, -9.01 	-8.98, 25.79, -6.97 	0.00, -0.00 	13,20,18,268		22.57,29.27	0,0 	0
4514    	17.46, -1.16, -9.08 	-8.85, 25.64, -6.97 	0.00, -0.00 	13,20,18,278		24.60,28.99	0,0 	0
4522    	17.65, -1.22, -9.12 	-8.70, 25.44, -6.96 	0.00, -0.00 	13,20,18,287		28.99,34.62	0,0 	0
4531    	17.84, -1.32, -9.15 	-8.54, 25.23, -6.94 	0.00, -0.00 	13,20,18,297		30.74,38.74	0,0 	0
4540    	17.99, -1.48, -9.18 	-8.37, 25.01, -6.92 	0.00, -0.00 	13,20,18,307		30.77,38.74	0,0 	0
4548    	18.16, -1.65, -9.22 	-8.19, 24.79, -6.92 	0.00, -0.00 	13,20,18,316		34.73,41.67	0,0 	0
4557    	18.39, -1.73, -9.29 	-7.99, 24.59, -6.93 	0.00, -0.00 	13,20,18,326		30.80,35.15	0,0 	0
4566    	18.61, -1.82, -9.36 	-7.76, 24.38, -6.94 	0.00, -0.00 	13,20,18,335		33.91,44.30	0,0 	0
4574    	18.73, -1.98, -9.41 	-7.54, 24.17, -6.94 	0.00, -0.00 	13,20,18,345		28.17,43.24	0,0 	0
4583    	18.90, -2.05, -9.49 	-7.33, 23.97, -6.96 	0.00, -0.00 	13,20,18,354		23.59,36.95	0,0 	0
4592    	19.11, -2.11, -9.56 	-7.10, 23.76, -6.98 	0.00, -0.00 	13,20,18,364		31.21,43.24	0,0 	0
4600    	19.37, -2.13, -9.61 	-6.86, 23.54, -7.00 	0.00, -0.00 	13,20,18,374		35.91,47.37	0,0 	0
4609    	19.58, -2.25, -9.61 	-6.64, 23.33, -7.03 	0.00, -0.00 	13,20,18,383		30.26,37.84	0,0 	0
4618    	19.74, -2.42, -9.61 	-6.42, 23.14, -7.06 	0.00, -0.00 	13,20,18,393		33.76,42.22	0,0 	0
4626    	19.93, -2.57, -9.64 	-6.19, 22.99, -7.11 	0.00, -0.00 	13,20,18,402		34.80,38.44	0,0 	0
4635    	20.16, -2.70, -9.66 	-5.97, 22.85, -7.17 	0.00, -0.00 	13,20,18,412		33.68,32.19	0,0 	0
4644    	20.35, -2.81, -9.70 	-5.74, 22.69, -7.22 	0.00, -0.00 	13,20,18,422		30.25,40.46	0,0 	0
4652    	20.45, -2.89, -9.75 	-5.57, 22.54, -7.27 	0.00, -0.00 	13,20,18,431		18.51,32.95	0,0 	0
4662    	20.56, -2.96, -9.80 	-5.37, 22.37, -7.33 	0.00, -0.00 	13,20,18,442		16.19,32.43	0,0 	0
4670    	20.71, -3.02, -9.85 	-5.21, 22.19, -7.39 	0.00, -0.00 	13,20,18,451		27.80,41.06	0,0 	0
4678    	20.93, -3.07, -9.89 	-5.04, 21.99, -7.46 	0.00, -0.00 	13,20,18,460		32.23,36.35	0,0 	0
4687    	21.16, -3.15, -9.93 	-4.89, 21.81, -7.53 	0.00, -0.00 	13,20,18,470		26.37,26.67	0,0 	0
4696    	21.37, -3.22, -9.97 	-4.76, 21.63, -7.62 	0.00, -0.00 	13,20,18,480		31.62,31.74	0,0 	0
4705    	21.60, -3.24, -10.00 	-4.64, 21.44, -7.71 	0.00, -0.00 	13,20,18,490		33.17,30.97	0,0 	0
4713    	21.84, -3.36, -10.01 	-4.55, 21.24, -7.80 	0.00, -0.00 	13,20,18,499		38.25,32.30	0,0 	0
4722    	22.05, -3.54, -10.00 	-4.45, 21.05, -7.88 	0.00, -0.00 	13,20,18,509		34.84,27.06	0,0 	0
4731    	22.21, -3.72, -9.99 	-4.33, 20.84, -7.96 	0.00, -0.00 	13,20,18,519		33.96,33.60	0,0 	0
4739    	22.33, -3.87, -10.00 	-4.25, 20.63, -8.05 	0.00, -0.00 	13,20,18,528		27.81,32.62	0,0 	0
4748    	22.47, -4.02, -10.01 	-4.16, 20.43, -8.14 	0.00, -0.00 	13,20,18,538		25.13,26.53	0,0 	0
4757    	22.62, -4.10, -10.00 	-4.07, 20.21, -8.22 	0.00, -0.00 	13,20,18,548		25.15,35.09	0,0 	0
4765    	22.72, -4.19, -10.02 	-3.96, 19.96, -8.28 	0.00, -0.00 	13,20,18,557		18.37,38.46	0,0 	0
4774    	22.84, -4.30, -10.02 	-3.89, 19.68, -8.34 	0.00, -0.00 	13,20,18,567		21.43,35.88	0,0 	0
4783    	23.02, -4.43, -10.05 	-3.81, 19.38, -8.38 	0.00, -0.00 	13,20,18,577		31.89,44.32	0,0 	0
4791    	23.24, -4.55, -10.05 	-3.72, 19.08, -8.42 	0.00, -0.00 	13,20,18,586		35.80,44.70	0,0 	0
4800    	23.47, -4.61, -10.05 	-3.63, 18.76, -8.46 	0.00, -0.00 	13,20,18,596		28.82,41.69	0,0 	0
4809    	23.66, -4.74, -10.05 	-3.53, 18.44, -8.49 	0.00, -0.00 	13,20,18,606		33.02,48.47	0,0 	0
4817    	23.83, -4.94, -10.02 	-3.45, 18.10, -8.51 	0.00, -0.00 	13,20,18,615		38.07,50.26	0,0 	0
4826    	24.05, -5.14, -10.00 	-3.36, 17.73, -8.52 	0.00, -0.00 	13,20,18,625		36.62,46.87	0,0 	0
4835    	24.26, -5.25, -9.99 	-3.27, 17.34, -8.50 	0.00, -0.00 	13,20,18,636		33.39,58.04	0,0 	0
4843    	24.37, -5.36, -9.99 	-3.18, 16.92, -8.48 	0.00, -0.00 	13,20,18,644		22.45,61.02	0,0 	0
4852    	24.49, -5.47, -9.98 	-3.16, 16.52, -8.46 	0.00, -0.00 	13,20,18,654		19.65,49.54	0,0 	0
4861    	24.65, -5.57, -9.97 	-3.12, 16.14, -8.45 	0.00, -0.00 	13,20,18,664		27.90,55.20	0,0 	0
4869    	24.83, -5.64, -9.98 	-3.01, 15.80, -8.45 	0.00, -0.00 	13,20,18,673		27.69,51.82	0,0 	0
4878    	25.04, -5.70, -9.96 	-2.90, 15.41, -8.42 	0.00, -0.00 	13,20,18,683		24.59,44.53	0,0 	0
4887    	25.25, -5.83, -9.96 	-2.80, 14.96, -8.36 	0.00, -0.00 	13,20,18,693		34.18,65.81	0,0 	0
4896    	25.44, -6.00, -9.94 	-2.73, 14.54, -8.31 	0.00, -0.00 	13,20,18,703		36.74,60.48	0,0 	0
4904    	25.66, -6.17, -9.92 	-2.62, 14.15, -8.27 	0.00, -0.00 	13,20,18,712		39.92,58.72	0,0 	0
4913    	25.82, -6.28, -9.88 	-2.48, 13.76, -8.21 	0.00, -0.00 	13,20,18,722		24.41,51.22	0,0 	0
4922    	25.93, -6.36, -9.85 	-2.38, 13.39, -8.16 	0.00, -0.00 	13,20,18,732		19.42,55.40	0,0 	0
4930    	26.01, -6.42, -9.84 	-2.29, 13.01, -8.10 	0.00, -0.00 	13,20,18,741		13.38,55.05	0,0 	0
4939    	26.12, -6.45, -9.84 	-2.21, 12.62, -8.07 	0.00, -0.00 	13,20,18,751		14.99,49.48	0,0 	0
4948    	26.24, -6.52, -9.81 	-2.06, 12.25, -8.01 	0.00, -0.00 	13,20,18,761		19.65,57.59	0,0 	0
4956    	26.34, -6.64, -9.78 	-1.91, 11.92, -7.94 	0.00, -0.00 	13,20,18,770		22.56,51.93	0,0 	0
4965    	26.46, -6.79, -9.73 	-1.83, 11.54, -7.85 	0.00, -0.00 	13,20,18,780		23.58,47.90	0,0 	0
4974    	26.62, -6.95, -9.67 	-1.76, 11.14, -7.77 	0.00, -0.00 	13,20,18,790		32.68,58.98	0,0 	0
4982    	26.77, -7.06, -9.59 	-1.62, 10.79, -7.71 	0.00, -0.00 	13,20,18,799		25.64,53.34	0,0 	0
4991    	26.94, -7.17, -9.53 	-1.55, 10.44, -7.64 	0.00, -0.00 	13,20,18,809		26.15,44.80	0,0 	0
5000    	27.05, -7.30, -9.45 	-1.53, 10.04, -7.53 	0.00, -0.00 	13,20,18,819		23.71,56.62	0,0 	0
5008    	27.11, -7.46, -9.39 	-1.48, 9.70, -7.44 	0.00, -0.00 	13,20,18,828		24.77,49.46	0,0 	0
5017    	27.24, -7.59, -9.35 	-1.44, 9.39, -7.37 	0.00, -0.00 	13,20,18,838		22.36,39.13	0,0 	0
5026    	27.32, -7.66, -9.29 	-1.33, 9.08, -7.31 	0.00, -0.00 	13,20,18,848		15.32,47.02	0,0 	0
5034    	27.36, -7.76, -9.24 	-1.22, 8.79, -7.23 	0.00, -0.00 	13,20,18,857		15.33,44.65	0,0 	0
5043    	27.41, -7.86, -9.19 	-1.16, 8.51, -7.18 	0.00, -0.00 	13,20,18,867		13.41,35.60	0,0 	0
5052    	27.51, -7.94, -9.15 	-1.09, 8.20, -7.10 	0.00, -0.00 	13,20,18,877		18.37,45.47	0,0 	0
5060    	27.65, -8.00, -9.12 	-1.00, 7.88, -7.05 	0.00, -0.00 	13,20,18,886		22.57,47.64	0,0 	0
5069    	27.77, -8.09, -9.08 	-0.85, 7.58, -7.01 	0.00, -0.00 	13,20,18,896		15.95,37.15	0,0 	0
5078    	27.82, -8.26, -9.01 	-0.78, 7.32, -6.99 	0.00, -0.00 	13,20,18,906		25.30,38.04	0,0 	0
5087    	27.89, -8.41, -8.98 	-0.76, 7.13, -6.98 	0.00, -0.00 	13,20,18,916		23.98,27.67	0,0 	0
5095    	27.95, -8.47, -8.96 	-0.77, 6.98, -7.00 	0.00, -0.00 	13,20,18,925		12.31,21.41	0,0 	0
5104    	28.06, -8.52, -8.93 	-0.86, 6.87, -7.02 	0.00, -0.00 	13,20,18,935		14.27,17.07	0,0 	0
5113    	28.09, -8.58, -8.92 	-0.91, 6.77, -7.00 	0.00, -0.00 	13,20,18,945		10.66,17.25	0,0 	0
5121    	28.12, -8.65, -8.89 	-0.97, 6.65, -6.98 	0.00, -0.00 	13,20,18,954		11.42,18.60	0,0 	0
5130    	28.12, -8.67, -8.90 	-0.98, 6.56, -6.97 	0.00, -0.00 	13,20,18,964		1.33,10.74	0,0 	0
5139    	28.17, -8.67, -8.91 	-0.97, 6.48, -6.97 	0.00, -0.00 	13,20,18,974		6.88,12.32	0,0 	0
5147    	28.23, -8.64, -8.90 	-0.92, 6.39, -6.99 	0.00, -0.00 	13,20,18,983		8.80,14.11	0,0 	0
5156    	28.28, -8.64, -8.91 	-0.92, 6.26, -6.99 	0.00, -0.00 	13,20,18,993		6.02,16.04	0,0 	0
5165    	28.31, -8.67, -8.90 	-0.89, 6.09, -7.00 	0.00, -0.00 	13,20,19,3		5.13,24.85	0,0 	0
5173    	28.32, -8.71, -8.90 	-0.87, 5.86, -7.02 	0.00, -0.00 	13,20,19,12		6.24,33.76	0,0 	0
5182    	28.35, -8.72, -8.90 	-0.86, 5.61, -7.03 	0.00, -0.00 	13,20,19,22		3.85,30.78	0,0 	0
5191    	28.36, -8.74, -8.89 	-0.85, 5.32, -7.04 	0.00, -0.00 	13,20,19,32		4.10,41.28	0,0 	0
5199    	28.38, -8.79, -8.88 	-0.88, 5.07, -7.07 	0.00, -0.00 	13,20,19,41		8.09,36.98	0,0 	0
5209    	28.38, -8.80, -8.89 	-0.94, 4.86, -7.13 	0.00, -0.00 	13,20,19,52		1.33,26.29	0,0 	0
5217    	28.40, -8.81, -8.90 	-0.98, 4.72, -7.17 	0.00, -0.00 	13,20,19,61		3.67,23.94	0,0 	0
5225    	28.43, -8.83, -8.90 	-1.01, 4.61, -7.22 	0.00, -0.00 	13,20,19,70		4.40,17.60	0,0 	0
5234    	28.41, -8.84, -8.91 	-1.06, 4.47, -7.23 	0.00, -0.00 	13,20,19,80		2.75,18.30	0,0 	0
5243    	28.47, -8.86, -8.91 	-1.08, 4.33, -7.23 	0.00, -0.00 	13,20,19,90		8.80,20.00	0,0 	0
5252    	28.46, -8.87, -8.91 	-1.07, 4.17, -7.25 	0.00, -0.00 	13,20,19,100		2.05,22.97	0,0 	0
5260    	28.51, -8.88, -8.91 	-1.04, 4.00, -7.26 	0.00, -0.00 	13,20,19,109		6.17,21.74	0,0 	0
5269    	28.50, -8.95, -8.89 	-1.01, 3.81, -7.25 	0.00, -0.00 	13,20,19,119		9.40,24.38	0,0 	0
5278    	28.54, -8.95, -8.89 	-1.01, 3.61, -7.23 	0.00, -0.00 	13,20,19,129		5.50,27.49	0,0 	0
5286    	28.53, -9.00, -8.87 	-1.10, 3.44, -7.22 	0.00, -0.00 	13,20,19,138		6.24,27.86	0,0 	0
5295    	28.56, -9.01, -8.87 	-1.17, 3.32, -7.22 	0.00, -0.00 	13,20,19,148		7.70,36.00	0,0 	0
5304    	28.58, -9.04, -8.87 	-1.21, 3.17, -7.21 	0.00, -0.00 	13,20,19,158		9.33,38.50	0,0 	0
5312    	28.61, -9.02, -8.88 	-1.21, 3.02, -7.19 	0.00, -0.00 	13,20,19,167		14.68,49.95	0,0 	0
5321    	28.63, -9.03, -8.87 	-1.18, 2.89, -7.18 	0.00, -0.00 	13,20,19,177		5.50,32.98	0,0 	0
5330    	28.66, -9.08, -8.87 	-1.16, 2.74, -7.16 	0.00, -0.00 	13,20,19,187		15.15,37.80	0,0 	0
5338    	28.73, -9.06, -8.89 	-1.11, 2.59, -7.15 	0.00, -0.00 	13,20,19,196		17.68,40.31	0,0 	0
5347    	28.76, -9.08, -8.89 	-1.05, 2.37, -7.11 	0.00, -0.00 	13,20,19,206		8.97,55.58	0,0 	0
5356    	28.77, -9.15, -8.88 	-0.99, 2.17, -7.08 	0.00, -0.00 	13,20,19,216		16.16,53.01	0,0 	0
5364    	28.81, -9.22, -8.87 	-0.91, 1.99, -7.07 	0.00, -0.00 	13,20,19,225		20.98,49.62	0,0 	0
5373    	28.82, -9.30, -8.86 	-0.85, 1.82, -7.08 	0.00, -0.00 	13,20,19,235		21.44,45.34	0,0 	0
5382    	28.87, -9.37, -8.87 	-0.78, 1.64, -7.08 	0.00, -0.00 	13,20,19,245		21.54,46.20	0,0 	0
5390    	28.85, -9.49, -8.85 	-0.73, 1.48, -7.08 	0.00, -0.00 	13,20,19,254		30.18,42.03	0,0 	0
5399    	28.87, -9.59, -8.85 	-0.68, 1.35, -7.07 	0.00, -0.00 	13,20,19,264		27.59,34.43	0,0 	0
5408    	28.94, -9.67, -8.87 	-0.60, 1.26, -7.07 	0.00, -0.00 	13,20,19,274		25.13,32.61	0,0 	0
