#Time 	Sensor1         Sensor2         Target          Time            Vel             
#================================================================

16      	30.35, -10.18, -8.74 	-0.09, 0.57, -6.71 	0.00, 30.00 	13,22,4,278		0.00,0.00	0,0 	0
21      	30.37, -10.18, -8.75 	-0.06, 0.57, -6.72 	0.00, 30.00 	13,22,4,287		3.85,5.77	0,0 	0
30      	30.39, -10.24, -8.72 	-0.07, 0.57, -6.71 	0.00, 30.00 	13,22,4,297		7.42,1.07	0,0 	0
39      	30.38, -10.24, -8.74 	-0.03, 0.59, -6.73 	0.00, 30.00 	13,22,4,307		1.07,4.86	0,0 	0
47      	30.39, -10.28, -8.73 	-0.04, 0.60, -6.72 	0.00, 30.00 	13,22,4,316		4.17,1.81	0,0 	0
56      	30.38, -10.30, -8.73 	-0.06, 0.61, -6.73 	0.00, 30.00 	13,22,4,326		2.60,2.46	0,0 	0
65      	30.40, -10.29, -8.75 	-0.02, 0.60, -6.73 	0.00, 30.00 	13,22,4,336		2.45,4.46	0,0 	0
74      	30.40, -10.31, -8.73 	-0.04, 0.61, -6.71 	0.00, 30.00 	13,22,4,346		2.60,2.46	0,0 	0
82      	30.42, -10.32, -8.74 	-0.06, 0.60, -6.71 	0.00, 30.00 	13,22,4,355		2.75,2.73	0,0 	0
91      	30.46, -10.33, -8.72 	-0.04, 0.61, -6.71 	0.00, 30.00 	13,22,4,365		4.44,2.43	0,0 	0
99      	30.45, -10.32, -8.73 	-0.03, 0.61, -6.71 	0.00, 30.00 	13,22,4,374		1.79,1.20	0,0 	0
108     	30.42, -10.36, -8.73 	-0.05, 0.61, -6.71 	0.00, 30.00 	13,22,4,384		5.72,2.14	0,0 	0
117     	30.45, -10.39, -8.73 	-0.06, 0.60, -6.71 	0.00, 30.00 	13,22,4,394		4.79,1.59	0,0 	0
125     	30.44, -10.39, -8.73 	-0.06, 0.59, -6.69 	0.00, 30.00 	13,22,4,403		1.20,1.34	0,0 	0
134     	30.45, -10.38, -8.73 	-0.06, 0.58, -6.69 	0.00, 30.00 	13,22,4,413		1.60,1.19	0,0 	0
143     	30.43, -10.39, -8.72 	-0.07, 0.58, -6.68 	0.00, 30.00 	13,22,4,423		2.45,1.07	0,0 	0
151     	30.42, -10.40, -8.72 	-0.09, 0.58, -6.68 	0.00, 30.00 	13,22,4,432		1.80,2.41	0,0 	0
160     	30.42, -10.39, -8.73 	-0.05, 0.59, -6.68 	0.00, 30.00 	13,22,4,442		1.18,4.42	0,0 	0
169     	30.45, -10.40, -8.73 	-0.05, 0.59, -6.68 	0.00, 30.00 	13,22,4,452		3.42,0.00	0,0 	0
178     	30.46, -10.40, -8.74 	-0.06, 0.60, -6.69 	0.00, 30.00 	13,22,4,462		1.07,1.61	0,0 	0
186     	30.46, -10.42, -8.73 	-0.06, 0.59, -6.69 	0.00, 30.00 	13,22,4,471		2.66,1.34	0,0 	0
195     	30.47, -10.41, -8.72 	-0.02, 0.58, -6.69 	0.00, 30.00 	13,22,4,481		1.60,4.46	0,0 	0
204     	30.44, -10.41, -8.71 	-0.03, 0.58, -6.69 	0.00, 30.00 	13,22,4,491		3.21,1.07	0,0 	0
212     	30.45, -10.42, -8.71 	-0.05, 0.59, -6.69 	0.00, 30.00 	13,22,4,500		1.80,2.77	0,0 	0
221     	30.43, -10.42, -8.71 	-0.05, 0.58, -6.68 	0.00, 30.00 	13,22,4,510		2.14,1.19	0,0 	0
230     	30.45, -10.41, -8.72 	-0.06, 0.59, -6.68 	0.00, 30.00 	13,22,4,520		2.45,1.61	0,0 	0
238     	30.47, -10.41, -8.73 	-0.06, 0.59, -6.68 	0.00, 30.00 	13,22,4,529		2.41,0.00	0,0 	0
247     	30.45, -10.45, -8.74 	-0.06, 0.60, -6.68 	0.00, 30.00 	13,22,4,539		4.15,1.19	0,0 	0
256     	30.47, -10.44, -8.73 	-0.02, 0.60, -6.68 	0.00, 30.00 	13,22,4,549		2.45,4.28	0,0 	0
265     	30.51, -10.41, -8.74 	-0.04, 0.61, -6.69 	0.00, 30.00 	13,22,4,559		4.89,2.46	0,0 	0
273     	30.49, -10.44, -8.74 	-0.04, 0.60, -6.67 	0.00, 30.00 	13,22,4,568		3.59,1.34	0,0 	0
282     	30.49, -10.46, -8.73 	-0.04, 0.60, -6.68 	0.00, 30.00 	13,22,4,578		2.37,0.00	0,0 	0
290     	30.50, -10.49, -8.71 	-0.00, 0.62, -6.68 	0.00, 30.00 	13,22,4,587		4.17,5.47	0,0 	0
299     	30.49, -10.49, -8.72 	-0.00, 0.62, -6.68 	0.00, 30.00 	13,22,4,597		1.07,0.00	0,0 	0
308     	30.49, -10.49, -8.71 	-0.00, 0.62, -6.68 	0.00, 30.00 	13,22,4,607		0.00,0.00	0,0 	0
316     	30.54, -10.48, -8.72 	0.00, 0.62, -6.68 	0.00, 30.00 	13,22,4,616		6.17,1.20	0,0 	0
325     	30.53, -10.49, -8.72 	-0.00, 0.63, -6.70 	0.00, 30.00 	13,22,4,626		1.60,1.61	0,0 	0
334     	30.53, -10.47, -8.72 	-0.01, 0.64, -6.69 	0.00, 30.00 	13,22,4,636		2.37,1.61	0,0 	0
342     	30.57, -10.48, -8.73 	-0.02, 0.64, -6.68 	0.00, 30.00 	13,22,4,645		5.00,1.20	0,0 	0
351     	30.56, -10.47, -8.74 	0.01, 0.65, -6.70 	0.00, 30.00 	13,22,4,655		1.60,4.42	0,0 	0
360     	30.59, -10.47, -8.72 	0.00, 0.65, -6.70 	0.00, 30.00 	13,22,4,665		3.21,1.07	0,0 	0
369     	30.58, -10.49, -8.71 	0.00, 0.63, -6.68 	0.00, 30.00 	13,22,4,675		2.60,2.38	0,0 	0
377     	30.56, -10.47, -8.72 	0.00, 0.63, -6.68 	0.00, 30.00 	13,22,4,684		3.59,0.00	0,0 	0
386     	30.56, -10.48, -8.72 	0.02, 0.64, -6.70 	0.00, 30.00 	13,22,4,694		1.18,2.43	0,0 	0
395     	30.59, -10.48, -8.72 	0.01, 0.64, -6.68 	0.00, 30.00 	13,22,4,704		3.21,1.07	0,0 	0
403     	30.59, -10.49, -8.72 	0.01, 0.64, -6.68 	0.00, 30.00 	13,22,4,713		1.33,0.00	0,0 	0
412     	30.59, -10.49, -8.72 	0.01, 0.65, -6.69 	0.00, 30.00 	13,22,4,723		0.00,1.19	0,0 	0
421     	30.61, -10.49, -8.72 	0.04, 0.68, -6.67 	0.00, 30.00 	13,22,4,733		2.14,3.96	0,0 	0
429     	30.59, -10.52, -8.72 	0.03, 0.70, -6.69 	0.00, 30.00 	13,22,4,742		4.67,2.95	0,0 	0
438     	30.58, -10.52, -8.73 	0.05, 0.70, -6.69 	0.00, 30.00 	13,22,4,752		1.07,2.14	0,0 	0
447     	30.61, -10.51, -8.73 	0.05, 0.70, -6.70 	0.00, 30.00 	13,22,4,762		3.42,0.00	0,0 	0
456     	30.62, -10.51, -8.72 	0.04, 0.66, -6.68 	0.00, 30.00 	13,22,4,772		1.07,3.71	0,0 	0
464     	30.63, -10.51, -8.72 	0.03, 0.69, -6.69 	0.00, 30.00 	13,22,4,781		1.20,2.95	0,0 	0
473     	30.63, -10.52, -8.72 	0.00, 0.67, -6.68 	0.00, 30.00 	13,22,4,791		1.18,3.96	0,0 	0
481     	30.64, -10.51, -8.73 	-0.00, 0.65, -6.67 	0.00, 30.00 	13,22,4,800		1.80,1.78	0,0 	0
490     	30.63, -10.50, -8.72 	0.00, 0.68, -6.68 	0.00, 30.00 	13,22,4,810		1.60,2.59	0,0 	0
499     	30.62, -10.49, -8.72 	-0.01, 0.69, -6.68 	0.00, 30.00 	13,22,4,820		1.60,1.61	0,0 	0
507     	30.63, -10.48, -8.73 	0.00, 0.69, -6.68 	0.00, 30.00 	13,22,4,829		1.80,1.20	0,0 	0
516     	30.65, -10.47, -8.73 	0.00, 0.69, -6.68 	0.00, 30.00 	13,22,4,839		2.45,0.00	0,0 	0
525     	30.64, -10.47, -8.74 	-0.02, 0.70, -6.67 	0.00, 30.00 	13,22,4,849		1.07,3.44	0,0 	0
533     	30.66, -10.46, -8.75 	-0.01, 0.68, -6.65 	0.00, 30.00 	13,22,4,858		3.85,2.95	0,0 	0
542     	30.67, -10.45, -8.75 	-0.03, 0.68, -6.66 	0.00, 30.00 	13,22,4,868		1.60,2.14	0,0 	0
551     	30.66, -10.48, -8.75 	-0.01, 0.69, -6.67 	0.00, 30.00 	13,22,4,878		4.15,2.43	0,0 	0
560     	30.66, -10.48, -8.75 	-0.01, 0.69, -6.68 	0.00, 30.00 	13,22,4,888		1.07,0.00	0,0 	0
568     	30.66, -10.48, -8.75 	-0.01, 0.68, -6.68 	0.00, 30.00 	13,22,4,897		0.00,1.34	0,0 	0
577     	30.65, -10.50, -8.74 	-0.01, 0.70, -6.68 	0.00, 30.00 	13,22,4,907		3.19,2.59	0,0 	0
586     	30.65, -10.49, -8.74 	-0.02, 0.68, -6.67 	0.00, 30.00 	13,22,4,917		1.18,3.17	0,0 	0
594     	30.64, -10.47, -8.75 	-0.04, 0.69, -6.67 	0.00, 30.00 	13,22,4,926		2.92,2.77	0,0 	0
603     	30.65, -10.48, -8.75 	-0.04, 0.68, -6.67 	0.00, 30.00 	13,22,4,936		1.60,1.19	0,0 	0
612     	30.65, -10.47, -8.75 	-0.04, 0.68, -6.66 	0.00, 30.00 	13,22,4,946		1.18,0.00	0,0 	0
620     	30.65, -10.47, -8.75 	-0.01, 0.70, -6.67 	0.00, 30.00 	13,22,4,955		0.00,5.47	0,0 	0
629     	30.66, -10.44, -8.75 	0.00, 0.69, -6.67 	0.00, 30.00 	13,22,4,965		3.71,1.61	0,0 	0
638     	30.67, -10.47, -8.74 	0.01, 0.70, -6.68 	0.00, 30.00 	13,22,4,975		4.15,1.59	0,0 	0
647     	30.68, -10.48, -8.73 	0.02, 0.68, -6.67 	0.00, 30.00 	13,22,4,985		1.60,2.62	0,0 	0
655     	30.66, -10.50, -8.72 	0.01, 0.67, -6.66 	0.00, 30.00 	13,22,4,994		4.49,1.78	0,0 	0
664     	30.67, -10.52, -8.71 	0.02, 0.69, -6.67 	0.00, 30.00 	13,22,5,4		3.19,2.59	0,0 	0
672     	30.65, -10.54, -8.71 	0.00, 0.69, -6.68 	0.00, 30.00 	13,22,5,13		4.49,2.41	0,0 	0
681     	30.65, -10.54, -8.71 	0.00, 0.68, -6.67 	0.00, 30.00 	13,22,5,23		0.00,1.19	0,0 	0
690     	30.65, -10.52, -8.72 	-0.01, 0.67, -6.68 	0.00, 30.00 	13,22,5,33		2.37,1.59	0,0 	0
698     	30.65, -10.53, -8.71 	-0.04, 0.69, -6.68 	0.00, 30.00 	13,22,5,42		1.33,5.54	0,0 	0
707     	30.66, -10.51, -8.72 	-0.04, 0.68, -6.69 	0.00, 30.00 	13,22,5,52		3.19,1.19	0,0 	0
716     	30.66, -10.51, -8.74 	-0.04, 0.70, -6.68 	0.00, 30.00 	13,22,5,62		0.00,2.38	0,0 	0
725     	30.68, -10.52, -8.73 	-0.04, 0.70, -6.68 	0.00, 30.00 	13,22,5,72		2.45,0.00	0,0 	0
733     	30.67, -10.51, -8.73 	-0.06, 0.69, -6.68 	0.00, 30.00 	13,22,5,81		1.80,2.73	0,0 	0
742     	30.67, -10.51, -8.73 	-0.06, 0.68, -6.67 	0.00, 30.00 	13,22,5,91		0.00,1.19	0,0 	0
751     	30.67, -10.51, -8.73 	-0.06, 0.67, -6.66 	0.00, 30.00 	13,22,5,101		0.00,1.19	0,0 	0
759     	30.66, -10.50, -8.74 	-0.09, 0.69, -6.67 	0.00, 30.00 	13,22,5,110		1.79,4.52	0,0 	0
768     	30.68, -10.51, -8.74 	-0.10, 0.70, -6.66 	0.00, 30.00 	13,22,5,120		2.45,1.61	0,0 	0
777     	30.69, -10.51, -8.73 	-0.10, 0.70, -6.66 	0.00, 30.00 	13,22,5,130		1.07,0.00	0,0 	0
785     	30.68, -10.55, -8.73 	-0.09, 0.72, -6.68 	0.00, 30.00 	13,22,5,139		5.46,2.91	0,0 	0
794     	30.68, -10.55, -8.75 	-0.08, 0.71, -6.69 	0.00, 30.00 	13,22,5,149		0.00,1.61	0,0 	0
803     	30.69, -10.53, -8.74 	-0.08, 0.71, -6.68 	0.00, 30.00 	13,22,5,159		2.60,0.00	0,0 	0
811     	30.70, -10.55, -8.74 	-0.03, 0.70, -6.68 	0.00, 30.00 	13,22,5,168		2.92,6.18	0,0 	0
820     	30.72, -10.55, -8.74 	-0.07, 0.70, -6.69 	0.00, 30.00 	13,22,5,178		2.14,4.28	0,0 	0
829     	30.72, -10.55, -8.73 	-0.06, 0.68, -6.67 	0.00, 30.00 	13,22,5,188		0.00,2.62	0,0 	0
838     	30.72, -10.57, -8.72 	-0.06, 0.68, -6.68 	0.00, 30.00 	13,22,5,198		2.37,0.00	0,0 	0
846     	30.71, -10.57, -8.72 	-0.08, 0.70, -6.68 	0.00, 30.00 	13,22,5,207		1.20,3.62	0,0 	0
855     	30.70, -10.57, -8.72 	-0.03, 0.69, -6.68 	0.00, 30.00 	13,22,5,217		1.07,5.49	0,0 	0
864     	30.70, -10.57, -8.72 	-0.09, 0.68, -6.68 	0.00, 30.00 	13,22,5,227		0.00,6.51	0,0 	0
872     	30.70, -10.57, -8.73 	-0.04, 0.67, -6.67 	0.00, 30.00 	13,22,5,236		0.00,6.18	0,0 	0
881     	30.70, -10.57, -8.73 	-0.12, 0.71, -6.68 	0.00, 30.00 	13,22,5,246		0.00,9.85	0,0 	0
889     	30.70, -10.56, -8.75 	-0.07, 0.68, -6.68 	0.00, 30.00 	13,22,5,255		1.33,7.28	0,0 	0
898     	30.71, -10.55, -8.75 	-0.06, 0.69, -6.69 	0.00, 30.00 	13,22,5,265		1.60,1.59	0,0 	0
907     	30.70, -10.56, -8.75 	-0.08, 0.70, -6.68 	0.00, 30.00 	13,22,5,275		1.60,2.46	0,0 	0
916     	30.72, -10.55, -8.75 	-0.08, 0.70, -6.68 	0.00, 30.00 	13,22,5,285		2.45,0.00	0,0 	0
924     	30.70, -10.57, -8.75 	-0.12, 0.69, -6.68 	0.00, 30.00 	13,22,5,294		3.59,4.97	0,0 	0
933     	30.70, -10.57, -8.75 	-0.05, 0.68, -6.67 	0.00, 30.00 	13,22,5,304		0.00,7.60	0,0 	0
942     	30.69, -10.58, -8.75 	-0.12, 0.68, -6.68 	0.00, 30.00 	13,22,5,314		1.60,7.49	0,0 	0
950     	30.67, -10.61, -8.75 	-0.02, 0.67, -6.67 	0.00, 30.00 	13,22,5,323		3.59,12.12	0,0 	0
959     	30.67, -10.63, -8.74 	-0.14, 0.70, -6.68 	0.00, 30.00 	13,22,5,333		2.37,13.37	0,0 	0
968     	30.66, -10.63, -8.74 	-0.02, 0.68, -6.67 	0.00, 30.00 	13,22,5,343		1.07,13.09	0,0 	0
976     	30.67, -10.63, -8.74 	-0.10, 0.71, -6.68 	0.00, 30.00 	13,22,5,352		1.20,10.48	0,0 	0
985     	30.69, -10.63, -8.75 	-0.13, 0.68, -6.67 	0.00, 30.00 	13,22,5,362		2.14,4.76	0,0 	0
994     	30.69, -10.64, -8.74 	-0.07, 0.69, -6.68 	0.00, 30.00 	13,22,5,372		1.18,6.51	0,0 	0
1002    	30.70, -10.61, -8.74 	-0.13, 0.70, -6.68 	0.00, 30.00 	13,22,5,381		4.17,7.36	1000,1 	0
1011    	30.71, -10.63, -8.74 	-0.07, 0.68, -6.68 	0.00, 30.00 	13,22,5,391		2.60,6.88	1000,1 	0
1020    	30.71, -10.62, -8.75 	-0.12, 0.69, -6.68 	0.00, 30.00 	13,22,5,401		1.18,5.49	1000,1 	0
1029    	30.71, -10.65, -8.74 	-0.04, 0.67, -6.68 	0.00, 30.00 	13,22,5,411		3.55,8.91	1000,1 	0
1037    	30.70, -10.65, -8.74 	-0.12, 0.70, -6.69 	0.00, 30.00 	13,22,5,420		1.20,10.48	1000,1 	0
1046    	30.71, -10.63, -8.75 	-0.08, 0.70, -6.68 	0.00, 30.00 	13,22,5,430		2.60,4.28	1000,1 	0
1055    	30.70, -10.62, -8.75 	-0.10, 0.69, -6.69 	0.00, 30.00 	13,22,5,440		1.60,2.43	1000,1 	0
1063    	30.73, -10.60, -8.76 	-0.10, 0.69, -6.69 	0.00, 30.00 	13,22,5,449		4.49,0.00	1000,1 	0
1072    	30.72, -10.61, -8.76 	-0.10, 0.71, -6.70 	0.00, 30.00 	13,22,5,459		1.60,2.38	1000,1 	0
1080    	30.76, -10.61, -8.75 	-0.10, 0.71, -6.69 	0.00, 30.00 	13,22,5,468		4.82,0.00	1000,1 	0
1089    	30.76, -10.61, -8.76 	-0.07, 0.69, -6.70 	0.00, 30.00 	13,22,5,478		0.00,4.02	1000,1 	0
1098    	30.74, -10.62, -8.76 	-0.06, 0.68, -6.68 	0.00, 30.00 	13,22,5,488		2.45,1.61	1000,1 	0
1107    	30.72, -10.60, -8.76 	-0.06, 0.71, -6.69 	0.00, 30.00 	13,22,5,498		3.19,3.56	1000,1 	0
1115    	30.73, -10.61, -8.75 	-0.08, 0.70, -6.68 	0.00, 30.00 	13,22,5,507		1.80,2.73	1000,1 	0
1124    	30.73, -10.61, -8.75 	-0.04, 0.67, -6.68 	0.00, 30.00 	13,22,5,517		0.00,5.61	1000,1 	0
1133    	30.74, -10.60, -8.75 	-0.07, 0.69, -6.68 	0.00, 30.00 	13,22,5,527		1.60,4.02	1000,1 	0
1141    	30.74, -10.58, -8.75 	-0.09, 0.69, -6.68 	0.00, 30.00 	13,22,5,536		1.33,2.41	1000,1 	0
1150    	30.72, -10.57, -8.75 	-0.09, 0.70, -6.69 	0.00, 30.00 	13,22,5,546		2.45,1.19	1000,1 	0
1159    	30.72, -10.57, -8.75 	-0.08, 0.70, -6.68 	0.00, 30.00 	13,22,5,556		0.00,1.07	1000,1 	0
1167    	30.71, -10.56, -8.77 	-0.08, 0.70, -6.68 	0.00, 30.00 	13,22,5,565		1.79,0.00	1000,1 	0
1176    	30.70, -10.55, -8.77 	-0.08, 0.70, -6.69 	0.00, 30.00 	13,22,5,575		1.60,0.00	1000,1 	0
1185    	30.73, -10.55, -8.77 	-0.08, 0.71, -6.68 	0.00, 30.00 	13,22,5,585		3.21,1.19	1000,1 	0
1193    	30.74, -10.56, -8.76 	-0.07, 0.71, -6.68 	0.00, 30.00 	13,22,5,594		1.80,1.20	1000,1 	0
1202    	30.74, -10.56, -8.76 	-0.09, 0.71, -6.70 	0.00, 30.00 	13,22,5,604		0.00,2.14	1000,1 	0
1211    	30.74, -10.57, -8.75 	-0.08, 0.71, -6.68 	0.00, 30.00 	13,22,5,614		1.18,1.07	1000,1 	0
1220    	30.72, -10.60, -8.75 	-0.08, 0.70, -6.68 	0.00, 30.00 	13,22,5,624		3.19,1.19	1000,1 	0
1228    	30.72, -10.58, -8.75 	-0.10, 0.70, -6.69 	0.00, 30.00 	13,22,5,633		1.33,2.41	1000,1 	0
1237    	30.71, -10.58, -8.75 	-0.08, 0.72, -6.70 	0.00, 30.00 	13,22,5,643		1.07,3.17	1000,1 	0
1245    	30.71, -10.57, -8.76 	-0.08, 0.72, -6.70 	0.00, 30.00 	13,22,5,652		1.33,0.00	1000,1 	0
1254    	30.71, -10.56, -8.76 	-0.07, 0.72, -6.70 	0.00, 30.00 	13,22,5,662		1.18,1.07	1000,1 	0
1263    	30.70, -10.56, -8.76 	-0.07, 0.72, -6.71 	0.00, 30.00 	13,22,5,672		1.07,0.00	1000,1 	0
1272    	30.71, -10.57, -8.76 	-0.07, 0.73, -6.69 	0.00, 30.00 	13,22,5,682		1.60,1.19	1000,1 	0
1280    	30.75, -10.56, -8.76 	-0.07, 0.73, -6.69 	0.00, 30.00 	13,22,5,691		5.00,0.00	1000,1 	0
1289    	30.74, -10.61, -8.77 	-0.11, 0.73, -6.71 	0.00, 30.00 	13,22,5,701		4.86,4.28	1000,1 	0
1298    	30.73, -10.62, -8.77 	-0.11, 0.73, -6.71 	0.00, 30.00 	13,22,5,711		1.60,0.00	1000,1 	0
1306    	30.72, -10.62, -8.76 	-0.10, 0.71, -6.69 	0.00, 30.00 	13,22,5,720		1.20,2.95	1000,1 	0
1315    	30.68, -10.64, -8.76 	-0.10, 0.71, -6.70 	0.00, 30.00 	13,22,5,730		4.89,0.00	1000,1 	0
1324    	30.69, -10.66, -8.76 	-0.05, 0.71, -6.71 	0.00, 30.00 	13,22,5,740		2.60,5.35	1000,1 	0
1332    	30.71, -10.64, -8.76 	-0.10, 0.71, -6.71 	0.00, 30.00 	13,22,5,749		3.59,6.02	1000,1 	0
1341    	30.72, -10.64, -8.75 	-0.10, 0.71, -6.72 	0.00, 30.00 	13,22,5,759		1.07,0.00	1000,1 	0
1350    	30.72, -10.64, -8.75 	-0.09, 0.71, -6.70 	0.00, 30.00 	13,22,5,769		0.00,1.07	1000,1 	0
1358    	30.69, -10.63, -8.77 	-0.10, 0.70, -6.70 	0.00, 30.00 	13,22,5,778		3.85,1.78	1000,1 	0
1367    	30.72, -10.62, -8.76 	-0.10, 0.70, -6.70 	0.00, 30.00 	13,22,5,788		3.42,0.00	1000,1 	0
1376    	30.74, -10.61, -8.76 	-0.10, 0.70, -6.70 	0.00, 30.00 	13,22,5,798		2.45,0.00	1000,1 	0
1384    	30.73, -10.60, -8.76 	-0.09, 0.72, -6.70 	0.00, 30.00 	13,22,5,807		1.80,2.91	1000,1 	0
1393    	30.73, -10.60, -8.76 	-0.09, 0.71, -6.69 	0.00, 30.00 	13,22,5,817		0.00,1.19	1000,1 	0
1402    	30.74, -10.60, -8.75 	-0.12, 0.71, -6.69 	0.00, 30.00 	13,22,5,827		1.07,3.21	1000,1 	0
1411    	30.72, -10.62, -8.75 	-0.08, 0.72, -6.70 	0.00, 30.00 	13,22,5,837		3.19,4.42	1000,1 	0
1419    	30.71, -10.63, -8.75 	-0.13, 0.71, -6.71 	0.00, 30.00 	13,22,5,846		1.80,6.14	1000,1 	0
1428    	30.71, -10.64, -8.76 	-0.10, 0.72, -6.71 	0.00, 30.00 	13,22,5,856		1.18,3.40	1000,1 	0
1436    	30.70, -10.65, -8.75 	-0.12, 0.70, -6.70 	0.00, 30.00 	13,22,5,865		1.80,3.57	1000,1 	0
1445    	30.69, -10.64, -8.75 	-0.09, 0.71, -6.70 	0.00, 30.00 	13,22,5,875		1.60,3.40	1000,1 	0
1454    	30.74, -10.62, -8.75 	-0.12, 0.72, -6.70 	0.00, 30.00 	13,22,5,885		5.85,3.44	1000,1 	0
1463    	30.75, -10.64, -8.75 	-0.09, 0.71, -6.69 	0.00, 30.00 	13,22,5,895		2.60,3.44	1000,1 	0
1471    	30.74, -10.67, -8.75 	-0.11, 0.70, -6.68 	0.00, 30.00 	13,22,5,904		4.17,2.73	1000,1 	0
1480    	30.73, -10.69, -8.75 	-0.11, 0.70, -6.68 	0.00, 30.00 	13,22,5,914		2.60,0.00	1000,1 	0
1489    	30.70, -10.70, -8.74 	-0.10, 0.70, -6.69 	0.00, 30.00 	13,22,5,924		3.42,1.07	1000,1 	0
1497    	30.70, -10.72, -8.75 	-0.14, 0.71, -6.69 	0.00, 30.00 	13,22,5,933		2.66,5.01	1000,1 	0
1506    	30.70, -10.72, -8.75 	-0.11, 0.72, -6.69 	0.00, 30.00 	13,22,5,943		0.00,3.40	1000,1 	0
1515    	30.70, -10.71, -8.75 	-0.14, 0.72, -6.70 	0.00, 30.00 	13,22,5,953		1.18,3.21	1000,1 	0
1523    	30.70, -10.71, -8.75 	-0.07, 0.70, -6.69 	0.00, 30.00 	13,22,5,962		0.00,8.87	1000,1 	0
1532    	30.70, -10.71, -8.75 	-0.13, 0.72, -6.69 	0.00, 30.00 	13,22,5,972		0.00,6.88	1000,1 	0
1541    	30.72, -10.70, -8.75 	-0.06, 0.71, -6.69 	0.00, 30.00 	13,22,5,982		2.45,7.60	1000,1 	0
1549    	30.70, -10.71, -8.75 	-0.13, 0.72, -6.69 	0.00, 30.00 	13,22,5,991		2.75,8.55	1000,1 	0
1558    	30.72, -10.69, -8.75 	-0.13, 0.73, -6.69 	0.00, 30.00 	13,22,6,1		3.19,1.19	1000,1 	0
1567    	30.72, -10.70, -8.75 	-0.11, 0.73, -6.70 	0.00, 30.00 	13,22,6,11		1.18,2.14	1000,1 	0
1575    	30.71, -10.71, -8.74 	-0.14, 0.71, -6.69 	0.00, 30.00 	13,22,6,20		1.80,4.46	1000,1 	0
1584    	30.70, -10.72, -8.74 	-0.06, 0.70, -6.69 	0.00, 30.00 	13,22,6,30		1.60,8.65	1000,1 	0
1593    	30.70, -10.72, -8.74 	-0.15, 0.70, -6.69 	0.00, 30.00 	13,22,6,40		0.00,9.62	1000,1 	0
1602    	30.70, -10.72, -8.75 	-0.07, 0.70, -6.69 	0.00, 30.00 	13,22,6,50		0.00,8.55	1000,1 	0
1610    	30.72, -10.70, -8.75 	-0.12, 0.71, -6.68 	0.00, 30.00 	13,22,6,59		3.59,6.18	1000,1 	0
1619    	30.70, -10.71, -8.75 	-0.09, 0.72, -6.70 	0.00, 30.00 	13,22,6,69		2.45,3.40	1000,1 	0
1627    	30.69, -10.69, -8.75 	-0.14, 0.71, -6.69 	0.00, 30.00 	13,22,6,78		2.92,6.14	1000,1 	0
1636    	30.68, -10.67, -8.75 	-0.11, 0.73, -6.70 	0.00, 30.00 	13,22,6,88		2.60,3.96	1000,1 	0
1645    	30.69, -10.66, -8.75 	-0.10, 0.74, -6.71 	0.00, 30.00 	13,22,6,98		1.60,1.59	1000,1 	0
1654    	30.68, -10.64, -8.75 	-0.08, 0.75, -6.70 	0.00, 30.00 	13,22,6,108		2.60,2.43	1000,1 	0
1662    	30.67, -10.65, -8.76 	-0.09, 0.76, -6.70 	0.00, 30.00 	13,22,6,117		1.80,1.81	1000,1 	0
1671    	30.65, -10.65, -8.77 	-0.02, 0.85, -6.72 	0.00, 30.00 	13,22,6,127		3.21,12.69	1000,1 	0
1680    	30.64, -10.64, -8.78 	0.05, 0.99, -6.74 	0.00, 30.00 	13,22,6,137		1.60,17.06	1000,1 	0
1688    	30.63, -10.63, -8.78 	0.13, 1.15, -6.78 	0.00, 30.00 	13,22,6,146		1.80,22.11	1000,1 	0
1697    	30.60, -10.56, -8.80 	0.25, 1.35, -6.78 	0.00, 30.00 	13,22,6,156		7.79,26.33	1000,1 	0
1706    	30.55, -10.53, -8.80 	0.39, 1.52, -6.78 	0.00, 30.00 	13,22,6,166		6.42,24.68	1000,1 	0
1714    	30.54, -10.49, -8.82 	0.55, 1.75, -6.77 	0.00, 30.00 	13,22,6,175		5.46,34.90	1000,1 	0
1723    	30.53, -10.41, -8.84 	0.63, 1.96, -6.79 	0.00, 30.00 	13,22,6,185		8.35,25.50	1000,1 	0
1732    	30.50, -10.38, -8.84 	0.75, 2.10, -6.82 	0.00, 30.00 	13,22,6,195		4.79,19.93	1000,1 	0
1740    	30.43, -10.35, -8.85 	0.81, 2.26, -6.84 	0.00, 30.00 	13,22,6,204		9.33,21.63	1000,1 	0
1749    	30.33, -10.33, -8.86 	0.86, 2.38, -6.86 	0.00, 30.00 	13,22,6,214		12.01,14.04	1000,1 	0
1758    	30.25, -10.32, -8.85 	0.82, 2.51, -6.85 	0.00, 30.00 	13,22,6,224		8.64,14.95	1000,1 	0
1766    	30.19, -10.25, -8.86 	0.81, 2.68, -6.89 	0.00, 30.00 	13,22,6,233		10.77,21.44	1000,1 	0
1775    	30.10, -10.22, -8.89 	0.88, 2.85, -6.94 	0.00, 30.00 	13,22,6,243		11.28,20.73	1000,1 	0
1784    	29.97, -10.18, -8.90 	0.92, 3.03, -7.00 	0.00, 30.00 	13,22,6,253		14.70,20.58	1000,1 	0
1793    	29.88, -10.09, -8.92 	0.95, 3.24, -7.03 	0.00, 30.00 	13,22,6,263		13.50,23.93	1000,1 	0
1801    	29.82, -10.01, -8.94 	1.01, 3.48, -7.11 	0.00, 30.00 	13,22,6,272		13.58,30.17	1000,1 	0
1810    	29.77, -9.94, -8.95 	0.97, 3.70, -7.16 	0.00, 30.00 	13,22,6,282		8.89,25.38	1000,1 	0
1819    	29.72, -9.82, -8.97 	0.89, 3.94, -7.21 	0.00, 30.00 	13,22,6,292		15.18,27.62	1000,1 	0
1827    	29.65, -9.83, -8.95 	0.75, 4.13, -7.21 	0.00, 30.00 	13,22,6,301		8.53,29.57	1000,1 	0
1836    	29.53, -9.86, -8.96 	0.59, 4.35, -7.27 	0.00, 30.00 	13,22,6,311		14.36,29.49	1000,1 	0
1845    	29.45, -9.86, -8.95 	0.44, 4.55, -7.36 	0.00, 30.00 	13,22,6,321		8.56,28.53	1000,1 	0
1853    	29.36, -9.84, -8.96 	0.34, 4.80, -7.45 	0.00, 30.00 	13,22,6,330		12.33,33.18	1000,1 	0
1862    	29.24, -9.80, -8.98 	0.22, 5.04, -7.54 	0.00, 30.00 	13,22,6,340		13.69,29.29	1000,1 	0
1871    	29.13, -9.70, -9.00 	0.10, 5.22, -7.62 	0.00, 30.00 	13,22,6,350		15.87,24.69	1000,1 	0
1879    	29.08, -9.56, -9.04 	-0.02, 5.40, -7.72 	0.00, 30.00 	13,22,6,359		18.76,27.10	1000,1 	0
1888    	29.05, -9.44, -9.06 	-0.09, 5.55, -7.81 	0.00, 30.00 	13,22,6,369		13.41,18.34	1000,1 	0
1897    	28.99, -9.39, -9.04 	-0.12, 5.70, -7.89 	0.00, 30.00 	13,22,6,379		8.73,16.99	1000,1 	0
1905    	28.92, -9.38, -9.02 	-0.24, 5.77, -7.95 	0.00, 30.00 	13,22,6,388		8.53,17.68	1000,1 	0
1914    	28.87, -9.36, -8.99 	-0.35, 5.87, -7.99 	0.00, 30.00 	13,22,6,398		5.85,16.84	1000,1 	0
1924    	28.83, -9.32, -8.97 	-0.48, 5.99, -8.05 	0.00, 30.00 	13,22,6,408		6.43,18.02	1000,1 	0
1932    	28.76, -9.29, -8.98 	-0.54, 6.16, -8.12 	0.00, 30.00 	13,22,6,417		8.84,22.67	1000,1 	0
1941    	28.66, -9.23, -8.97 	-0.65, 6.36, -8.19 	0.00, 30.00 	13,22,6,427		12.84,24.56	1000,1 	0
1950    	28.56, -9.19, -8.99 	-0.75, 6.52, -8.27 	0.00, 30.00 	13,22,6,437		12.69,20.92	1000,1 	0
1958    	28.48, -9.11, -9.00 	-0.81, 6.66, -8.34 	0.00, 30.00 	13,22,6,446		13.40,18.91	1000,1 	0
1967    	28.43, -8.99, -9.03 	-0.84, 6.85, -8.41 	0.00, 30.00 	13,22,6,456		15.18,21.67	1000,1 	0
1976    	28.38, -8.91, -9.02 	-0.82, 7.02, -8.47 	0.00, 30.00 	13,22,6,466		9.86,19.10	1000,1 	0
1985    	28.34, -8.79, -9.05 	-0.86, 7.19, -8.49 	0.00, 30.00 	13,22,6,476		14.08,19.55	1000,1 	0
1993    	28.34, -8.71, -9.04 	-0.90, 7.30, -8.53 	0.00, 30.00 	13,22,6,485		10.65,14.27	1000,1 	0
2002    	28.32, -8.59, -9.04 	-0.85, 7.44, -8.55 	0.00, 30.00 	13,22,6,495		13.20,16.27	1000,1 	0
2011    	28.28, -8.54, -9.02 	-0.83, 7.58, -8.57 	0.00, 30.00 	13,22,6,505		7.30,15.56	1000,1 	0
2019    	28.19, -8.49, -9.02 	-0.83, 7.75, -8.60 	0.00, 30.00 	13,22,6,514		12.07,21.38	1000,1 	0
2028    	28.16, -8.47, -9.00 	-0.85, 7.91, -8.61 	0.00, 30.00 	13,22,6,524		3.99,17.98	1000,1 	0
2037    	28.10, -8.44, -9.00 	-0.91, 8.08, -8.63 	0.00, 30.00 	13,22,6,534		7.34,20.15	1000,1 	0
2045    	28.03, -8.40, -9.00 	-0.95, 8.28, -8.64 	0.00, 30.00 	13,22,6,543		11.01,25.92	1000,1 	0
2054    	27.98, -8.39, -8.99 	-0.95, 8.54, -8.67 	0.00, 30.00 	13,22,6,553		5.48,28.51	1000,1 	0
2063    	27.94, -8.30, -9.01 	-0.90, 8.79, -8.69 	0.00, 30.00 	13,22,6,563		10.39,27.97	1000,1 	0
2071    	27.93, -8.20, -9.03 	-0.91, 9.02, -8.69 	0.00, 30.00 	13,22,6,572		13.37,29.44	1000,1 	0
2080    	27.91, -8.09, -9.04 	-0.94, 9.32, -8.73 	0.00, 30.00 	13,22,6,582		12.03,33.47	1000,1 	0
2089    	27.87, -7.97, -9.05 	-0.96, 9.58, -8.76 	0.00, 30.00 	13,22,6,592		13.71,28.62	1000,1 	0
2097    	27.85, -7.94, -9.05 	-0.96, 9.85, -8.78 	0.00, 30.00 	13,22,6,601		5.38,33.41	1000,1 	0
2106    	27.80, -7.87, -9.06 	-1.02, 10.09, -8.82 	0.00, 30.00 	13,22,6,611		9.86,28.16	1000,1 	0
2115    	27.73, -7.77, -9.06 	-1.03, 10.35, -8.85 	0.00, 30.00 	13,22,6,621		13.02,28.55	1000,1 	0
2123    	27.63, -7.66, -9.07 	-1.04, 10.57, -8.88 	0.00, 30.00 	13,22,6,630		17.95,28.07	1000,1 	0
2132    	27.49, -7.55, -9.07 	-1.07, 10.76, -8.89 	0.00, 30.00 	13,22,6,640		20.67,20.50	1000,1 	0
2141    	27.35, -7.44, -9.08 	-1.14, 10.96, -8.93 	0.00, 30.00 	13,22,6,650		19.09,23.89	1000,1 	0
2149    	27.23, -7.32, -9.09 	-1.18, 11.19, -8.96 	0.00, 30.00 	13,22,6,659		21.43,30.10	1000,1 	0
2158    	27.16, -7.13, -9.11 	-1.22, 11.43, -9.02 	0.00, 30.00 	13,22,6,669		22.58,26.55	1000,1 	0
2167    	27.07, -7.00, -9.11 	-1.26, 11.62, -9.04 	0.00, 30.00 	13,22,6,679		17.78,21.67	1000,1 	0
2176    	26.93, -6.97, -9.07 	-1.41, 11.81, -9.07 	0.00, 30.00 	13,22,6,689		15.40,26.67	1000,1 	0
2184    	26.84, -6.93, -9.04 	-1.56, 11.97, -9.08 	0.00, 30.00 	13,22,6,698		13.16,27.17	1000,1 	0
2193    	26.75, -6.81, -9.03 	-1.70, 12.14, -9.11 	0.00, 30.00 	13,22,6,708		16.19,25.06	1000,1 	0
2202    	26.68, -6.68, -9.03 	-1.81, 12.34, -9.17 	0.00, 30.00 	13,22,6,718		16.06,25.61	1000,1 	0
2210    	26.54, -6.60, -9.02 	-1.94, 12.58, -9.23 	0.00, 30.00 	13,22,6,727		20.96,34.11	1000,1 	0
2219    	26.38, -6.52, -9.03 	-2.09, 12.87, -9.30 	0.00, 30.00 	13,22,6,737		19.02,36.08	1000,1 	0
2228    	26.24, -6.47, -9.04 	-2.27, 13.15, -9.37 	0.00, 30.00 	13,22,6,747		17.11,36.64	1000,1 	0
2236    	26.13, -6.34, -9.04 	-2.39, 13.37, -9.40 	0.00, 30.00 	13,22,6,756		20.75,32.34	1000,1 	0
2245    	26.03, -6.19, -9.05 	-2.45, 13.61, -9.44 	0.00, 30.00 	13,22,6,766		20.32,27.01	1000,1 	0
2254    	25.93, -6.05, -9.07 	-2.54, 13.86, -9.46 	0.00, 30.00 	13,22,6,776		18.74,29.11	1000,1 	0
2262    	25.92, -5.88, -9.07 	-2.67, 14.03, -9.47 	0.00, 30.00 	13,22,6,785		21.34,26.68	1000,1 	0
2271    	25.85, -5.76, -9.07 	-2.76, 14.22, -9.49 	0.00, 30.00 	13,22,6,795		16.06,24.05	1000,1 	0
2280    	25.79, -5.71, -9.03 	-2.84, 14.47, -9.51 	0.00, 30.00 	13,22,6,805		8.86,28.75	1000,1 	0
2288    	25.67, -5.67, -9.01 	-2.89, 14.70, -9.50 	0.00, 30.00 	13,22,6,814		15.40,30.10	1000,1 	0
2297    	25.55, -5.64, -9.02 	-2.99, 14.97, -9.51 	0.00, 30.00 	13,22,6,824		14.36,31.72	1000,1 	0
2306    	25.44, -5.56, -9.03 	-3.05, 15.26, -9.50 	0.00, 30.00 	13,22,6,834		14.39,32.81	1000,1 	0
2314    	25.35, -5.50, -9.01 	-3.10, 15.54, -9.49 	0.00, 30.00 	13,22,6,843		13.46,35.35	1000,1 	0
2323    	25.23, -5.47, -9.00 	-3.11, 15.78, -9.46 	0.00, 30.00 	13,22,6,853		14.36,26.17	1000,1 	0
2332    	25.17, -5.35, -9.00 	-3.14, 16.01, -9.42 	0.00, 30.00 	13,22,6,863		14.52,26.38	1000,1 	0
2340    	25.14, -5.25, -9.01 	-3.17, 16.20, -9.39 	0.00, 30.00 	13,22,6,872		12.52,24.38	1000,1 	0
2349    	25.12, -5.15, -9.02 	-3.22, 16.40, -9.34 	0.00, 30.00 	13,22,6,882		12.03,22.12	1000,1 	0
2358    	25.10, -5.09, -9.02 	-3.26, 16.56, -9.27 	0.00, 30.00 	13,22,6,892		6.29,18.39	1000,1 	0
2367    	25.06, -5.10, -9.00 	-3.26, 16.74, -9.22 	0.00, 30.00 	13,22,6,902		5.48,20.20	1000,1 	0
2375    	25.02, -5.08, -9.00 	-3.24, 16.94, -9.16 	0.00, 30.00 	13,22,6,911		5.50,25.59	1000,1 	0
2384    	24.94, -5.07, -9.00 	-3.19, 17.12, -9.11 	0.00, 30.00 	13,22,6,921		8.64,20.81	1000,1 	0
2393    	24.91, -5.00, -8.98 	-3.10, 17.31, -9.06 	0.00, 30.00 	13,22,6,931		8.89,23.32	1000,1 	0
2401    	24.85, -4.96, -8.99 	-3.03, 17.47, -9.00 	0.00, 30.00 	13,22,6,940		8.97,22.11	1000,1 	0
2410    	24.81, -4.89, -9.00 	-3.01, 17.66, -8.96 	0.00, 30.00 	13,22,6,950		8.29,20.28	1000,1 	0
2419    	24.77, -4.82, -9.02 	-3.00, 17.81, -8.92 	0.00, 30.00 	13,22,6,960		9.86,16.65	1000,1 	0
2427    	24.75, -4.75, -9.04 	-2.95, 18.01, -8.89 	0.00, 30.00 	13,22,6,969		8.34,26.01	1000,1 	0
2436    	24.76, -4.71, -9.04 	-2.85, 18.21, -8.86 	0.00, 30.00 	13,22,6,979		4.86,25.29	1000,1 	0
2445    	24.71, -4.70, -9.03 	-2.79, 18.45, -8.85 	0.00, 30.00 	13,22,6,989		5.48,26.82	1000,1 	0
2453    	24.68, -4.69, -9.03 	-2.80, 18.63, -8.82 	0.00, 30.00 	13,22,6,998		3.85,22.72	1000,1 	0
2462    	24.66, -4.66, -9.02 	-2.75, 18.83, -8.81 	0.00, 30.00 	13,22,7,8		4.15,23.12	1000,1 	0
2471    	24.65, -4.61, -9.03 	-2.72, 19.02, -8.80 	0.00, 30.00 	13,22,7,18		4.85,21.57	1000,1 	0
2479    	24.60, -4.57, -9.02 	-2.68, 19.23, -8.79 	0.00, 30.00 	13,22,7,27		8.04,25.77	1000,1 	0
2488    	24.54, -4.54, -9.02 	-2.66, 19.45, -8.78 	0.00, 30.00 	13,22,7,37		8.29,25.10	1000,1 	0
2497    	24.51, -4.51, -9.02 	-2.63, 19.68, -8.78 	0.00, 30.00 	13,22,7,47		4.79,26.28	1000,1 	0
2505    	24.46, -4.40, -9.03 	-2.55, 19.95, -8.79 	0.00, 30.00 	13,22,7,56		14.61,34.63	1000,1 	0
2514    	24.44, -4.35, -9.03 	-2.50, 20.21, -8.80 	0.00, 30.00 	13,22,7,66		6.29,29.13	1000,1 	0
2523    	24.40, -4.28, -9.03 	-2.46, 20.42, -8.80 	0.00, 30.00 	13,22,7,76		8.29,24.08	1000,1 	0
2531    	24.36, -4.23, -9.03 	-2.43, 20.67, -8.80 	0.00, 30.00 	13,22,7,85		8.22,30.90	1000,1 	0
2540    	24.35, -4.17, -9.03 	-2.39, 20.91, -8.81 	0.00, 30.00 	13,22,7,95		7.18,27.76	1000,1 	0
2549    	24.32, -4.17, -9.00 	-2.34, 21.19, -8.82 	0.00, 30.00 	13,22,7,105		3.21,31.27	1000,1 	0
2558    	24.29, -4.16, -9.00 	-2.30, 21.45, -8.83 	0.00, 30.00 	13,22,7,115		4.44,28.93	1000,1 	0
2566    	24.25, -4.15, -8.99 	-2.29, 21.69, -8.84 	0.00, 30.00 	13,22,7,124		5.00,30.74	1000,1 	0
2575    	24.19, -4.15, -9.00 	-2.25, 21.94, -8.85 	0.00, 30.00 	13,22,7,134		6.42,27.59	1000,1 	0
2584    	24.13, -4.10, -8.99 	-2.22, 22.18, -8.85 	0.00, 30.00 	13,22,7,144		7.98,27.46	1000,1 	0
2592    	24.05, -4.05, -9.00 	-2.20, 22.44, -8.87 	0.00, 30.00 	13,22,7,153		11.71,32.22	1000,1 	0
2601    	23.98, -4.00, -9.00 	-2.16, 22.71, -8.89 	0.00, 30.00 	13,22,7,163		10.41,29.94	1000,1 	0
2610    	23.91, -3.91, -9.01 	-2.11, 22.93, -8.89 	0.00, 30.00 	13,22,7,173		12.07,25.43	1000,1 	0
2618    	23.88, -3.85, -9.02 	-2.09, 23.14, -8.89 	0.00, 30.00 	13,22,7,182		8.77,26.92	1000,1 	0
2627    	23.86, -3.82, -9.01 	-2.06, 23.34, -8.87 	0.00, 30.00 	13,22,7,192		4.15,21.57	1000,1 	0
2636    	23.81, -3.79, -9.00 	-2.00, 23.53, -8.85 	0.00, 30.00 	13,22,7,202		5.85,22.23	1000,1 	0
2644    	23.79, -3.76, -8.98 	-1.96, 23.75, -8.85 	0.00, 30.00 	13,22,7,211		5.38,28.40	1000,1 	0
2653    	23.75, -3.71, -8.98 	-1.92, 23.94, -8.83 	0.00, 30.00 	13,22,7,221		7.30,21.96	1000,1 	0
2662    	23.69, -3.66, -8.97 	-1.85, 24.09, -8.82 	0.00, 30.00 	13,22,7,231		8.73,18.13	1000,1 	0
2670    	23.65, -3.60, -8.97 	-1.82, 24.23, -8.79 	0.00, 30.00 	13,22,7,240		8.22,17.69	1000,1 	0
2679    	23.59, -3.58, -8.96 	-1.81, 24.38, -8.77 	0.00, 30.00 	13,22,7,250		6.84,16.74	1000,1 	0
2688    	23.56, -3.56, -8.95 	-1.76, 24.51, -8.75 	0.00, 30.00 	13,22,7,260		3.99,15.15	1000,1 	0
2696    	23.55, -3.51, -8.95 	-1.70, 24.67, -8.73 	0.00, 30.00 	13,22,7,269		6.77,21.20	1000,1 	0
2705    	23.55, -3.46, -8.96 	-1.64, 24.78, -8.69 	0.00, 30.00 	13,22,7,279		4.74,13.94	1000,1 	0
2714    	23.54, -3.42, -8.96 	-1.60, 24.87, -8.64 	0.00, 30.00 	13,22,7,289		4.85,11.46	1000,1 	0
2722    	23.55, -3.39, -8.96 	-1.56, 24.95, -8.59 	0.00, 30.00 	13,22,7,298		4.17,10.46	1000,1 	0
2731    	23.53, -3.37, -8.96 	-1.51, 25.04, -8.56 	0.00, 30.00 	13,22,7,308		3.99,11.88	1000,1 	0
2740    	23.51, -3.37, -8.96 	-1.46, 25.11, -8.53 	0.00, 30.00 	13,22,7,318		2.14,8.85	1000,1 	0
2750    	23.51, -3.37, -8.94 	-1.43, 25.18, -8.49 	0.00, 30.00 	13,22,7,329		0.00,8.36	1000,1 	0
2757    	23.48, -3.39, -8.94 	-1.40, 25.23, -8.45 	0.00, 30.00 	13,22,7,337		5.13,8.62	1000,1 	0
2766    	23.47, -3.39, -8.93 	-1.36, 25.32, -8.42 	0.00, 30.00 	13,22,7,347		1.07,10.36	1000,1 	0
2775    	23.44, -3.38, -8.94 	-1.31, 25.39, -8.38 	0.00, 30.00 	13,22,7,357		3.42,9.82	1000,1 	0
2783    	23.43, -3.34, -8.94 	-1.27, 25.45, -8.35 	0.00, 30.00 	13,22,7,366		5.46,8.18	1000,1 	0
2792    	23.43, -3.32, -8.95 	-1.24, 25.50, -8.32 	0.00, 30.00 	13,22,7,376		1.18,7.27	1000,1 	0
2801    	23.42, -3.29, -8.95 	-1.21, 25.56, -8.30 	0.00, 30.00 	13,22,7,386		3.71,7.77	1000,1 	0
2809    	23.44, -3.26, -8.96 	-1.16, 25.63, -8.28 	0.00, 30.00 	13,22,7,394		4.67,9.95	1000,1 	0
2818    	23.43, -3.24, -8.97 	-1.12, 25.70, -8.27 	0.00, 30.00 	13,22,7,404		2.60,9.29	1000,1 	0
2827    	23.43, -3.24, -8.96 	-1.09, 25.77, -8.25 	0.00, 30.00 	13,22,7,415		0.00,7.77	1000,1 	0
2835    	23.41, -3.26, -8.96 	-1.08, 25.81, -8.24 	0.00, 30.00 	13,22,7,424		3.59,5.46	1000,1 	0
2844    	23.40, -3.26, -8.95 	-1.07, 25.87, -8.24 	0.00, 30.00 	13,22,7,433		1.07,7.41	1000,1 	0
2853    	23.42, -3.23, -8.95 	-1.06, 25.96, -8.24 	0.00, 30.00 	13,22,7,443		4.15,9.55	1000,1 	0
2861    	23.37, -3.23, -8.94 	-1.04, 26.05, -8.25 	0.00, 30.00 	13,22,7,452		6.02,12.23	1000,1 	0
2870    	23.38, -3.18, -8.95 	-1.02, 26.12, -8.24 	0.00, 30.00 	13,22,7,462		6.02,7.41	1000,1 	0
2879    	23.35, -3.16, -8.96 	-1.00, 26.21, -8.25 	0.00, 30.00 	13,22,7,472		3.42,10.87	1000,1 	0
2887    	23.34, -3.11, -8.96 	-0.97, 26.33, -8.26 	0.00, 30.00 	13,22,7,481		6.77,15.08	1000,1 	0
2896    	23.36, -3.10, -8.96 	-0.94, 26.43, -8.26 	0.00, 30.00 	13,22,7,491		2.45,11.12	1000,1 	0
2905    	23.34, -3.08, -8.96 	-0.95, 26.53, -8.27 	0.00, 30.00 	13,22,7,501		3.19,11.94	1000,1 	0
2914    	23.30, -3.06, -8.96 	-0.96, 26.63, -8.27 	0.00, 30.00 	13,22,7,511		4.89,10.69	1000,1 	0
2922    	23.29, -3.05, -8.96 	-0.98, 26.74, -8.27 	0.00, 30.00 	13,22,7,520		2.75,13.62	1000,1 	0
2931    	23.24, -3.03, -8.96 	-0.97, 26.85, -8.27 	0.00, 30.00 	13,22,7,530		5.85,13.09	1000,1 	0
2940    	23.19, -2.99, -8.95 	-0.99, 26.95, -8.27 	0.00, 30.00 	13,22,7,540		6.42,10.94	1000,1 	0
2948    	23.12, -2.97, -8.93 	-0.99, 27.09, -8.27 	0.00, 30.00 	13,22,7,549		8.84,17.37	1000,1 	0
2957    	23.05, -2.95, -8.94 	-1.01, 27.23, -8.27 	0.00, 30.00 	13,22,7,559		7.86,15.62	1000,1 	0
2966    	22.99, -2.87, -8.94 	-1.03, 27.34, -8.27 	0.00, 30.00 	13,22,7,569		12.07,12.10	1000,1 	0
2974    	22.94, -2.80, -8.95 	-1.06, 27.44, -8.26 	0.00, 30.00 	13,22,7,578		10.00,13.90	1000,1 	0
2983    	22.88, -2.73, -8.95 	-1.08, 27.55, -8.25 	0.00, 30.00 	13,22,7,588		10.48,12.10	1000,1 	0
2992    	22.84, -2.66, -8.95 	-1.09, 27.67, -8.23 	0.00, 30.00 	13,22,7,598		8.29,13.13	1000,1 	0
3000    	22.79, -2.61, -8.96 	-1.11, 27.78, -8.20 	0.00, 30.00 	13,22,7,607		8.97,13.62	1000,1 	0
3009    	22.74, -2.59, -8.94 	-1.13, 27.86, -8.18 	0.00, 30.00 	13,22,7,617		6.84,9.77	1000,1 	0
3018    	22.66, -2.56, -8.94 	-1.16, 27.95, -8.14 	0.00, 30.00 	13,22,7,627		9.27,10.08	1000,1 	0
3026    	22.58, -2.56, -8.93 	-1.18, 28.00, -8.10 	0.00, 30.00 	13,22,7,636		9.63,7.14	1000,1 	0
3035    	22.52, -2.55, -8.93 	-1.22, 28.06, -8.06 	0.00, 30.00 	13,22,7,646		7.58,8.37	1000,1 	0
3044    	22.47, -2.49, -8.94 	-1.22, 28.10, -8.01 	0.00, 30.00 	13,22,7,656		7.98,3.56	1000,1 	0
3052    	22.42, -2.43, -8.96 	-1.22, 28.16, -7.96 	0.00, 30.00 	13,22,7,665		10.00,8.02	1000,1 	0
3061    	22.37, -2.37, -8.97 	-1.22, 28.20, -7.91 	0.00, 30.00 	13,22,7,675		8.89,4.75	1000,1 	0
3070    	22.35, -2.33, -8.97 	-1.23, 28.24, -7.85 	0.00, 30.00 	13,22,7,685		4.15,3.74	1000,1 	0
3078    	22.32, -2.30, -8.97 	-1.23, 28.27, -7.78 	0.00, 30.00 	13,22,7,694		5.38,4.01	1000,1 	0
3087    	22.28, -2.26, -8.96 	-1.21, 28.30, -7.73 	0.00, 30.00 	13,22,7,704		6.38,4.13	1000,1 	0
3096    	22.27, -2.26, -8.96 	-1.21, 28.33, -7.66 	0.00, 30.00 	13,22,7,714		1.07,3.56	1000,1 	0
3105    	22.25, -2.28, -8.94 	-1.19, 28.34, -7.59 	0.00, 30.00 	13,22,7,724		3.99,2.43	1000,1 	0
3113    	22.22, -2.28, -8.94 	-1.18, 28.36, -7.53 	0.00, 30.00 	13,22,7,733		3.61,2.91	1000,1 	0
3122    	22.22, -2.27, -8.94 	-1.18, 28.37, -7.49 	0.00, 30.00 	13,22,7,743		1.18,1.19	1000,1 	0
3131    	22.17, -2.27, -8.93 	-1.15, 28.41, -7.46 	0.00, 30.00 	13,22,7,753		5.35,4.76	1000,1 	0
3139    	22.14, -2.26, -8.94 	-1.12, 28.45, -7.42 	0.00, 30.00 	13,22,7,762		3.85,6.40	1000,1 	0
3148    	22.12, -2.24, -8.93 	-1.11, 28.49, -7.41 	0.00, 30.00 	13,22,7,772		3.19,4.85	1000,1 	0
3157    	22.10, -2.23, -8.95 	-1.07, 28.56, -7.39 	0.00, 30.00 	13,22,7,782		2.45,8.26	1000,1 	0
3165    	22.11, -2.19, -8.95 	-1.03, 28.62, -7.38 	0.00, 30.00 	13,22,7,791		4.17,9.95	1000,1 	0
3174    	22.10, -2.21, -8.94 	-0.97, 28.68, -7.36 	0.00, 30.00 	13,22,7,801		1.60,9.52	1000,1 	0
3183    	22.08, -2.19, -8.94 	-0.94, 28.75, -7.35 	0.00, 30.00 	13,22,7,811		2.45,7.77	1000,1 	0
3191    	22.06, -2.21, -8.94 	-0.89, 28.81, -7.34 	0.00, 30.00 	13,22,7,820		2.75,9.95	1000,1 	0
3200    	22.05, -2.21, -8.93 	-0.84, 28.89, -7.33 	0.00, 30.00 	13,22,7,830		1.07,10.43	1000,1 	0
3209    	22.02, -2.21, -8.93 	-0.80, 28.93, -7.32 	0.00, 30.00 	13,22,7,840		3.21,6.34	1000,1 	0
3217    	22.00, -2.19, -8.93 	-0.77, 28.97, -7.29 	0.00, 30.00 	13,22,7,849		2.75,6.40	1000,1 	0
3226    	22.00, -2.17, -8.93 	-0.72, 29.04, -7.29 	0.00, 30.00 	13,22,7,859		2.60,9.82	1000,1 	0
3235    	21.97, -2.15, -8.94 	-0.68, 29.12, -7.27 	0.00, 30.00 	13,22,7,869		3.99,9.29	1000,1 	0
3243    	21.95, -2.13, -8.95 	-0.66, 29.18, -7.26 	0.00, 30.00 	13,22,7,878		3.59,8.74	1000,1 	0
3252    	21.92, -2.12, -8.94 	-0.62, 29.25, -7.23 	0.00, 30.00 	13,22,7,888		3.42,8.26	1000,1 	0
3261    	21.90, -2.11, -8.95 	-0.59, 29.29, -7.20 	0.00, 30.00 	13,22,7,898		2.45,5.69	1000,1 	0
3270    	21.90, -2.10, -8.94 	-0.58, 29.33, -7.17 	0.00, 30.00 	13,22,7,908		1.18,4.85	1000,1 	0
3278    	21.87, -2.10, -8.94 	-0.58, 29.34, -7.14 	0.00, 30.00 	13,22,7,917		3.61,1.34	1000,1 	0
3287    	21.86, -2.08, -8.94 	-0.59, 29.34, -7.11 	0.00, 30.00 	13,22,7,927		2.60,1.07	1000,1 	0
3296    	21.83, -2.06, -8.93 	-0.61, 29.33, -7.10 	0.00, 30.00 	13,22,7,937		3.99,2.43	1000,1 	0
3304    	21.81, -2.07, -8.94 	-0.62, 29.35, -7.09 	0.00, 30.00 	13,22,7,946		2.75,2.95	1000,1 	0
3313    	21.77, -2.05, -8.94 	-0.62, 29.35, -7.08 	0.00, 30.00 	13,22,7,956		4.89,0.00	1000,1 	0
3322    	21.75, -2.02, -8.94 	-0.61, 29.36, -7.09 	0.00, 30.00 	13,22,7,966		3.99,1.59	1000,1 	0
3330    	21.72, -2.03, -8.95 	-0.62, 29.36, -7.09 	0.00, 30.00 	13,22,7,975		3.85,1.20	1000,1 	0
3339    	21.70, -2.02, -8.95 	-0.62, 29.36, -7.09 	0.00, 30.00 	13,22,7,985		2.45,0.00	1000,1 	0
3348    	21.69, -2.02, -8.95 	-0.62, 29.36, -7.08 	0.00, 30.00 	13,22,7,995		1.07,0.00	1000,1 	0
3356    	21.67, -2.00, -8.96 	-0.62, 29.37, -7.09 	0.00, 30.00 	13,22,8,4		3.59,1.34	1000,1 	0
3365    	21.67, -1.98, -8.96 	-0.62, 29.37, -7.09 	0.00, 30.00 	13,22,8,14		2.37,0.00	1000,1 	0
3374    	21.65, -2.00, -8.96 	-0.62, 29.37, -7.09 	0.00, 30.00 	13,22,8,24		3.19,0.00	1000,1 	0
3382    	21.63, -2.01, -8.96 	-0.62, 29.37, -7.09 	0.00, 30.00 	13,22,8,33		2.75,0.00	1000,1 	0
3391    	21.60, -2.03, -8.95 	-0.63, 29.38, -7.08 	0.00, 30.00 	13,22,8,43		3.99,1.07	1000,1 	0
3400    	21.59, -2.02, -8.95 	-0.64, 29.39, -7.09 	0.00, 30.00 	13,22,8,53		1.60,1.61	1000,1 	0
3408    	21.57, -2.03, -8.95 	-0.64, 29.39, -7.08 	0.00, 30.00 	13,22,8,62		2.75,0.00	1000,1 	0
3417    	21.55, -2.03, -8.96 	-0.64, 29.39, -7.08 	0.00, 30.00 	13,22,8,72		2.14,0.00	1000,1 	0
3426    	21.54, -2.02, -8.97 	-0.65, 29.39, -7.09 	0.00, 30.00 	13,22,8,82		1.60,1.07	1000,1 	0
3434    	21.53, -1.99, -8.98 	-0.65, 29.40, -7.09 	0.00, 30.00 	13,22,8,91		4.17,1.34	1000,1 	0
3443    	21.53, -1.98, -8.98 	-0.66, 29.39, -7.09 	0.00, 30.00 	13,22,8,101		1.18,1.59	1000,1 	0
3452    	21.50, -1.99, -8.99 	-0.66, 29.40, -7.09 	0.00, 30.00 	13,22,8,111		3.42,1.19	1000,1 	0
3461    	21.50, -2.00, -8.99 	-0.68, 29.40, -7.09 	0.00, 30.00 	13,22,8,121		1.18,2.14	1000,1 	0
3469    	21.50, -2.01, -9.00 	-0.68, 29.41, -7.09 	0.00, 30.00 	13,22,8,130		1.33,1.34	1000,1 	0
3478    	21.48, -2.03, -8.97 	-0.68, 29.40, -7.09 	0.00, 30.00 	13,22,8,140		3.19,1.19	1000,1 	0
3488    	21.47, -2.03, -8.97 	-0.67, 29.41, -7.09 	0.00, 30.00 	13,22,8,151		1.93,1.43	1000,1 	0
3495    	21.47, -2.03, -8.97 	-0.68, 29.41, -7.09 	0.00, 30.00 	13,22,8,159		0.00,1.37	1000,1 	0
3504    	21.46, -2.05, -8.97 	-0.67, 29.41, -7.09 	0.00, 30.00 	13,22,8,169		1.60,1.07	1000,1 	0
3513    	21.49, -2.03, -8.97 	-0.67, 29.41, -7.09 	0.00, 30.00 	13,22,8,179		4.44,0.00	1000,1 	0
3521    	21.49, -2.02, -8.98 	-0.67, 29.42, -7.10 	0.00, 30.00 	13,22,8,188		1.33,1.34	1000,1 	0
3530    	21.49, -2.02, -8.98 	-0.67, 29.42, -7.09 	0.00, 30.00 	13,22,8,198		0.00,0.00	1000,1 	0
3539    	21.49, -2.03, -8.98 	-0.66, 29.42, -7.09 	0.00, 30.00 	13,22,8,208		1.18,1.07	1000,1 	0
3547    	21.51, -2.03, -8.98 	-0.66, 29.41, -7.09 	0.00, 30.00 	13,22,8,217		2.41,1.34	1000,1 	0
3556    	21.51, -2.03, -8.97 	-0.65, 29.41, -7.09 	0.00, 30.00 	13,22,8,227		0.00,1.07	1000,1 	0
3565    	21.52, -2.03, -8.97 	-0.65, 29.41, -7.09 	0.00, 30.00 	13,22,8,237		1.07,0.00	1000,1 	0
3573    	21.50, -2.05, -8.97 	-0.65, 29.41, -7.09 	0.00, 30.00 	13,22,8,246		2.75,0.00	1000,1 	0
3582    	21.50, -2.05, -8.97 	-0.64, 29.42, -7.09 	0.00, 30.00 	13,22,8,256		0.00,1.59	1000,1 	0
3591    	21.49, -2.06, -8.96 	-0.63, 29.42, -7.09 	0.00, 30.00 	13,22,8,266		1.60,1.07	1000,1 	0
3599    	21.50, -2.06, -8.97 	-0.62, 29.43, -7.09 	0.00, 30.00 	13,22,8,275		1.20,1.78	1000,1 	0
3608    	21.52, -2.07, -8.97 	-0.61, 29.42, -7.09 	0.00, 30.00 	13,22,8,285		2.45,1.61	1000,1 	0
3617    	21.52, -2.05, -8.97 	-0.61, 29.43, -7.09 	0.00, 30.00 	13,22,8,295		2.37,1.19	1000,1 	0
3625    	21.53, -2.05, -8.97 	-0.60, 29.43, -7.10 	0.00, 30.00 	13,22,8,304		1.20,1.20	1000,1 	0
3634    	21.54, -2.03, -8.97 	-0.59, 29.44, -7.10 	0.00, 30.00 	13,22,8,314		1.60,1.59	1000,1 	0
3643    	21.55, -2.05, -8.96 	-0.59, 29.44, -7.10 	0.00, 30.00 	13,22,8,324		1.60,0.00	1000,1 	0
3652    	21.55, -2.06, -8.96 	-0.60, 29.43, -7.10 	0.00, 30.00 	13,22,8,334		1.18,1.59	1000,1 	0
3660    	21.54, -2.06, -8.97 	-0.60, 29.42, -7.09 	0.00, 30.00 	13,22,8,343		1.20,1.34	1000,1 	0
3669    	21.55, -2.06, -8.96 	-0.60, 29.41, -7.09 	0.00, 30.00 	13,22,8,353		1.07,1.19	1000,1 	0
3679    	21.56, -2.07, -8.96 	-0.60, 29.41, -7.09 	0.00, 30.00 	13,22,8,364		1.44,0.00	1000,1 	0
3686    	21.54, -2.08, -8.97 	-0.59, 29.42, -7.08 	0.00, 30.00 	13,22,8,372		3.15,2.04	1000,1 	0
3695    	21.55, -2.07, -8.97 	-0.58, 29.44, -7.10 	0.00, 30.00 	13,22,8,382		1.60,2.59	1000,1 	0
3703    	21.58, -2.07, -8.98 	-0.55, 29.46, -7.11 	0.00, -0.00 	13,22,8,401		3.21,3.96	1000,1 	0
3712    	21.57, -2.07, -8.98 	-0.54, 29.46, -7.10 	0.00, -0.00 	13,22,8,411		1.93,1.92	1000,1 	0
3721    	21.58, -2.09, -8.97 	-0.54, 29.46, -7.11 	0.00, -0.00 	13,22,8,421		4.68,0.00	1000,1 	0
3729    	21.58, -2.09, -8.98 	-0.53, 29.46, -7.10 	0.00, -0.00 	13,22,8,430		0.00,1.92	1000,1 	0
3738    	21.59, -2.10, -8.98 	-0.52, 29.45, -7.10 	0.00, -0.00 	13,22,8,440		2.87,2.90	1000,1 	0
3747    	21.57, -2.12, -8.97 	-0.52, 29.44, -7.09 	0.00, -0.00 	13,22,8,450		5.75,2.14	1000,1 	0
3755    	21.56, -2.15, -8.97 	-0.52, 29.44, -7.10 	0.00, -0.00 	13,22,8,459		6.68,0.00	1000,1 	0
3764    	21.57, -2.16, -8.97 	-0.50, 29.44, -7.10 	0.00, -0.00 	13,22,8,469		2.39,3.21	1000,1 	0
3773    	21.58, -2.17, -8.97 	-0.50, 29.44, -7.09 	0.00, -0.00 	13,22,8,479		2.87,0.00	1000,1 	0
3781    	21.57, -2.17, -8.99 	-0.47, 29.44, -7.10 	0.00, -0.00 	13,22,8,488		1.93,5.77	1000,1 	0
3790    	21.58, -2.22, -8.98 	-0.46, 29.43, -7.09 	0.00, -0.00 	13,22,8,498		7.28,2.42	1000,1 	0
3799    	21.59, -2.24, -8.97 	-0.45, 29.43, -7.10 	0.00, -0.00 	13,22,8,508		4.68,3.85	1000,1 	0
3807    	21.64, -2.25, -8.96 	-0.45, 29.42, -7.09 	0.00, -0.00 	13,22,8,517		9.87,2.14	1000,1 	0
3816    	21.63, -2.26, -8.97 	-0.43, 29.42, -7.09 	0.00, -0.00 	13,22,8,527		2.40,3.21	1000,1 	0
3825    	21.64, -2.28, -8.96 	-0.42, 29.41, -7.09 	0.00, -0.00 	13,22,8,537		4.68,2.90	1000,1 	0
3834    	21.65, -2.30, -8.96 	-0.43, 29.42, -7.09 	0.00, -0.00 	13,22,8,547		4.68,2.90	1000,1 	0
3842    	21.64, -2.30, -8.97 	-0.42, 29.41, -7.09 	0.00, -0.00 	13,22,8,556		1.93,2.90	1000,1 	0
3851    	21.65, -2.31, -8.97 	-0.42, 29.39, -7.09 	0.00, -0.00 	13,22,8,566		2.87,2.14	1000,1 	0
3861    	21.65, -2.31, -8.98 	-0.42, 29.39, -7.09 	0.00, -0.00 	13,22,8,577		0.00,0.00	1000,1 	0
3868    	21.66, -2.32, -8.97 	-0.42, 29.39, -7.09 	0.00, -0.00 	13,22,8,585		3.59,0.00	1000,1 	0
3877    	21.65, -2.32, -8.97 	-0.41, 29.38, -7.09 	0.00, -0.00 	13,22,8,595		1.93,2.90	1000,1 	0
3886    	21.68, -2.33, -8.97 	-0.41, 29.38, -7.09 	0.00, -0.00 	13,22,8,605		6.16,0.00	1000,1 	0
3894    	21.71, -2.32, -8.97 	-0.41, 29.39, -7.09 	0.00, -0.00 	13,22,8,614		6.16,2.14	1000,1 	0
3903    	21.71, -2.33, -8.97 	-0.40, 29.39, -7.08 	0.00, -0.00 	13,22,8,624		2.13,1.92	1000,1 	0
3912    	21.72, -2.33, -8.96 	-0.39, 29.39, -7.08 	0.00, -0.00 	13,22,8,634		1.93,1.92	1000,1 	0
3920    	21.73, -2.35, -8.96 	-0.39, 29.41, -7.09 	0.00, -0.00 	13,22,8,643		4.68,2.14	1000,1 	0
3929    	21.73, -2.35, -8.96 	-0.40, 29.39, -7.09 	0.00, -0.00 	13,22,8,653		1.93,2.86	1000,1 	0
3938    	21.73, -2.36, -8.96 	-0.39, 29.39, -7.09 	0.00, -0.00 	13,22,8,663		2.13,1.92	1000,1 	0
3946    	21.73, -2.38, -8.96 	-0.39, 29.41, -7.09 	0.00, -0.00 	13,22,8,672		2.13,2.14	1000,1 	0
3955    	21.72, -2.39, -8.97 	-0.39, 29.39, -7.09 	0.00, -0.00 	13,22,8,682		3.67,1.78	0,0 	0
3964    	21.73, -2.39, -8.97 	-0.39, 29.39, -7.09 	0.00, -0.00 	13,22,8,692		1.93,0.00	0,0 	0
3972    	21.73, -2.40, -8.97 	-0.39, 29.39, -7.09 	0.00, -0.00 	13,22,8,701		2.87,0.00	0,0 	0
3981    	21.73, -2.40, -8.97 	-0.38, 29.39, -7.09 	0.00, -0.00 	13,22,8,711		0.00,1.60	0,0 	0
3990    	21.73, -2.41, -8.98 	-0.38, 29.39, -7.09 	0.00, -0.00 	13,22,8,721		2.87,0.00	0,0 	0
3999    	21.74, -2.43, -8.97 	-0.38, 29.38, -7.09 	0.00, -0.00 	13,22,8,731		5.74,2.14	0,0 	0
4007    	21.74, -2.43, -8.97 	-0.38, 29.37, -7.09 	0.00, -0.00 	13,22,8,740		0.00,2.14	0,0 	0
4016    	21.75, -2.42, -8.97 	-0.38, 29.36, -7.09 	0.00, -0.00 	13,22,8,750		2.87,2.14	0,0 	0
4025    	21.74, -2.44, -8.97 	-0.38, 29.36, -7.09 	0.00, -0.00 	13,22,8,760		4.68,0.00	0,0 	0
4033    	21.74, -2.44, -8.97 	-0.37, 29.34, -7.08 	0.00, -0.00 	13,22,8,769		0.00,4.72	0,0 	0
4042    	21.75, -2.44, -8.97 	-0.36, 29.34, -7.08 	0.00, -0.00 	13,22,8,779		1.93,1.92	0,0 	0
4052    	21.76, -2.45, -8.97 	-0.35, 29.34, -7.09 	0.00, -0.00 	13,22,8,790		2.87,1.92	0,0 	0
4059    	21.75, -2.46, -8.97 	-0.34, 29.33, -7.08 	0.00, -0.00 	13,22,8,798		3.59,3.62	0,0 	0
4068    	21.78, -2.46, -8.97 	-0.33, 29.33, -7.08 	0.00, -0.00 	13,22,8,808		5.78,1.92	0,0 	0
4077    	21.79, -2.46, -8.98 	-0.33, 29.32, -7.08 	0.00, -0.00 	13,22,8,818		1.93,2.14	0,0 	0
4085    	21.81, -2.47, -8.98 	-0.32, 29.31, -7.08 	0.00, -0.00 	13,22,8,827		4.40,2.90	0,0 	0
4094    	21.81, -2.48, -8.96 	-0.33, 29.31, -7.08 	0.00, -0.00 	13,22,8,837		2.13,1.92	0,0 	0
4103    	21.80, -2.50, -8.96 	-0.31, 29.30, -7.08 	0.00, -0.00 	13,22,8,847		4.68,4.43	0,0 	0
4111    	21.80, -2.51, -8.97 	-0.31, 29.30, -7.08 	0.00, -0.00 	13,22,8,856		2.13,0.00	0,0 	0
4120    	21.81, -2.52, -8.96 	-0.30, 29.28, -7.08 	0.00, -0.00 	13,22,8,866		2.87,4.72	0,0 	0
4129    	21.83, -2.55, -8.96 	-0.29, 29.28, -7.08 	0.00, -0.00 	13,22,8,876		5.74,1.92	0,0 	0
4137    	21.83, -2.56, -8.96 	-0.29, 29.27, -7.08 	0.00, -0.00 	13,22,8,885		2.13,2.14	0,0 	0
4146    	21.83, -2.59, -8.96 	-0.28, 29.25, -7.08 	0.00, -0.00 	13,22,8,895		5.33,2.42	0,0 	0
4155    	21.84, -2.59, -8.96 	-0.28, 29.27, -7.08 	0.00, -0.00 	13,22,8,905		1.93,2.14	0,0 	0
4166    	21.86, -2.60, -8.96 	-0.27, 29.25, -7.09 	0.00, -0.00 	13,22,8,917		4.40,2.90	0,0 	0
4173    	21.89, -2.60, -8.95 	-0.28, 29.25, -7.08 	0.00, -0.00 	13,22,8,924		9.63,3.21	0,0 	0
4182    	21.89, -2.61, -8.95 	-0.26, 29.25, -7.08 	0.00, -0.00 	13,22,8,934		2.66,4.81	0,0 	0
4191    	21.88, -2.63, -8.95 	-0.26, 29.24, -7.08 	0.00, -0.00 	13,22,8,944		5.85,2.67	0,0 	0
4199    	21.91, -2.62, -8.96 	-0.26, 29.24, -7.08 	0.00, -0.00 	13,22,8,953		7.70,0.00	0,0 	0
4208    	21.92, -2.63, -8.96 	-0.26, 29.24, -7.08 	0.00, -0.00 	13,22,8,963		3.59,0.00	0,0 	0
4217    	21.92, -2.62, -8.96 	-0.26, 29.24, -7.08 	0.00, -0.00 	13,22,8,973		2.66,0.00	0,0 	0
4225    	21.92, -2.62, -8.96 	-0.25, 29.24, -7.08 	0.00, -0.00 	13,22,8,982		0.00,2.41	0,0 	0
4234    	21.93, -2.63, -8.96 	-0.25, 29.23, -7.08 	0.00, -0.00 	13,22,8,992		3.59,2.67	0,0 	0
4244    	21.95, -2.63, -8.96 	-0.25, 29.24, -7.08 	0.00, -0.00 	13,22,9,3		4.82,2.67	0,0 	0
4251    	21.96, -2.63, -8.95 	-0.25, 29.24, -7.08 	0.00, -0.00 	13,22,9,11		3.21,0.00	0,0 	0
4260    	21.95, -2.62, -8.96 	-0.25, 29.24, -7.08 	0.00, -0.00 	13,22,9,21		3.59,0.00	0,0 	0
4269    	21.97, -2.63, -8.96 	-0.25, 29.24, -7.08 	0.00, -0.00 	13,22,9,31		5.50,0.00	0,0 	0
4277    	21.96, -2.63, -8.96 	-0.26, 29.24, -7.08 	0.00, -0.00 	13,22,9,40		2.41,2.41	0,0 	0
4286    	21.96, -2.65, -8.96 	-0.25, 29.24, -7.08 	0.00, -0.00 	13,22,9,50		5.33,2.41	0,0 	0
4295    	21.95, -2.65, -8.96 	-0.25, 29.24, -7.08 	0.00, -0.00 	13,22,9,60		2.41,0.00	0,0 	0
4303    	21.95, -2.64, -8.96 	-0.25, 29.23, -7.08 	0.00, -0.00 	13,22,9,69		2.66,2.67	0,0 	0
4312    	21.95, -2.65, -8.96 	-0.25, 29.24, -7.08 	0.00, -0.00 	13,22,9,79		2.66,2.67	0,0 	0
4321    	21.97, -2.65, -8.96 	-0.25, 29.23, -7.09 	0.00, -0.00 	13,22,9,89		4.82,2.67	0,0 	0
4329    	21.96, -2.65, -8.96 	-0.25, 29.23, -7.09 	0.00, -0.00 	13,22,9,98		2.41,0.00	0,0 	0
4338    	21.97, -2.65, -8.96 	-0.25, 29.23, -7.08 	0.00, -0.00 	13,22,9,108		1.93,0.00	0,0 	0
4347    	21.97, -2.66, -8.96 	-0.25, 29.23, -7.08 	0.00, -0.00 	13,22,9,118		2.66,0.00	0,0 	0
4355    	21.97, -2.65, -8.97 	-0.25, 29.22, -7.09 	0.00, -0.00 	13,22,9,127		2.66,2.67	0,0 	0
4364    	21.97, -2.65, -8.96 	-0.25, 29.22, -7.08 	0.00, -0.00 	13,22,9,137		0.00,0.00	0,0 	0
4373    	21.96, -2.66, -8.97 	-0.25, 29.22, -7.08 	0.00, -0.00 	13,22,9,147		3.59,0.00	0,0 	0
4382    	21.97, -2.67, -8.96 	-0.25, 29.22, -7.08 	0.00, -0.00 	13,22,9,157		3.59,0.00	0,0 	0
4390    	21.96, -2.68, -8.96 	-0.26, 29.22, -7.08 	0.00, -0.00 	13,22,9,166		3.59,2.41	0,0 	0
4399    	21.96, -2.66, -8.96 	-0.25, 29.22, -7.08 	0.00, -0.00 	13,22,9,176		5.33,2.41	0,0 	0
4408    	21.97, -2.68, -8.96 	-0.25, 29.22, -7.08 	0.00, -0.00 	13,22,9,186		5.84,0.00	0,0 	0
4416    	21.97, -2.68, -8.95 	-0.25, 29.22, -7.08 	0.00, -0.00 	13,22,9,195		0.00,0.00	0,0 	0
4425    	21.98, -2.68, -8.96 	-0.25, 29.23, -7.08 	0.00, -0.00 	13,22,9,205		2.41,2.67	0,0 	0
4434    	21.98, -2.68, -8.96 	-0.25, 29.22, -7.08 	0.00, -0.00 	13,22,9,215		0.00,2.67	0,0 	0
4442    	21.99, -2.68, -8.95 	-0.25, 29.23, -7.08 	0.00, -0.00 	13,22,9,224		4.82,2.67	0,0 	0
4451    	22.00, -2.68, -8.96 	-0.24, 29.23, -7.08 	0.00, -0.00 	13,22,9,234		2.41,2.41	0,0 	0
4460    	21.99, -2.70, -8.95 	-0.24, 29.23, -7.08 	0.00, -0.00 	13,22,9,244		3.59,0.00	0,0 	0
4468    	22.00, -2.70, -8.96 	-0.24, 29.23, -7.08 	0.00, -0.00 	13,22,9,253		2.41,0.00	0,0 	0
4477    	22.00, -2.71, -8.95 	-0.24, 29.22, -7.09 	0.00, -0.00 	13,22,9,263		2.66,2.67	0,0 	0
4486    	22.00, -2.72, -8.95 	-0.24, 29.22, -7.09 	0.00, -0.00 	13,22,9,273		2.66,0.00	0,0 	0
4494    	22.00, -2.71, -8.94 	-0.24, 29.22, -7.09 	0.00, -0.00 	13,22,9,282		2.66,0.00	0,0 	0
4503    	22.00, -2.70, -8.95 	-0.24, 29.22, -7.08 	0.00, -0.00 	13,22,9,292		2.66,0.00	0,0 	0
4512    	22.00, -2.70, -8.96 	-0.24, 29.22, -7.08 	0.00, -0.00 	13,22,9,302		0.00,0.00	0,0 	0
4520    	22.01, -2.70, -8.96 	-0.25, 29.22, -7.09 	0.00, -0.00 	13,22,9,311		2.41,2.41	0,0 	0
4529    	22.02, -2.70, -8.96 	-0.25, 29.22, -7.08 	0.00, -0.00 	13,22,9,321		1.93,0.00	0,0 	0
4538    	22.01, -2.71, -8.96 	-0.25, 29.22, -7.08 	0.00, -0.00 	13,22,9,331		3.59,0.00	0,0 	0
4547    	22.02, -2.71, -8.96 	-0.25, 29.22, -7.09 	0.00, -0.00 	13,22,9,341		2.41,0.00	0,0 	0
4555    	22.03, -2.71, -8.95 	-0.25, 29.22, -7.08 	0.00, -0.00 	13,22,9,350		2.41,0.00	0,0 	0
4564    	22.01, -2.72, -8.95 	-0.24, 29.22, -7.08 	0.00, -0.00 	13,22,9,360		5.51,2.41	0,0 	0
4573    	22.02, -2.72, -8.95 	-0.24, 29.22, -7.09 	0.00, -0.00 	13,22,9,370		2.41,0.00	0,0 	0
4581    	22.03, -2.72, -8.95 	-0.24, 29.22, -7.09 	0.00, -0.00 	13,22,9,379		2.41,0.00	0,0 	0
4590    	22.03, -2.71, -8.95 	-0.24, 29.22, -7.08 	0.00, -0.00 	13,22,9,389		2.66,0.00	0,0 	0
4599    	22.04, -2.72, -8.95 	-0.24, 29.22, -7.09 	0.00, -0.00 	13,22,9,399		3.59,0.00	0,0 	0
4607    	22.03, -2.72, -8.95 	-0.24, 29.22, -7.08 	0.00, -0.00 	13,22,9,408		2.41,0.00	0,0 	0
4616    	22.03, -2.71, -8.96 	-0.24, 29.22, -7.09 	0.00, -0.00 	13,22,9,418		2.66,0.00	0,0 	0
4626    	22.02, -2.72, -8.95 	-0.23, 29.22, -7.09 	0.00, -0.00 	13,22,9,429		3.59,2.41	0,0 	0
4633    	22.04, -2.73, -8.95 	-0.22, 29.21, -7.09 	0.00, -0.00 	13,22,9,437		7.34,4.83	0,0 	0
4642    	22.04, -2.75, -8.95 	-0.21, 29.20, -7.08 	0.00, -0.00 	13,22,9,447		5.33,3.62	0,0 	0
4651    	22.05, -2.76, -8.95 	-0.21, 29.20, -7.08 	0.00, -0.00 	13,22,9,457		3.59,0.00	0,0 	0
4659    	22.04, -2.77, -8.95 	-0.20, 29.18, -7.08 	0.00, -0.00 	13,22,9,466		3.59,5.90	0,0 	0
4668    	22.04, -2.78, -8.95 	-0.20, 29.18, -7.08 	0.00, -0.00 	13,22,9,476		2.66,0.00	0,0 	0
4677    	22.04, -2.79, -8.95 	-0.19, 29.17, -7.08 	0.00, -0.00 	13,22,9,486		2.66,3.62	0,0 	0
4685    	22.03, -2.81, -8.94 	-0.20, 29.17, -7.08 	0.00, -0.00 	13,22,9,495		5.85,2.41	0,0 	0
4694    	22.03, -2.80, -8.94 	-0.19, 29.16, -7.08 	0.00, -0.00 	13,22,9,505		2.66,3.62	0,0 	0
4703    	22.04, -2.82, -8.95 	-0.19, 29.16, -7.08 	0.00, -0.00 	13,22,9,515		5.84,0.00	0,0 	0
4711    	22.05, -2.81, -8.94 	-0.18, 29.15, -7.08 	0.00, -0.00 	13,22,9,524		3.59,3.62	0,0 	0
4720    	22.07, -2.82, -8.95 	-0.18, 29.15, -7.08 	0.00, -0.00 	13,22,9,534		4.40,0.00	0,0 	0
4729    	22.06, -2.84, -8.94 	-0.17, 29.14, -7.08 	0.00, -0.00 	13,22,9,544		5.85,3.62	0,0 	0
4737    	22.07, -2.88, -8.93 	-0.17, 29.14, -7.08 	0.00, -0.00 	13,22,9,553		8.34,0.00	0,0 	0
4746    	22.06, -2.89, -8.93 	-0.17, 29.13, -7.08 	0.00, -0.00 	13,22,9,563		2.87,2.14	0,0 	0
4755    	22.07, -2.89, -8.93 	-0.16, 29.11, -7.07 	0.00, -0.00 	13,22,9,573		2.41,3.62	0,0 	0
4764    	22.08, -2.89, -8.93 	-0.16, 29.09, -7.07 	0.00, -0.00 	13,22,9,583		2.41,5.35	0,0 	0
4772    	22.08, -2.89, -8.93 	-0.14, 29.07, -7.07 	0.00, -0.00 	13,22,9,592		0.00,7.25	0,0 	0
4781    	22.08, -2.91, -8.94 	-0.12, 29.03, -7.07 	0.00, -0.00 	13,22,9,602		5.33,11.79	0,0 	0
4790    	22.10, -2.92, -8.94 	-0.09, 28.93, -7.05 	0.00, -0.00 	13,22,9,612		5.50,26.04	0,0 	0
4798    	22.11, -2.94, -8.94 	-0.06, 28.81, -7.04 	0.00, -0.00 	13,22,9,621		5.84,30.38	0,0 	0
4807    	22.14, -2.97, -8.94 	-0.04, 28.72, -7.03 	0.00, -0.00 	13,22,9,631		10.77,24.60	0,0 	0
4817    	22.16, -3.02, -8.93 	-0.01, 28.62, -7.03 	0.00, -0.00 	13,22,9,642		11.69,25.22	0,0 	0
4824    	22.22, -3.09, -8.92 	0.03, 28.50, -7.02 	0.00, -0.00 	13,22,9,650		31.44,41.43	0,0 	0
4833    	22.24, -3.14, -8.92 	0.05, 28.38, -7.01 	0.00, -0.00 	13,22,9,660		15.15,32.51	0,0 	0
4842    	22.28, -3.26, -8.90 	0.08, 28.26, -7.00 	0.00, -0.00 	13,22,9,670		30.84,30.38	0,0 	0
4850    	22.35, -3.31, -8.91 	0.12, 28.11, -7.00 	0.00, -0.00 	13,22,9,679		21.48,38.78	0,0 	0
4859    	22.42, -3.40, -8.92 	0.15, 27.94, -6.99 	0.00, -0.00 	13,22,9,689		27.16,43.48	0,0 	0
4868    	22.51, -3.47, -8.93 	0.18, 27.74, -6.97 	0.00, -0.00 	13,22,9,699		30.45,48.76	0,0 	0
4876    	22.64, -3.62, -8.91 	0.23, 27.52, -6.96 	0.00, -0.00 	13,22,9,708		48.67,57.58	0,0 	0
4885    	22.74, -3.73, -8.88 	0.27, 27.27, -6.94 	0.00, -0.00 	13,22,9,718		37.55,62.37	0,0 	0
4894    	22.92, -3.88, -8.82 	0.31, 27.00, -6.93 	0.00, -0.00 	13,22,9,728		57.16,67.66	0,0 	0
4902    	23.10, -4.04, -8.78 	0.34, 26.71, -6.92 	0.00, -0.00 	13,22,9,737		60.73,75.30	0,0 	0
4911    	23.24, -4.19, -8.75 	0.37, 26.36, -6.90 	0.00, -0.00 	13,22,9,747		40.21,68.76	0,0 	0
4920    	23.39, -4.36, -8.76 	0.39, 26.00, -6.90 	0.00, -0.00 	13,22,9,757		20.89,33.07	0,0 	0
4929    	23.56, -4.54, -8.76 	0.43, 25.65, -6.88 	0.00, -0.00 	13,22,9,767		22.79,32.32	0,0 	0
4937    	23.71, -4.74, -8.76 	0.45, 25.26, -6.88 	0.00, -0.00 	13,22,9,776		24.86,38.57	0,0 	0
4946    	23.80, -4.91, -8.77 	0.49, 24.87, -6.86 	0.00, -0.00 	13,22,9,786		17.80,36.19	0,0 	0
4955    	23.97, -5.08, -8.79 	0.52, 24.47, -6.86 	0.00, -0.00 	13,22,9,796		21.48,36.10	0,0 	0
4963    	24.17, -5.26, -8.81 	0.55, 24.07, -6.85 	0.00, -0.00 	13,22,9,805		24.68,36.10	0,0 	0
4972    	24.44, -5.45, -8.82 	0.63, 23.67, -6.86 	0.00, -0.00 	13,22,9,815		29.53,37.70	0,0 	0
4981    	24.66, -5.57, -8.81 	0.68, 23.24, -6.83 	0.00, -0.00 	13,22,9,825		23.25,39.09	0,0 	0
4989    	24.84, -5.73, -8.82 	0.74, 22.79, -6.82 	0.00, -0.00 	13,22,9,834		22.08,41.24	0,0 	0
4998    	25.06, -5.91, -8.84 	0.76, 22.34, -6.80 	0.00, -0.00 	13,22,9,844		26.01,40.89	0,0 	0
5008    	25.24, -6.18, -8.82 	0.83, 21.91, -6.79 	0.00, -0.00 	13,22,9,855		28.88,39.45	0,0 	0
5015    	25.39, -6.39, -8.82 	0.93, 21.52, -6.82 	0.00, -0.00 	13,22,9,863		26.29,40.85	0,0 	0
5024    	25.51, -6.58, -8.84 	1.02, 21.11, -6.82 	0.00, -0.00 	13,22,9,873		19.53,37.88	0,0 	0
5034    	25.59, -6.75, -8.86 	1.07, 20.70, -6.82 	0.00, -0.00 	13,22,9,884		17.38,37.26	0,0 	0
5041    	25.77, -6.91, -8.90 	1.19, 20.33, -6.82 	0.00, -0.00 	13,22,9,892		23.57,39.33	0,0 	0
5050    	25.98, -7.02, -8.94 	1.30, 19.94, -6.82 	0.00, -0.00 	13,22,9,902		20.18,33.63	0,0 	0
5059    	26.22, -7.09, -8.96 	1.40, 19.52, -6.83 	0.00, -0.00 	13,22,9,912		22.65,39.03	0,0 	0
5067    	26.43, -7.15, -8.98 	1.54, 19.13, -6.82 	0.00, -0.00 	13,22,9,921		20.12,38.17	0,0 	0
5076    	26.69, -7.12, -9.01 	1.62, 18.75, -6.83 	0.00, -0.00 	13,22,9,931		23.83,34.84	0,0 	0
5085    	26.89, -7.10, -9.04 	1.74, 18.34, -6.84 	0.00, -0.00 	13,22,9,941		18.49,38.55	0,0 	0
5094    	27.06, -7.22, -9.03 	1.82, 17.95, -6.85 	0.00, -0.00 	13,22,9,951		18.30,36.74	0,0 	0
5102    	27.13, -7.47, -9.01 	1.88, 17.55, -6.86 	0.00, -0.00 	13,22,9,960		26.70,40.06	0,0 	0
5111    	27.19, -7.74, -9.00 	1.94, 17.16, -6.87 	0.00, -0.00 	13,22,9,970		24.77,36.42	0,0 	0
5120    	27.27, -7.99, -9.00 	1.97, 16.78, -6.93 	0.00, -0.00 	13,22,9,980		24.27,34.16	0,0 	0
5128    	27.39, -8.16, -8.99 	2.01, 16.41, -6.97 	0.00, -0.00 	13,22,9,989		19.22,34.25	0,0 	0
5137    	27.54, -8.29, -9.00 	2.08, 16.02, -7.01 	0.00, -0.00 	13,22,9,999		17.53,35.61	0,0 	0
5146    	27.62, -8.45, -9.03 	2.06, 15.64, -7.04 	0.00, -0.00 	13,22,10,9		16.52,35.05	0,0 	0
5154    	27.81, -8.57, -9.03 	2.10, 15.30, -7.07 	0.00, -0.00 	13,22,10,18		19.75,30.39	0,0 	0
5163    	28.02, -8.62, -9.03 	2.17, 14.97, -7.13 	0.00, -0.00 	13,22,10,28		19.86,30.84	0,0 	0
5172    	28.24, -8.69, -9.04 	2.24, 14.61, -7.15 	0.00, -0.00 	13,22,10,38		20.96,33.70	0,0 	0
5180    	28.40, -8.81, -9.04 	2.21, 14.20, -7.16 	0.00, -0.00 	13,22,10,47		18.88,36.99	0,0 	0
5189    	28.54, -9.05, -9.02 	2.20, 13.80, -7.16 	0.00, -0.00 	13,22,10,57		24.58,36.93	0,0 	0
5199    	28.64, -9.28, -8.99 	2.17, 13.35, -7.15 	0.00, -0.00 	13,22,10,68		23.38,40.92	0,0 	0
5206    	28.68, -9.51, -8.96 	2.23, 12.96, -7.17 	0.00, -0.00 	13,22,10,76		22.70,39.01	0,0 	0
5215    	28.72, -9.68, -8.96 	2.22, 12.59, -7.19 	0.00, -0.00 	13,22,10,86		15.89,34.02	0,0 	0
5224    	28.78, -9.78, -8.96 	2.20, 12.20, -7.22 	0.00, -0.00 	13,22,10,96		11.02,35.05	0,0 	0
5232    	28.86, -9.84, -9.00 	2.19, 11.86, -7.26 	0.00, -0.00 	13,22,10,105		9.25,31.10	0,0 	0
5241    	28.94, -9.83, -9.02 	2.26, 11.51, -7.30 	0.00, -0.00 	13,22,10,115		6.48,30.02	0,0 	0
5250    	29.09, -9.77, -9.04 	2.34, 11.17, -7.32 	0.00, -0.00 	13,22,10,125		14.00,31.98	0,0 	0
5258    	29.17, -9.86, -9.02 	2.32, 10.82, -7.33 	0.00, -0.00 	13,22,10,134		11.05,31.13	0,0 	0
5267    	29.20, -9.94, -9.04 	2.17, 10.41, -7.31 	0.00, -0.00 	13,22,10,144		8.18,40.21	0,0 	0
5276    	29.27, -10.09, -9.00 	2.15, 10.06, -7.32 	0.00, -0.00 	13,22,10,154		14.88,32.10	0,0 	0
5285    	29.34, -10.22, -8.97 	2.07, 9.65, -7.29 	0.00, -0.00 	13,22,10,164		13.14,37.65	0,0 	0
5293    	29.34, -10.34, -8.96 	1.99, 9.24, -7.26 	0.00, -0.00 	13,22,10,173		11.72,41.24	0,0 	0
5302    	29.34, -10.43, -8.95 	1.85, 8.92, -7.27 	0.00, -0.00 	13,22,10,183		8.76,31.79	0,0 	0
5311    	29.37, -10.46, -8.96 	1.66, 8.56, -7.30 	0.00, -0.00 	13,22,10,193		3.26,37.16	0,0 	0
5319    	29.41, -10.46, -8.98 	1.64, 8.24, -7.30 	0.00, -0.00 	13,22,10,202		3.85,32.16	0,0 	0
5328    	29.49, -10.47, -8.97 	1.64, 8.03, -7.35 	0.00, -0.00 	13,22,10,212		7.07,19.44	0,0 	0
5337    	29.53, -10.51, -8.97 	1.64, 7.77, -7.41 	0.00, -0.00 	13,22,10,222		5.22,23.33	0,0 	0
5345    	29.54, -10.54, -8.97 	1.54, 7.45, -7.44 	0.00, -0.00 	13,22,10,231		3.03,30.57	0,0 	0
5354    	29.58, -10.55, -8.97 	1.37, 7.05, -7.40 	0.00, -0.00 	13,22,10,241		3.63,39.61	0,0 	0
5363    	29.64, -10.55, -8.95 	1.22, 6.68, -7.35 	0.00, -0.00 	13,22,10,251		6.13,35.69	0,0 	0
5371    	29.67, -10.62, -8.95 	1.16, 6.38, -7.32 	0.00, -0.00 	13,22,10,260		6.38,28.75	0,0 	0
5380    	29.64, -10.69, -8.94 	1.02, 6.11, -7.27 	0.00, -0.00 	13,22,10,270		7.27,27.44	0,0 	0
5390    	29.68, -10.72, -8.94 	0.89, 5.83, -7.26 	0.00, -0.00 	13,22,10,281		4.55,27.56	0,0 	0
5397    	29.67, -10.77, -8.93 	0.85, 5.60, -7.26 	0.00, -0.00 	13,22,10,289		4.37,23.94	0,0 	0
5406    	29.66, -10.80, -8.92 	0.85, 5.40, -7.26 	0.00, -0.00 	13,22,10,299		3.04,17.50	0,0 	0
5415    	29.68, -10.81, -8.91 	0.81, 5.18, -7.23 	0.00, -0.00 	13,22,10,309		2.00,20.66	0,0 	0
5423    	29.71, -10.85, -8.91 	0.80, 4.92, -7.19 	0.00, -0.00 	13,22,10,318		4.68,23.33	0,0 	0
5432    	29.75, -10.89, -8.89 	0.78, 4.61, -7.12 	0.00, -0.00 	13,22,10,328		4.79,25.91	0,0 	0
5441    	29.78, -10.89, -8.89 	0.79, 4.33, -7.08 	0.00, -0.00 	13,22,10,338		2.63,26.27	0,0 	0
5449    	29.86, -10.87, -8.87 	0.74, 4.03, -7.05 	0.00, -0.00 	13,22,10,347		8.12,27.50	0,0 	0
5458    	29.83, -10.92, -8.86 	0.68, 3.72, -7.02 	0.00, -0.00 	13,22,10,357		5.98,28.75	0,0 	0
5467    	29.82, -10.98, -8.85 	0.58, 3.45, -6.99 	0.00, -0.00 	13,22,10,367		4.92,25.70	0,0 	0
5476    	29.83, -11.06, -8.82 	0.58, 3.20, -6.98 	0.00, -0.00 	13,22,10,377		7.80,22.36	0,0 	0
5484    	29.78, -11.17, -8.81 	0.60, 2.95, -6.97 	0.00, -0.00 	13,22,10,386		11.70,25.76	0,0 	0
5493    	29.76, -11.29, -8.79 	0.52, 2.75, -7.00 	0.00, -0.00 	13,22,10,396		10.80,19.97	0,0 	0
5502    	29.78, -11.34, -8.80 	0.42, 2.50, -7.00 	0.00, -0.00 	13,22,10,406		5.15,23.88	0,0 	0
5510    	29.79, -11.37, -8.81 	0.38, 2.25, -7.02 	0.00, -0.00 	13,22,10,415		3.03,22.71	0,0 	0
5519    	29.84, -11.38, -8.79 	0.36, 2.07, -7.04 	0.00, -0.00 	13,22,10,425		4.48,16.59	0,0 	0
5528    	29.88, -11.38, -8.78 	0.35, 1.86, -7.00 	0.00, -0.00 	13,22,10,435		4.38,19.45	0,0 	0
5536    	29.92, -11.40, -8.78 	0.29, 1.66, -7.00 	0.00, -0.00 	13,22,10,444		4.00,19.37	0,0 	0
5545    	29.94, -11.45, -8.78 	0.21, 1.42, -6.97 	0.00, -0.00 	13,22,10,454		4.25,22.40	0,0 	0
5554    	29.98, -11.47, -8.75 	0.13, 1.20, -6.98 	0.00, -0.00 	13,22,10,464		4.00,21.77	0,0 	0
