#Time 	Sensor1         Sensor2         Target          Time            Vel             
#================================================================

10      	30.17, -13.87, -7.71 	-0.17, 0.98, -6.64 	8.55, 23.49 	13,23,33,708		0.00,0.00	0,0 	0
14      	30.17, -13.87, -7.71 	-0.11, 0.97, -6.65 	8.55, 23.49 	13,23,33,717		0.00,14.72	0,0 	0
23      	30.17, -13.87, -7.71 	-0.18, 0.99, -6.65 	8.55, 23.49 	13,23,33,726		0.00,7.89	0,0 	0
32      	30.20, -13.84, -7.72 	-0.11, 0.99, -6.64 	8.55, 23.49 	13,23,33,736		3.99,7.49	0,0 	0
40      	30.28, -13.82, -7.70 	-0.21, 0.99, -6.66 	8.55, 23.49 	13,23,33,745		10.00,12.03	0,0 	0
49      	30.28, -13.82, -7.70 	-0.14, 1.01, -6.66 	8.55, 23.49 	13,23,33,755		0.00,7.82	0,0 	0
58      	30.28, -13.86, -7.69 	-0.16, 1.01, -6.66 	8.55, 23.49 	13,23,33,765		3.71,2.14	0,0 	0
66      	30.27, -13.93, -7.68 	-0.13, 0.99, -6.65 	8.55, 23.49 	13,23,33,774		9.63,4.52	0,0 	0
75      	30.24, -13.95, -7.68 	-0.15, 0.98, -6.66 	8.55, 23.49 	13,23,33,784		3.99,2.43	0,0 	0
84      	30.22, -13.92, -7.68 	-0.12, 1.01, -6.67 	8.55, 23.49 	13,23,33,794		4.15,4.76	0,0 	0
92      	30.23, -13.92, -7.68 	-0.18, 1.00, -6.67 	8.55, 23.49 	13,23,33,803		1.20,7.32	0,0 	0
101     	30.27, -13.92, -7.68 	-0.11, 1.04, -6.68 	8.55, 23.49 	13,23,33,813		4.28,8.81	0,0 	0
110     	30.22, -13.95, -7.71 	-0.17, 1.03, -6.68 	8.55, 23.49 	13,23,33,823		6.43,6.51	0,0 	0
118     	30.25, -13.93, -7.70 	-0.11, 1.03, -6.68 	8.55, 23.49 	13,23,33,832		4.49,7.22	0,0 	0
127     	30.25, -13.93, -7.70 	-0.18, 1.03, -6.68 	8.55, 23.49 	13,23,33,842		0.00,7.49	0,0 	0
136     	30.23, -13.91, -7.71 	-0.12, 1.04, -6.68 	8.55, 23.49 	13,23,33,852		3.19,6.51	0,0 	0
144     	30.19, -13.94, -7.72 	-0.20, 1.03, -6.68 	8.55, 23.49 	13,23,33,861		6.26,9.70	0,0 	0
153     	30.19, -13.95, -7.72 	-0.15, 1.03, -6.68 	8.55, 23.49 	13,23,33,871		1.18,5.35	0,0 	0
162     	30.19, -13.95, -7.72 	-0.17, 1.03, -6.68 	8.55, 23.49 	13,23,33,881		0.00,2.14	0,0 	0
170     	30.19, -13.95, -7.72 	-0.14, 1.02, -6.68 	8.55, 23.49 	13,23,33,890		0.00,3.87	0,0 	0
179     	30.19, -13.95, -7.72 	-0.16, 1.01, -6.68 	8.55, 23.49 	13,23,33,900		0.00,2.43	0,0 	0
188     	30.14, -13.98, -7.70 	-0.20, 1.02, -6.67 	8.55, 23.49 	13,23,33,910		6.43,4.46	0,0 	0
197     	30.14, -13.99, -7.71 	-0.17, 1.02, -6.67 	8.55, 23.49 	13,23,33,920		1.18,3.21	0,0 	0
205     	30.19, -13.96, -7.71 	-0.20, 1.02, -6.67 	8.55, 23.49 	13,23,33,929		7.23,3.61	0,0 	0
214     	30.18, -13.94, -7.73 	-0.19, 1.02, -6.67 	8.55, 23.49 	13,23,33,939		2.60,1.07	0,0 	0
223     	30.23, -13.95, -7.73 	-0.18, 1.02, -6.66 	8.55, 23.49 	13,23,33,949		5.48,1.07	0,0 	0
231     	30.22, -13.95, -7.73 	-0.18, 1.03, -6.68 	8.55, 23.49 	13,23,33,958		1.20,1.34	0,0 	0
240     	30.22, -13.95, -7.73 	-0.22, 1.02, -6.68 	8.55, 23.49 	13,23,33,968		0.00,4.42	0,0 	0
249     	30.24, -13.99, -7.71 	-0.21, 1.02, -6.67 	8.55, 23.49 	13,23,33,978		5.20,1.07	0,0 	0
257     	30.23, -13.98, -7.69 	-0.21, 1.02, -6.67 	8.55, 23.49 	13,23,33,987		1.79,0.00	0,0 	0
266     	30.19, -13.97, -7.69 	-0.21, 1.05, -6.68 	8.55, 23.49 	13,23,33,997		4.44,3.56	0,0 	0
275     	30.18, -13.96, -7.69 	-0.23, 1.05, -6.68 	8.55, 23.49 	13,23,34,7		1.60,2.14	0,0 	0
283     	30.18, -13.97, -7.69 	-0.24, 1.03, -6.67 	8.55, 23.49 	13,23,34,16		1.33,2.91	0,0 	0
292     	30.18, -13.97, -7.69 	-0.24, 1.02, -6.66 	8.55, 23.49 	13,23,34,26		0.00,1.19	0,0 	0
301     	30.26, -13.95, -7.69 	-0.22, 1.03, -6.65 	8.55, 23.49 	13,23,34,36		8.89,2.43	0,0 	0
309     	30.25, -13.96, -7.70 	-0.22, 1.03, -6.66 	8.55, 23.49 	13,23,34,45		1.80,0.00	0,0 	0
318     	30.24, -13.96, -7.69 	-0.21, 1.04, -6.67 	8.55, 23.49 	13,23,34,55		1.07,1.59	0,0 	0
327     	30.25, -13.99, -7.67 	-0.20, 1.02, -6.66 	8.55, 23.49 	13,23,34,65		3.71,2.62	0,0 	0
335     	30.25, -13.99, -7.67 	-0.19, 1.03, -6.66 	8.55, 23.49 	13,23,34,74		0.00,1.78	0,0 	0
344     	30.21, -14.03, -7.68 	-0.19, 1.02, -6.65 	8.55, 23.49 	13,23,34,84		5.56,1.19	0,0 	0
353     	30.22, -14.03, -7.68 	-0.22, 1.02, -6.65 	8.55, 23.49 	13,23,34,94		1.07,3.21	0,0 	0
361     	30.22, -14.03, -7.68 	-0.21, 1.03, -6.67 	8.55, 23.49 	13,23,34,103		0.00,1.78	0,0 	0
370     	30.22, -14.03, -7.68 	-0.22, 1.04, -6.66 	8.55, 23.49 	13,23,34,113		0.00,1.61	0,0 	0
379     	30.24, -13.99, -7.67 	-0.22, 1.05, -6.66 	8.55, 23.49 	13,23,34,123		4.15,1.19	0,0 	0
388     	30.24, -13.99, -7.72 	-0.20, 1.04, -6.66 	8.55, 23.49 	13,23,34,133		0.00,2.46	0,0 	0
396     	30.23, -13.99, -7.72 	-0.20, 1.04, -6.66 	8.55, 23.49 	13,23,34,142		1.20,0.00	0,0 	0
405     	30.27, -13.98, -7.69 	-0.23, 1.03, -6.65 	8.55, 23.49 	13,23,34,152		4.44,3.40	0,0 	0
414     	30.29, -13.96, -7.69 	-0.24, 1.04, -6.65 	8.55, 23.49 	13,23,34,162		3.99,1.61	0,0 	0
422     	30.29, -13.96, -7.69 	-0.27, 1.04, -6.65 	8.55, 23.49 	13,23,34,171		0.00,3.61	0,0 	0
431     	30.29, -13.96, -7.69 	-0.26, 1.04, -6.65 	8.55, 23.49 	13,23,34,181		0.00,1.07	0,0 	0
440     	30.30, -13.98, -7.68 	-0.26, 1.04, -6.65 	8.55, 23.49 	13,23,34,191		2.60,0.00	0,0 	0
448     	30.27, -14.02, -7.68 	-0.26, 1.05, -6.65 	8.55, 23.49 	13,23,34,200		5.39,1.34	0,0 	0
457     	30.27, -14.02, -7.68 	-0.24, 1.05, -6.65 	8.55, 23.49 	13,23,34,210		1.07,2.14	0,0 	0
466     	30.27, -14.02, -7.68 	-0.27, 1.04, -6.65 	8.55, 23.49 	13,23,34,220		0.00,3.40	0,0 	0
474     	30.28, -13.97, -7.69 	-0.26, 1.04, -6.64 	8.55, 23.49 	13,23,34,229		5.85,1.20	0,0 	0
483     	30.28, -13.98, -7.69 	-0.26, 1.03, -6.64 	8.55, 23.49 	13,23,34,239		1.18,1.19	0,0 	0
492     	30.27, -13.97, -7.69 	-0.26, 1.04, -6.64 	8.55, 23.49 	13,23,34,249		1.60,1.19	0,0 	0
500     	30.27, -13.97, -7.69 	-0.27, 1.05, -6.66 	8.55, 23.49 	13,23,34,258		0.00,1.81	0,0 	0
509     	30.27, -13.97, -7.69 	-0.27, 1.03, -6.66 	8.55, 23.49 	13,23,34,268		0.00,2.38	0,0 	0
518     	30.27, -13.97, -7.67 	-0.27, 1.04, -6.66 	8.55, 23.49 	13,23,34,278		0.00,1.19	0,0 	0
526     	30.28, -14.00, -7.66 	-0.26, 1.04, -6.65 	8.55, 23.49 	13,23,34,287		4.17,1.20	0,0 	0
535     	30.28, -14.02, -7.67 	-0.26, 1.05, -6.65 	8.55, 23.49 	13,23,34,297		1.18,1.19	0,0 	0
544     	30.28, -14.02, -7.67 	-0.26, 1.04, -6.65 	8.55, 23.49 	13,23,34,307		0.00,1.19	0,0 	0
552     	30.29, -14.02, -7.67 	-0.26, 1.04, -6.65 	8.55, 23.49 	13,23,34,316		1.20,0.00	0,0 	0
561     	30.24, -14.03, -7.69 	-0.24, 1.04, -6.65 	8.55, 23.49 	13,23,34,326		6.53,2.14	0,0 	0
570     	30.25, -14.05, -7.71 	-0.24, 1.04, -6.65 	8.55, 23.49 	13,23,34,336		2.60,0.00	0,0 	0
579     	30.26, -14.08, -7.69 	-0.25, 1.05, -6.64 	8.55, 23.49 	13,23,34,346		3.71,1.61	0,0 	0
587     	30.30, -14.05, -7.70 	-0.26, 1.06, -6.65 	8.55, 23.49 	13,23,34,355		7.23,1.81	0,0 	0
596     	30.26, -14.09, -7.70 	-0.24, 1.06, -6.65 	8.55, 23.49 	13,23,34,365		7.15,2.14	0,0 	0
605     	30.27, -14.09, -7.70 	-0.23, 1.07, -6.65 	8.55, 23.49 	13,23,34,375		1.07,1.59	0,0 	0
613     	30.26, -14.08, -7.70 	-0.27, 1.06, -6.65 	8.55, 23.49 	13,23,34,384		1.79,4.97	0,0 	0
622     	30.26, -14.08, -7.69 	-0.26, 1.05, -6.65 	8.55, 23.49 	13,23,34,394		0.00,1.61	0,0 	0
631     	30.27, -14.09, -7.69 	-0.26, 1.05, -6.64 	8.55, 23.49 	13,23,34,404		2.45,0.00	0,0 	0
639     	30.29, -14.14, -7.69 	-0.26, 1.05, -6.64 	8.55, 23.49 	13,23,34,413		7.08,0.00	0,0 	0
648     	30.27, -14.12, -7.69 	-0.25, 1.05, -6.64 	8.55, 23.49 	13,23,34,423		3.19,1.07	0,0 	0
657     	30.27, -14.12, -7.69 	-0.26, 1.07, -6.65 	8.55, 23.49 	13,23,34,433		0.00,2.62	0,0 	0
665     	30.29, -14.14, -7.67 	-0.25, 1.06, -6.65 	8.55, 23.49 	13,23,34,442		3.59,1.81	0,0 	0
674     	30.30, -14.12, -7.65 	-0.24, 1.08, -6.65 	8.55, 23.49 	13,23,34,452		2.60,2.59	0,0 	0
683     	30.31, -14.11, -7.67 	-0.24, 1.07, -6.65 	8.55, 23.49 	13,23,34,462		1.60,1.19	0,0 	0
691     	30.31, -14.12, -7.67 	-0.29, 1.07, -6.65 	8.55, 23.49 	13,23,34,471		1.33,6.02	0,0 	0
700     	30.31, -14.12, -7.67 	-0.29, 1.07, -6.65 	8.55, 23.49 	13,23,34,481		0.00,0.00	0,0 	0
709     	30.29, -14.17, -7.66 	-0.29, 1.07, -6.65 	8.55, 23.49 	13,23,34,491		6.30,0.00	0,0 	0
717     	30.29, -14.17, -7.64 	-0.28, 1.07, -6.66 	8.55, 23.49 	13,23,34,500		0.00,1.20	0,0 	0
726     	30.29, -14.17, -7.64 	-0.28, 1.07, -6.66 	8.55, 23.49 	13,23,34,510		0.00,0.00	0,0 	0
735     	30.32, -14.14, -7.64 	-0.28, 1.07, -6.66 	8.55, 23.49 	13,23,34,520		4.79,0.00	0,0 	0
743     	30.31, -14.13, -7.62 	-0.26, 1.08, -6.66 	8.55, 23.49 	13,23,34,529		1.80,2.73	0,0 	0
752     	30.31, -14.12, -7.62 	-0.26, 1.07, -6.66 	8.55, 23.49 	13,23,34,539		1.18,1.19	0,0 	0
761     	30.31, -14.11, -7.61 	-0.26, 1.07, -6.66 	8.55, 23.49 	13,23,34,549		1.18,0.00	0,0 	0
770     	30.30, -14.11, -7.63 	-0.26, 1.08, -6.66 	8.55, 23.49 	13,23,34,559		1.07,1.19	0,0 	0
778     	30.30, -14.12, -7.63 	-0.27, 1.09, -6.66 	8.55, 23.49 	13,23,34,568		1.33,1.81	0,0 	0
787     	30.29, -14.11, -7.62 	-0.27, 1.09, -6.66 	8.55, 23.49 	13,23,34,578		1.60,0.00	0,0 	0
796     	30.26, -14.14, -7.61 	-0.26, 1.09, -6.66 	8.55, 23.49 	13,23,34,588		5.56,1.07	0,0 	0
804     	30.27, -14.15, -7.63 	-0.26, 1.09, -6.66 	8.55, 23.49 	13,23,34,597		1.80,0.00	0,0 	0
813     	30.26, -14.15, -7.63 	-0.25, 1.09, -6.67 	8.55, 23.49 	13,23,34,607		1.07,1.07	0,0 	0
822     	30.27, -14.15, -7.64 	-0.25, 1.09, -6.67 	8.55, 23.49 	13,23,34,617		1.07,0.00	0,0 	0
830     	30.29, -14.12, -7.64 	-0.29, 1.11, -6.67 	8.55, 23.49 	13,23,34,626		5.39,5.01	0,0 	0
839     	30.29, -14.10, -7.65 	-0.29, 1.12, -6.67 	8.55, 23.49 	13,23,34,636		2.37,1.19	0,0 	0
848     	30.29, -14.10, -7.65 	-0.28, 1.12, -6.66 	8.55, 23.49 	13,23,34,646		0.00,1.07	0,0 	0
856     	30.29, -14.10, -7.65 	-0.28, 1.13, -6.66 	8.55, 23.49 	13,23,34,655		0.00,1.34	0,0 	0
865     	30.29, -14.10, -7.65 	-0.28, 1.13, -6.66 	8.55, 23.49 	13,23,34,665		0.00,0.00	0,0 	0
874     	30.29, -14.10, -7.65 	-0.28, 1.13, -6.66 	8.55, 23.49 	13,23,34,675		0.00,0.00	0,0 	0
882     	30.26, -14.14, -7.65 	-0.28, 1.13, -6.66 	8.55, 23.49 	13,23,34,684		7.18,0.00	0,0 	0
891     	30.27, -14.17, -7.64 	-0.28, 1.11, -6.66 	8.55, 23.49 	13,23,34,694		3.71,2.38	0,0 	0
900     	30.27, -14.17, -7.63 	-0.26, 1.11, -6.66 	8.55, 23.49 	13,23,34,704		0.00,2.14	0,0 	0
908     	30.27, -14.16, -7.63 	-0.30, 1.12, -6.65 	8.55, 23.49 	13,23,34,713		1.33,5.01	0,0 	0
917     	30.27, -14.16, -7.63 	-0.30, 1.11, -6.66 	8.55, 23.49 	13,23,34,723		0.00,1.19	0,0 	0
926     	30.26, -14.13, -7.64 	-0.30, 1.11, -6.66 	8.55, 23.49 	13,23,34,733		3.71,0.00	0,0 	0
936     	30.27, -14.17, -7.63 	-0.31, 1.10, -6.66 	8.55, 23.49 	13,23,34,744		4.37,1.43	0,0 	0
944     	30.27, -14.16, -7.63 	-0.31, 1.11, -6.66 	8.55, 23.49 	13,23,34,752		1.33,1.34	0,0 	0
953     	30.28, -14.13, -7.62 	-0.31, 1.11, -6.66 	8.55, 23.49 	13,23,34,762		4.15,0.00	0,0 	0
962     	30.28, -14.13, -7.61 	-0.32, 1.11, -6.66 	8.55, 23.49 	13,23,34,772		0.00,1.07	0,0 	0
970     	30.26, -14.15, -7.61 	-0.33, 1.12, -6.66 	8.55, 23.49 	13,23,34,781		4.49,1.81	0,0 	0
979     	30.27, -14.15, -7.62 	-0.33, 1.11, -6.66 	8.55, 23.49 	13,23,34,791		1.07,1.19	0,0 	0
988     	30.27, -14.15, -7.60 	-0.34, 1.11, -6.65 	8.55, 23.49 	13,23,34,801		0.00,1.07	0,0 	0
996     	30.26, -14.14, -7.60 	-0.34, 1.11, -6.65 	8.55, 23.49 	13,23,34,810		1.80,0.00	0,0 	0
1005    	30.25, -14.13, -7.62 	-0.33, 1.13, -6.66 	8.55, 23.49 	13,23,34,820		1.60,2.59	1000,1 	0
1014    	30.26, -14.14, -7.64 	-0.33, 1.12, -6.66 	8.55, 23.49 	13,23,34,830		1.60,1.19	1000,1 	0
1022    	30.27, -14.12, -7.62 	-0.33, 1.11, -6.66 	8.55, 23.49 	13,23,34,839		3.59,1.34	1000,1 	0
1031    	30.27, -14.12, -7.62 	-0.33, 1.11, -6.66 	8.55, 23.49 	13,23,34,849		1.07,0.00	1000,1 	0
1040    	30.27, -14.12, -7.62 	-0.31, 1.11, -6.65 	8.55, 23.49 	13,23,34,859		1.07,2.14	1000,1 	0
1048    	30.31, -14.09, -7.63 	-0.32, 1.12, -6.65 	8.55, 23.49 	13,23,34,868		6.26,1.81	1000,1 	0
1057    	30.31, -14.09, -7.63 	-0.33, 1.12, -6.66 	8.55, 23.49 	13,23,34,878		0.00,1.07	1000,1 	0
1066    	30.31, -14.09, -7.63 	-0.32, 1.11, -6.66 	8.55, 23.49 	13,23,34,888		0.00,1.61	1000,1 	0
1074    	30.31, -14.09, -7.63 	-0.32, 1.11, -6.66 	8.55, 23.49 	13,23,34,897		0.00,0.00	1000,1 	0
1083    	30.31, -14.09, -7.63 	-0.33, 1.13, -6.66 	8.55, 23.49 	13,23,34,907		0.00,2.62	1000,1 	0
1092    	30.31, -14.09, -7.63 	-0.33, 1.13, -6.66 	8.55, 23.49 	13,23,34,917		0.00,0.00	1000,1 	0
1100    	30.31, -14.09, -7.63 	-0.31, 1.12, -6.67 	8.55, 23.49 	13,23,34,926		0.00,2.77	1000,1 	0
1109    	30.27, -14.11, -7.62 	-0.32, 1.12, -6.66 	8.55, 23.49 	13,23,34,936		4.89,1.07	1000,1 	0
1118    	30.29, -14.06, -7.65 	-0.32, 1.12, -6.66 	8.55, 23.49 	13,23,34,946		6.30,0.00	1000,1 	0
1127    	30.29, -14.05, -7.64 	-0.32, 1.13, -6.66 	8.55, 23.49 	13,23,34,956		1.18,1.19	1000,1 	0
1135    	30.27, -14.12, -7.63 	-0.32, 1.12, -6.66 	8.55, 23.49 	13,23,34,965		9.63,1.34	1000,1 	0
1144    	30.27, -14.12, -7.63 	-0.32, 1.13, -6.66 	8.55, 23.49 	13,23,34,975		0.00,1.19	1000,1 	0
1154    	30.32, -14.14, -7.64 	-0.32, 1.13, -6.66 	8.55, 23.49 	13,23,34,986		5.27,0.00	1000,1 	0
1162    	30.31, -14.14, -7.64 	-0.32, 1.14, -6.68 	8.55, 23.49 	13,23,34,995		1.20,1.34	1000,1 	0
1171    	30.27, -14.12, -7.63 	-0.31, 1.14, -6.67 	8.55, 23.49 	13,23,35,5		4.89,1.07	1000,1 	0
1180    	30.27, -14.12, -7.63 	-0.31, 1.14, -6.67 	8.55, 23.49 	13,23,35,15		0.00,0.00	1000,1 	0
1188    	30.27, -14.12, -7.61 	-0.32, 1.13, -6.66 	8.55, 23.49 	13,23,35,24		1.20,1.78	1000,1 	0
1197    	30.27, -14.12, -7.64 	-0.32, 1.13, -6.66 	8.55, 23.49 	13,23,35,34		0.00,0.00	1000,1 	0
1206    	30.26, -14.12, -7.65 	-0.32, 1.14, -6.66 	8.55, 23.49 	13,23,35,44		1.07,1.19	1000,1 	0
1214    	30.26, -14.11, -7.63 	-0.30, 1.14, -6.67 	8.55, 23.49 	13,23,35,53		1.33,2.41	1000,1 	0
1223    	30.28, -14.10, -7.65 	-0.31, 1.15, -6.67 	8.55, 23.49 	13,23,35,63		3.42,1.61	1000,1 	0
1232    	30.27, -14.15, -7.64 	-0.30, 1.16, -6.68 	8.55, 23.49 	13,23,35,73		6.30,1.59	1000,1 	0
1240    	30.27, -14.20, -7.63 	-0.30, 1.17, -6.68 	8.55, 23.49 	13,23,35,82		5.46,1.34	1000,1 	0
1249    	30.27, -14.19, -7.63 	-0.30, 1.17, -6.68 	8.55, 23.49 	13,23,35,92		1.18,0.00	1000,1 	0
1258    	30.24, -14.19, -7.61 	-0.31, 1.17, -6.68 	8.55, 23.49 	13,23,35,102		4.28,1.07	1000,1 	0
1266    	30.20, -14.22, -7.62 	-0.29, 1.18, -6.68 	8.55, 23.49 	13,23,35,111		6.26,2.73	1000,1 	0
1275    	30.20, -14.22, -7.61 	-0.29, 1.16, -6.68 	8.55, 23.49 	13,23,35,121		0.00,2.38	1000,1 	0
1284    	30.20, -14.22, -7.62 	-0.30, 1.17, -6.67 	8.55, 23.49 	13,23,35,131		0.00,1.61	1000,1 	0
1292    	30.25, -14.14, -7.64 	-0.30, 1.18, -6.68 	8.55, 23.49 	13,23,35,140		11.10,1.34	1000,1 	0
1301    	30.21, -14.19, -7.65 	-0.30, 1.18, -6.68 	8.55, 23.49 	13,23,35,150		6.39,0.00	1000,1 	0
1310    	30.21, -14.17, -7.65 	-0.29, 1.15, -6.68 	8.55, 23.49 	13,23,35,160		1.18,3.74	1000,1 	0
1319    	30.21, -14.17, -7.65 	-0.30, 1.15, -6.67 	8.55, 23.49 	13,23,35,170		0.00,1.07	1000,1 	0
1327    	30.21, -14.17, -7.65 	-0.30, 1.15, -6.68 	8.55, 23.49 	13,23,35,179		0.00,0.00	1000,1 	0
1336    	30.21, -14.17, -7.65 	-0.35, 1.16, -6.67 	8.55, 23.49 	13,23,35,189		0.00,6.54	1000,1 	0
1345    	30.20, -14.17, -7.63 	-0.35, 1.16, -6.66 	8.55, 23.49 	13,23,35,199		1.07,1.07	1000,1 	0
1353    	30.20, -14.17, -7.63 	-0.35, 1.16, -6.66 	8.55, 23.49 	13,23,35,208		0.00,0.00	1000,1 	0
1362    	30.20, -14.16, -7.63 	-0.34, 1.17, -6.65 	8.55, 23.49 	13,23,35,218		1.18,1.59	1000,1 	0
1371    	30.21, -14.17, -7.65 	-0.34, 1.16, -6.66 	8.55, 23.49 	13,23,35,228		1.60,1.19	1000,1 	0
1379    	30.21, -14.20, -7.66 	-0.34, 1.16, -6.66 	8.55, 23.49 	13,23,35,237		2.66,0.00	1000,1 	0
1388    	30.21, -14.19, -7.66 	-0.35, 1.17, -6.66 	8.55, 23.49 	13,23,35,247		1.18,1.61	1000,1 	0
1397    	30.22, -14.20, -7.66 	-0.36, 1.19, -6.68 	8.55, 23.49 	13,23,35,257		1.60,3.22	1000,1 	0
1405    	30.21, -14.19, -7.66 	-0.37, 1.20, -6.67 	8.55, 23.49 	13,23,35,266		1.80,1.81	1000,1 	0
1414    	30.22, -14.21, -7.62 	-0.36, 1.19, -6.67 	8.55, 23.49 	13,23,35,276		2.60,1.61	1000,1 	0
1423    	30.26, -14.19, -7.62 	-0.37, 1.19, -6.66 	8.55, 23.49 	13,23,35,286		4.89,1.07	1000,1 	0
1431    	30.26, -14.19, -7.62 	-0.37, 1.20, -6.68 	8.55, 23.49 	13,23,35,295		0.00,1.34	1000,1 	0
1440    	30.27, -14.20, -7.61 	-0.37, 1.20, -6.67 	8.55, 23.49 	13,23,35,305		1.60,0.00	1000,1 	0
1449    	30.24, -14.22, -7.61 	-0.38, 1.20, -6.66 	8.55, 23.49 	13,23,35,315		3.99,1.07	1000,1 	0
1457    	30.21, -14.28, -7.59 	-0.38, 1.19, -6.66 	8.55, 23.49 	13,23,35,324		8.77,1.34	1000,1 	0
1466    	30.21, -14.28, -7.60 	-0.35, 1.20, -6.65 	8.55, 23.49 	13,23,35,334		0.00,4.42	1000,1 	0
1475    	30.21, -14.28, -7.60 	-0.36, 1.21, -6.66 	8.55, 23.49 	13,23,35,344		0.00,1.61	1000,1 	0
1483    	30.21, -14.28, -7.60 	-0.35, 1.22, -6.67 	8.55, 23.49 	13,23,35,353		0.00,1.78	1000,1 	0
1492    	30.22, -14.21, -7.61 	-0.36, 1.21, -6.66 	8.55, 23.49 	13,23,35,363		8.36,1.59	1000,1 	0
1501    	30.22, -14.21, -7.61 	-0.33, 1.21, -6.66 	8.55, 23.49 	13,23,35,373		0.00,3.21	1000,1 	0
1510    	30.22, -14.21, -7.61 	-0.34, 1.20, -6.65 	8.55, 23.49 	13,23,35,383		0.00,1.59	1000,1 	0
1518    	30.22, -14.21, -7.61 	-0.35, 1.21, -6.66 	8.55, 23.49 	13,23,35,392		0.00,1.81	1000,1 	0
1527    	30.27, -14.23, -7.60 	-0.36, 1.21, -6.64 	8.55, 23.49 	13,23,35,402		6.84,2.14	1000,1 	0
1536    	30.27, -14.22, -7.59 	-0.38, 1.22, -6.65 	8.55, 23.49 	13,23,35,412		1.18,2.46	1000,1 	0
1544    	30.27, -14.23, -7.60 	-0.36, 1.22, -6.66 	8.55, 23.49 	13,23,35,421		1.33,3.61	1000,1 	0
1553    	30.23, -14.24, -7.59 	-0.36, 1.23, -6.64 	8.55, 23.49 	13,23,35,431		5.48,1.19	1000,1 	0
1562    	30.23, -14.25, -7.59 	-0.35, 1.25, -6.64 	8.55, 23.49 	13,23,35,441		1.18,1.59	1000,1 	0
1570    	30.23, -14.25, -7.59 	-0.35, 1.26, -6.64 	8.55, 23.49 	13,23,35,450		0.00,1.34	1000,1 	0
1579    	30.23, -14.25, -7.59 	-0.35, 1.27, -6.66 	8.55, 23.49 	13,23,35,460		0.00,1.19	1000,1 	0
1588    	30.23, -14.24, -7.62 	-0.32, 1.30, -6.66 	8.55, 23.49 	13,23,35,470		1.18,4.76	1000,1 	0
1596    	30.26, -14.25, -7.62 	-0.29, 1.32, -6.67 	8.55, 23.49 	13,23,35,479		5.00,4.46	1000,1 	0
1605    	30.27, -14.27, -7.59 	-0.29, 1.32, -6.66 	8.55, 23.49 	13,23,35,489		2.60,0.00	1000,1 	0
1614    	30.27, -14.27, -7.59 	-0.27, 1.35, -6.64 	8.55, 23.49 	13,23,35,499		0.00,4.13	1000,1 	0
1622    	30.33, -14.28, -7.58 	-0.27, 1.37, -6.64 	8.55, 23.49 	13,23,35,508		7.35,2.67	1000,1 	0
1631    	30.33, -14.27, -7.58 	-0.22, 1.36, -6.64 	8.55, 23.49 	13,23,35,518		1.18,5.49	1000,1 	0
1640    	30.33, -14.27, -7.58 	-0.20, 1.42, -6.65 	8.55, 23.49 	13,23,35,528		0.00,6.28	1000,1 	0
1648    	30.27, -14.28, -7.59 	-0.12, 1.44, -6.64 	8.55, 23.49 	13,23,35,537		7.35,11.11	1000,1 	0
1657    	30.27, -14.27, -7.58 	-0.13, 1.50, -6.64 	8.55, 23.49 	13,23,35,547		1.18,7.22	1000,1 	0
1666    	30.32, -14.28, -7.58 	0.03, 1.60, -6.68 	8.55, 23.49 	13,23,35,557		5.48,20.04	1000,1 	0
1674    	30.31, -14.27, -7.57 	0.16, 1.69, -6.70 	8.55, 23.49 	13,23,35,566		1.80,20.55	1000,1 	0
1683    	30.30, -14.26, -7.59 	0.34, 1.78, -6.73 	8.55, 23.49 	13,23,35,576		1.60,22.81	1000,1 	0
1692    	30.34, -14.25, -7.58 	0.47, 1.91, -6.75 	8.55, 23.49 	13,23,35,586		4.44,19.76	1000,1 	0
1701    	30.33, -14.24, -7.59 	0.59, 2.01, -6.75 	8.55, 23.49 	13,23,35,596		1.60,17.41	1000,1 	0
1709    	30.32, -14.23, -7.61 	0.75, 2.14, -6.75 	8.55, 23.49 	13,23,35,605		1.79,26.63	1000,1 	0
1718    	30.28, -14.24, -7.59 	0.97, 2.30, -6.78 	8.55, 23.49 	13,23,35,615		4.44,30.15	1000,1 	0
1727    	30.27, -14.22, -7.61 	1.13, 2.55, -6.82 	8.55, 23.49 	13,23,35,625		2.60,32.02	1000,1 	0
1735    	30.27, -14.26, -7.64 	1.29, 2.74, -6.86 	8.55, 23.49 	13,23,35,634		5.33,31.34	1000,1 	0
1744    	30.21, -14.22, -7.65 	1.37, 2.88, -6.87 	8.55, 23.49 	13,23,35,644		8.86,18.07	1000,1 	0
1753    	30.24, -14.15, -7.67 	1.49, 3.08, -6.92 	8.55, 23.49 	13,23,35,654		7.80,25.79	1000,1 	0
1761    	30.25, -14.11, -7.66 	1.59, 3.26, -7.00 	8.55, 23.49 	13,23,35,663		5.46,26.12	1000,1 	0
1770    	30.27, -14.08, -7.73 	1.61, 3.45, -7.04 	8.55, 23.49 	13,23,35,673		4.79,21.46	1000,1 	0
1779    	30.22, -14.07, -7.73 	1.67, 3.62, -7.09 	8.55, 23.49 	13,23,35,683		6.53,19.97	1000,1 	0
1787    	30.23, -14.02, -7.75 	1.67, 3.74, -7.11 	8.55, 23.49 	13,23,35,692		6.77,14.70	1000,1 	0
1796    	30.17, -14.00, -7.75 	1.65, 3.90, -7.17 	8.55, 23.49 	13,23,35,702		6.53,17.98	1000,1 	0
1805    	30.10, -13.92, -7.77 	1.55, 4.13, -7.22 	8.55, 23.49 	13,23,35,712		12.07,27.29	1000,1 	0
1813    	30.05, -13.82, -7.84 	1.52, 4.36, -7.28 	8.55, 23.49 	13,23,35,721		13.41,29.68	1000,1 	0
1822    	29.92, -13.64, -7.95 	1.44, 4.61, -7.37 	8.55, 23.49 	13,23,35,731		25.08,28.75	1000,1 	0
1831    	29.92, -13.54, -8.06 	1.47, 4.96, -7.47 	8.55, 23.49 	13,23,35,741		11.84,39.29	1000,1 	0
1839    	29.81, -13.44, -8.11 	1.45, 5.33, -7.60 	8.55, 23.49 	13,23,35,750		17.86,45.47	1000,1 	0
1848    	29.75, -13.33, -8.14 	1.47, 5.67, -7.74 	8.55, 23.49 	13,23,35,760		14.01,38.04	1000,1 	0
1857    	29.69, -13.25, -8.19 	1.46, 5.88, -7.83 	8.55, 23.49 	13,23,35,770		11.44,23.80	1000,1 	0
1865    	29.73, -13.14, -8.24 	1.40, 6.04, -7.87 	8.55, 23.49 	13,23,35,779		14.17,21.41	1000,1 	0
1874    	29.78, -13.03, -8.25 	1.33, 6.16, -7.90 	8.55, 23.49 	13,23,35,789		13.47,15.16	1000,1 	0
1883    	29.79, -13.02, -8.27 	1.22, 6.28, -7.94 	8.55, 23.49 	13,23,35,799		1.60,18.45	1000,1 	0
1892    	29.75, -13.05, -8.29 	1.18, 6.41, -8.00 	8.55, 23.49 	13,23,35,809		5.85,14.95	1000,1 	0
1900    	29.68, -13.02, -8.31 	1.11, 6.53, -8.06 	8.55, 23.49 	13,23,35,818		8.84,17.05	1000,1 	0
1909    	29.58, -12.96, -8.32 	1.09, 6.63, -8.09 	8.55, 23.49 	13,23,35,828		12.84,12.10	1000,1 	0
1918    	29.50, -12.92, -8.37 	1.07, 6.74, -8.14 	8.55, 23.49 	13,23,35,838		10.73,12.10	1000,1 	0
1926    	29.53, -12.81, -8.39 	1.09, 6.88, -8.20 	8.55, 23.49 	13,23,35,847		13.80,17.50	1000,1 	0
1934    	29.56, -12.74, -8.44 	1.13, 7.00, -8.27 	8.55, 23.49 	13,23,35,856		10.50,15.40	1000,1 	0
1944    	29.60, -12.62, -8.49 	1.13, 7.13, -8.33 	8.55, 23.49 	13,23,35,867		12.34,13.92	1000,1 	0
1952    	29.61, -12.53, -8.51 	1.19, 7.25, -8.37 	8.55, 23.49 	13,23,35,876		10.72,16.28	1000,1 	0
1961    	29.63, -12.45, -8.55 	1.25, 7.38, -8.41 	8.55, 23.49 	13,23,35,886		9.71,15.54	1000,1 	0
1970    	29.61, -12.40, -8.58 	1.29, 7.52, -8.45 	8.55, 23.49 	13,23,35,896		6.29,16.27	1000,1 	0
1978    	29.62, -12.37, -8.59 	1.35, 7.62, -8.48 	8.55, 23.49 	13,23,35,905		2.92,15.09	1000,1 	0
1987    	29.56, -12.36, -8.60 	1.40, 7.76, -8.50 	8.55, 23.49 	13,23,35,915		6.53,16.27	1000,1 	0
1996    	29.53, -12.30, -8.59 	1.45, 7.88, -8.52 	8.55, 23.49 	13,23,35,925		8.29,14.04	1000,1 	0
2004    	29.49, -12.33, -8.64 	1.49, 8.05, -8.53 	8.55, 23.49 	13,23,35,934		6.26,22.13	1000,1 	0
2013    	29.43, -12.28, -8.63 	1.64, 8.31, -8.58 	8.55, 23.49 	13,23,35,944		8.73,32.50	1000,1 	0
2022    	29.41, -12.25, -8.71 	1.78, 8.59, -8.62 	8.55, 23.49 	13,23,35,954		4.15,35.64	1000,1 	0
2030    	29.45, -12.10, -8.75 	1.92, 8.93, -8.69 	8.55, 23.49 	13,23,35,963		19.26,46.16	1000,1 	0
2039    	29.48, -12.05, -8.80 	1.98, 9.20, -8.75 	8.55, 23.49 	13,23,35,973		5.72,30.29	1000,1 	0
2048    	29.43, -12.04, -8.85 	1.94, 9.46, -8.79 	8.55, 23.49 	13,23,35,983		5.48,28.89	1000,1 	0
2056    	29.49, -11.85, -8.90 	1.92, 9.67, -8.82 	8.55, 23.49 	13,23,35,992		25.04,26.77	1000,1 	0
2065    	29.46, -11.70, -8.99 	1.90, 9.86, -8.85 	8.55, 23.49 	13,23,36,2		16.88,21.52	1000,1 	0
2074    	29.43, -11.53, -9.00 	1.88, 10.13, -8.89 	8.55, 23.49 	13,23,36,12		19.21,29.81	1000,1 	0
2083    	29.33, -11.37, -9.10 	1.85, 10.43, -8.98 	8.55, 23.49 	13,23,36,22		20.73,33.47	1000,1 	0
2091    	29.30, -11.20, -9.12 	1.81, 10.75, -9.07 	8.55, 23.49 	13,23,36,31		21.84,40.45	1000,1 	0
2100    	29.27, -10.99, -9.19 	1.77, 11.06, -9.16 	8.55, 23.49 	13,23,36,41		23.89,34.78	1000,1 	0
2109    	29.16, -10.79, -9.28 	1.71, 11.37, -9.21 	8.55, 23.49 	13,23,36,51		25.38,35.14	1000,1 	0
2117    	29.15, -10.60, -9.34 	1.68, 11.67, -9.26 	8.55, 23.49 	13,23,36,60		22.67,37.65	1000,1 	0
2126    	29.12, -10.37, -9.44 	1.67, 11.98, -9.32 	8.55, 23.49 	13,23,36,70		26.24,34.48	1000,1 	0
2135    	29.12, -10.20, -9.44 	1.69, 12.34, -9.39 	8.55, 23.49 	13,23,36,80		18.94,39.29	1000,1 	0
2143    	29.13, -10.01, -9.45 	1.70, 12.64, -9.45 	8.55, 23.49 	13,23,36,89		24.00,37.42	1000,1 	0
2151    	29.10, -9.93, -9.44 	1.60, 12.92, -9.49 	8.55, 23.49 	13,23,36,98		10.49,38.21	1000,1 	0
2161    	29.03, -9.87, -9.47 	1.55, 13.21, -9.55 	8.55, 23.49 	13,23,36,109		9.29,29.34	1000,1 	0
2169    	28.91, -9.74, -9.46 	1.53, 13.53, -9.62 	8.55, 23.49 	13,23,36,118		21.54,40.20	1000,1 	0
2178    	28.85, -9.66, -9.44 	1.56, 13.91, -9.67 	8.55, 23.49 	13,23,36,128		11.44,41.65	1000,1 	0
2187    	28.78, -9.49, -9.47 	1.55, 14.28, -9.74 	8.55, 23.49 	13,23,36,138		20.78,41.61	1000,1 	0
2195    	28.71, -9.43, -9.48 	1.52, 14.57, -9.78 	8.55, 23.49 	13,23,36,147		10.74,36.32	1000,1 	0
2204    	28.65, -9.32, -9.47 	1.50, 14.88, -9.82 	8.55, 23.49 	13,23,36,157		14.52,34.48	1000,1 	0
2213    	28.58, -9.23, -9.47 	1.53, 15.18, -9.84 	8.55, 23.49 	13,23,36,167		12.76,33.37	1000,1 	0
2221    	28.55, -9.08, -9.44 	1.58, 15.53, -9.86 	8.55, 23.49 	13,23,36,176		18.99,44.42	1000,1 	0
2230    	28.51, -8.95, -9.42 	1.59, 15.84, -9.87 	8.55, 23.49 	13,23,36,186		14.83,34.48	1000,1 	0
2239    	28.46, -8.89, -9.38 	1.67, 16.12, -9.86 	8.55, 23.49 	13,23,36,196		8.89,31.92	1000,1 	0
2247    	28.40, -8.83, -9.36 	1.72, 16.37, -9.84 	8.55, 23.49 	13,23,36,205		10.77,31.47	1000,1 	0
2256    	28.42, -8.78, -9.31 	1.82, 16.63, -9.80 	8.55, 23.49 	13,23,36,215		5.20,31.41	1000,1 	0
2265    	28.33, -8.75, -9.26 	1.91, 16.96, -9.77 	8.55, 23.49 	13,23,36,225		11.28,38.19	1000,1 	0
2274    	28.23, -8.78, -9.19 	2.02, 17.28, -9.75 	8.55, 23.49 	13,23,36,235		11.28,37.36	1000,1 	0
2282    	28.05, -8.83, -9.15 	2.14, 17.60, -9.73 	8.55, 23.49 	13,23,36,244		23.50,42.81	1000,1 	0
2291    	28.03, -8.72, -9.12 	2.24, 17.86, -9.65 	8.55, 23.49 	13,23,36,254		12.03,30.68	1000,1 	0
2300    	28.04, -8.69, -9.10 	2.33, 18.10, -9.54 	8.55, 23.49 	13,23,36,264		3.71,28.83	1000,1 	0
2308    	28.08, -8.67, -9.09 	2.42, 18.33, -9.42 	8.55, 23.49 	13,23,36,273		5.51,30.37	1000,1 	0
2316    	28.07, -8.64, -9.07 	2.60, 18.51, -9.27 	8.55, 23.49 	13,23,36,282		2.92,31.98	1000,1 	0
2326    	28.09, -8.65, -9.04 	2.86, 18.66, -9.10 	8.55, 23.49 	13,23,36,293		2.20,29.79	1000,1 	0
2334    	28.10, -8.61, -9.03 	3.05, 18.76, -8.92 	8.55, 23.49 	13,23,36,302		5.85,27.34	1000,1 	0
2343    	28.08, -8.67, -8.98 	3.26, 18.80, -8.73 	8.55, 23.49 	13,23,36,312		6.74,22.88	1000,1 	0
2352    	28.06, -8.67, -8.98 	3.47, 18.85, -8.57 	8.55, 23.49 	13,23,36,322		2.14,24.18	1000,1 	0
2360    	28.04, -8.68, -8.96 	3.71, 18.95, -8.43 	8.55, 23.49 	13,23,36,331		2.75,32.22	1000,1 	0
2369    	28.12, -8.61, -8.95 	3.94, 19.04, -8.32 	8.55, 23.49 	13,23,36,341		11.97,27.65	1000,1 	0
2378    	28.06, -8.60, -8.95 	4.16, 19.15, -8.22 	8.55, 23.49 	13,23,36,351		7.58,27.15	1000,1 	0
2386    	28.09, -8.60, -8.96 	4.35, 19.27, -8.14 	8.55, 23.49 	13,23,36,360		4.82,28.71	1000,1 	0
2395    	28.16, -8.56, -8.96 	4.51, 19.44, -8.09 	8.55, 23.49 	13,23,36,370		8.87,26.10	1000,1 	0
2404    	28.18, -8.45, -8.97 	4.70, 19.60, -8.03 	8.55, 23.49 	13,23,36,380		12.03,27.63	1000,1 	0
2412    	28.23, -8.38, -8.98 	4.85, 19.72, -7.97 	8.55, 23.49 	13,23,36,389		11.10,23.10	1000,1 	0
2421    	28.26, -8.28, -8.96 	4.96, 19.85, -7.91 	8.55, 23.49 	13,23,36,399		11.13,19.04	1000,1 	0
2430    	28.29, -8.24, -8.90 	5.08, 19.94, -7.86 	8.55, 23.49 	13,23,36,409		5.72,16.58	1000,1 	0
2438    	28.27, -8.21, -8.90 	5.24, 20.08, -7.81 	8.55, 23.49 	13,23,36,418		4.66,26.63	1000,1 	0
2447    	28.31, -8.21, -8.85 	5.42, 20.25, -7.76 	8.55, 23.49 	13,23,36,428		4.28,27.61	1000,1 	0
2456    	28.34, -8.19, -8.88 	5.59, 20.39, -7.71 	8.55, 23.49 	13,23,36,438		3.99,24.49	1000,1 	0
2465    	28.35, -8.23, -8.88 	5.75, 20.52, -7.67 	8.55, 23.49 	13,23,36,448		4.85,22.87	1000,1 	0
2473    	28.31, -8.28, -8.89 	5.94, 20.66, -7.62 	8.55, 23.49 	13,23,36,457		8.22,29.46	1000,1 	0
2482    	28.39, -8.26, -8.91 	6.13, 20.81, -7.59 	8.55, 23.49 	13,23,36,467		9.92,26.89	1000,1 	0
2491    	28.47, -8.16, -8.91 	6.32, 20.96, -7.56 	8.55, 23.49 	13,23,36,477		13.67,26.89	1000,1 	0
2499    	28.51, -8.14, -8.91 	6.47, 21.12, -7.53 	8.55, 23.49 	13,23,36,486		5.51,27.58	1000,1 	0
2507    	28.50, -8.16, -8.91 	6.62, 21.28, -7.51 	8.55, 23.49 	13,23,36,495		2.92,26.77	1000,1 	0
2517    	28.61, -8.16, -8.91 	6.76, 21.45, -7.50 	8.55, 23.49 	13,23,36,506		10.60,22.22	1000,1 	0
2525    	28.66, -8.21, -8.89 	6.89, 21.61, -7.48 	8.55, 23.49 	13,23,36,515		8.97,25.99	1000,1 	0
2534    	28.66, -8.23, -8.89 	7.02, 21.78, -7.47 	8.55, 23.49 	13,23,36,525		2.37,23.38	1000,1 	0
2543    	28.66, -8.26, -8.85 	7.11, 21.91, -7.46 	8.55, 23.49 	13,23,36,535		3.55,18.65	1000,1 	0
2551    	28.63, -8.27, -8.86 	7.22, 22.06, -7.45 	8.55, 23.49 	13,23,36,544		5.00,22.75	1000,1 	0
2560    	28.64, -8.26, -8.87 	7.34, 22.18, -7.45 	8.55, 23.49 	13,23,36,554		2.45,18.93	1000,1 	0
2569    	28.67, -8.26, -8.85 	7.44, 22.32, -7.44 	8.55, 23.49 	13,23,36,564		3.21,18.65	1000,1 	0
2577    	28.67, -8.24, -8.87 	7.52, 22.42, -7.43 	8.55, 23.49 	13,23,36,573		2.66,17.07	1000,1 	0
2586    	28.71, -8.23, -8.91 	7.59, 22.53, -7.42 	8.55, 23.49 	13,23,36,583		4.44,13.94	1000,1 	0
2595    	28.71, -8.24, -8.88 	7.68, 22.59, -7.42 	8.55, 23.49 	13,23,36,593		1.18,11.89	1000,1 	0
2603    	28.76, -8.23, -8.87 	7.75, 22.66, -7.40 	8.55, 23.49 	13,23,36,602		6.17,12.43	1000,1 	0
2612    	28.78, -8.22, -8.85 	7.81, 22.71, -7.39 	8.55, 23.49 	13,23,36,612		2.45,8.68	1000,1 	0
2621    	28.74, -8.27, -8.84 	7.87, 22.76, -7.38 	8.55, 23.49 	13,23,36,622		7.31,8.68	1000,1 	0
2629    	28.75, -8.29, -8.84 	7.92, 22.83, -7.38 	8.55, 23.49 	13,23,36,631		2.92,9.95	1000,1 	0
2638    	28.73, -8.29, -8.85 	7.96, 22.88, -7.38 	8.55, 23.49 	13,23,36,641		2.14,7.93	1000,1 	0
2647    	28.74, -8.36, -8.84 	8.00, 22.91, -7.38 	8.55, 23.49 	13,23,36,651		7.18,5.53	1000,1 	0
2656    	28.76, -8.37, -8.83 	8.03, 22.93, -7.37 	8.55, 23.49 	13,23,36,661		2.45,3.96	1000,1 	0
2664    	28.70, -8.37, -8.83 	8.03, 22.97, -7.37 	8.55, 23.49 	13,23,36,670		7.23,5.35	1000,1 	0
2673    	28.72, -8.36, -8.82 	8.06, 22.99, -7.37 	8.55, 23.49 	13,23,36,680		2.45,3.40	1000,1 	0
2682    	28.77, -8.34, -8.81 	8.07, 23.01, -7.37 	8.55, 23.49 	13,23,36,690		5.85,2.59	1000,1 	0
2690    	28.79, -8.28, -8.83 	8.09, 23.03, -7.37 	8.55, 23.49 	13,23,36,699		7.08,3.57	1000,1 	0
2698    	28.79, -8.32, -8.82 	8.11, 23.05, -7.35 	8.55, 23.49 	13,23,36,708		5.33,3.57	1000,1 	0
2708    	28.83, -8.35, -8.80 	8.11, 23.06, -7.35 	8.55, 23.49 	13,23,36,719		4.40,1.07	1000,1 	0
2716    	28.79, -8.35, -8.81 	8.12, 23.10, -7.34 	8.55, 23.49 	13,23,36,728		4.82,5.83	1000,1 	0
2725    	28.79, -8.35, -8.79 	8.12, 23.13, -7.33 	8.55, 23.49 	13,23,36,738		0.00,3.56	1000,1 	0
2734    	28.79, -8.36, -8.78 	8.16, 23.19, -7.32 	8.55, 23.49 	13,23,36,748		1.18,7.27	1000,1 	0
2742    	28.79, -8.36, -8.78 	8.17, 23.24, -7.29 	8.55, 23.49 	13,23,36,757		0.00,6.77	1000,1 	0
2751    	28.78, -8.34, -8.81 	8.18, 23.31, -7.27 	8.55, 23.49 	13,23,36,767		2.60,7.19	1000,1 	0
2760    	28.76, -8.37, -8.81 	8.22, 23.35, -7.24 	8.55, 23.49 	13,23,36,777		4.15,6.34	1000,1 	0
2768    	28.78, -8.35, -8.80 	8.28, 23.43, -7.20 	8.55, 23.49 	13,23,36,786		3.59,12.81	1000,1 	0
2777    	28.83, -8.32, -8.79 	8.31, 23.50, -7.17 	8.55, 23.49 	13,23,36,796		5.85,8.26	1000,1 	0
2786    	28.79, -8.37, -8.80 	8.35, 23.55, -7.12 	8.55, 23.49 	13,23,36,806		6.39,7.27	1000,1 	0
2794    	28.80, -8.34, -8.80 	8.38, 23.60, -7.10 	8.55, 23.49 	13,23,36,815		4.17,7.55	1000,1 	0
2803    	28.79, -8.32, -8.79 	8.40, 23.67, -7.09 	8.55, 23.49 	13,23,36,825		1.60,7.41	1000,1 	0
2812    	28.78, -8.32, -8.78 	8.42, 23.74, -7.11 	8.55, 23.49 	13,23,36,835		1.07,8.55	1000,1 	0
2820    	28.74, -8.38, -8.79 	8.40, 23.82, -7.11 	8.55, 23.49 	13,23,36,844		8.22,9.70	1000,1 	0
2829    	28.75, -8.36, -8.79 	8.40, 23.88, -7.12 	8.55, 23.49 	13,23,36,854		2.60,7.13	1000,1 	0
2838    	28.76, -8.35, -8.79 	8.45, 24.04, -7.11 	8.55, 23.49 	13,23,36,864		1.60,18.53	1000,1 	0
2847    	28.80, -8.35, -8.79 	8.47, 24.14, -7.09 	8.55, 23.49 	13,23,36,874		4.28,11.12	1000,1 	0
2855    	28.78, -8.36, -8.78 	8.50, 24.20, -7.08 	8.55, 23.49 	13,23,36,883		2.75,8.74	1000,1 	0
2864    	28.81, -8.35, -8.78 	8.56, 24.29, -7.08 	8.55, 23.49 	13,23,36,893		3.42,11.39	1000,1 	0
2873    	28.82, -8.32, -8.78 	8.61, 24.34, -7.07 	8.55, 23.49 	13,23,36,903		2.60,7.93	1000,1 	0
2881    	28.81, -8.29, -8.78 	8.64, 24.35, -7.06 	8.55, 23.49 	13,23,36,912		4.17,3.83	1000,1 	0
2890    	28.78, -8.34, -8.77 	8.64, 24.35, -7.05 	8.55, 23.49 	13,23,36,922		5.72,0.00	1000,1 	0
2899    	28.81, -8.29, -8.77 	8.66, 24.35, -7.05 	8.55, 23.49 	13,23,36,932		5.72,2.14	1000,1 	0
2907    	28.84, -8.28, -8.76 	8.66, 24.38, -7.06 	8.55, 23.49 	13,23,36,941		3.85,4.17	1000,1 	0
2916    	28.80, -8.30, -8.76 	8.68, 24.39, -7.06 	8.55, 23.49 	13,23,36,951		4.89,2.43	1000,1 	0
2925    	28.78, -8.30, -8.75 	8.70, 24.41, -7.06 	8.55, 23.49 	13,23,36,961		2.14,3.17	1000,1 	0
2933    	28.76, -8.30, -8.76 	8.70, 24.42, -7.07 	8.55, 23.49 	13,23,36,970		2.41,1.34	1000,1 	0
2942    	28.82, -8.28, -8.77 	8.71, 24.42, -7.06 	8.55, 23.49 	13,23,36,980		6.85,1.07	1000,1 	0
2951    	28.77, -8.29, -8.78 	8.72, 24.43, -7.06 	8.55, 23.49 	13,23,36,990		5.48,1.59	1000,1 	0
2959    	28.77, -8.29, -8.78 	8.73, 24.43, -7.05 	8.55, 23.49 	13,23,36,999		0.00,1.20	1000,1 	0
2968    	28.79, -8.26, -8.78 	8.73, 24.41, -7.05 	8.55, 23.49 	13,23,37,9		4.15,2.38	1000,1 	0
2977    	28.80, -8.29, -8.78 	8.72, 24.41, -7.05 	8.55, 23.49 	13,23,37,19		3.71,1.07	1000,1 	0
2985    	28.80, -8.30, -8.79 	8.71, 24.38, -7.05 	8.55, 23.49 	13,23,37,28		1.33,4.17	1000,1 	0
2994    	28.80, -8.30, -8.76 	8.70, 24.39, -7.05 	8.55, 23.49 	13,23,37,38		0.00,1.61	1000,1 	0
3003    	28.79, -8.29, -8.77 	8.70, 24.39, -7.05 	8.55, 23.49 	13,23,37,48		1.60,0.00	1000,1 	0
3011    	28.79, -8.29, -8.77 	8.68, 24.38, -7.05 	8.55, 23.49 	13,23,37,57		0.00,2.73	1000,1 	0
3020    	28.84, -8.29, -8.77 	8.68, 24.38, -7.06 	8.55, 23.49 	13,23,37,67		5.35,0.00	1000,1 	0
3029    	28.81, -8.31, -8.77 	8.68, 24.39, -7.06 	8.55, 23.49 	13,23,37,77		3.99,1.19	1000,1 	0
3038    	28.82, -8.30, -8.78 	8.67, 24.39, -7.06 	8.55, 23.49 	13,23,37,87		1.60,1.07	1000,1 	0
3046    	28.87, -8.32, -8.78 	8.65, 24.39, -7.06 	8.55, 23.49 	13,23,37,96		6.58,3.61	1000,1 	0
3055    	28.86, -8.31, -8.78 	8.65, 24.38, -7.06 	8.55, 23.49 	13,23,37,106		1.60,1.19	1000,1 	0
3064    	28.87, -8.32, -8.78 	8.62, 24.36, -7.06 	8.55, 23.49 	13,23,37,116		1.60,3.96	1000,1 	0
3072    	28.88, -8.34, -8.76 	8.59, 24.36, -7.06 	8.55, 23.49 	13,23,37,125		1.79,3.61	1000,1 	0
3080    	28.89, -8.34, -8.76 	8.57, 24.35, -7.06 	8.55, 23.49 	13,23,37,134		2.41,2.73	1000,1 	0
3088    	28.90, -8.35, -8.78 	8.52, 24.34, -7.05 	0.00, -0.00 	13,23,37,154		1.44,4.91	1000,1 	0
3096    	28.89, -8.34, -8.79 	8.51, 24.34, -7.05 	0.00, -0.00 	13,23,37,163		0.84,0.57	1000,1 	0
3106    	28.89, -8.34, -8.79 	8.50, 24.35, -7.06 	0.00, -0.00 	13,23,37,174		0.00,0.85	1000,1 	0
3114    	28.89, -8.38, -8.77 	8.49, 24.34, -7.06 	0.00, -0.00 	13,23,37,183		2.73,0.89	1000,1 	0
3123    	28.88, -8.37, -8.77 	8.50, 24.35, -7.05 	0.00, -0.00 	13,23,37,193		0.84,0.84	1000,1 	0
3132    	28.91, -8.34, -8.77 	8.48, 24.35, -7.06 	0.00, -0.00 	13,23,37,203		3.13,1.20	1000,1 	0
3140    	28.91, -8.34, -8.78 	8.47, 24.35, -7.06 	0.00, -0.00 	13,23,37,212		0.00,0.60	1000,1 	0
3149    	28.92, -8.32, -8.78 	8.46, 24.35, -7.05 	0.00, -0.00 	13,23,37,222		0.85,0.57	1000,1 	0
3158    	28.92, -8.31, -8.78 	8.47, 24.34, -7.05 	0.00, -0.00 	13,23,37,232		0.67,0.91	1000,1 	0
3166    	28.92, -8.37, -8.77 	8.46, 24.34, -7.05 	0.00, -0.00 	13,23,37,241		3.13,0.57	1000,1 	0
3175    	28.92, -8.38, -8.75 	8.46, 24.34, -7.06 	0.00, -0.00 	13,23,37,251		0.63,0.00	1000,1 	0
3184    	28.92, -8.40, -8.75 	8.45, 24.34, -7.05 	0.00, -0.00 	13,23,37,261		1.25,0.57	1000,1 	0
3192    	28.89, -8.41, -8.77 	8.45, 24.34, -7.05 	0.00, -0.00 	13,23,37,270		2.50,0.00	1000,1 	0
3201    	28.92, -8.42, -8.77 	8.45, 24.33, -7.05 	0.00, -0.00 	13,23,37,280		2.35,0.63	1000,1 	0
3210    	28.92, -8.42, -8.77 	8.44, 24.34, -7.05 	0.00, -0.00 	13,23,37,290		0.00,0.85	1000,1 	0
3219    	28.91, -8.41, -8.75 	8.45, 24.35, -7.05 	0.00, -0.00 	13,23,37,300		0.90,0.89	1000,1 	0
3227    	28.95, -8.41, -8.75 	8.46, 24.34, -7.05 	0.00, -0.00 	13,23,37,309		2.41,0.91	1000,1 	0
3236    	28.95, -8.41, -8.75 	8.45, 24.35, -7.05 	0.00, -0.00 	13,23,37,319		0.00,0.85	1000,1 	0
3245    	28.95, -8.41, -8.75 	8.44, 24.34, -7.05 	0.00, -0.00 	13,23,37,329		0.00,0.89	1000,1 	0
3253    	28.94, -8.46, -8.75 	8.44, 24.34, -7.05 	0.00, -0.00 	13,23,37,338		3.38,0.00	1000,1 	0
3261    	28.89, -8.46, -8.75 	8.43, 24.34, -7.05 	0.00, -0.00 	13,23,37,347		2.83,0.57	1000,1 	0
3271    	28.90, -8.46, -8.76 	8.43, 24.35, -7.05 	0.00, -0.00 	13,23,37,358		0.57,0.63	1000,1 	0
3279    	28.90, -8.46, -8.76 	8.44, 24.35, -7.05 	0.00, -0.00 	13,23,37,367		0.00,0.60	1000,1 	0
3287    	28.90, -8.46, -8.76 	8.44, 24.35, -7.05 	0.00, -0.00 	13,23,37,376		0.00,0.00	1000,1 	0
3297    	28.94, -8.45, -8.78 	8.44, 24.35, -7.05 	0.00, -0.00 	13,23,37,387		2.35,0.00	1000,1 	0
3305    	28.96, -8.43, -8.78 	8.43, 24.35, -7.05 	0.00, -0.00 	13,23,37,396		1.80,0.60	1000,1 	0
3314    	28.98, -8.43, -8.78 	8.43, 24.36, -7.05 	0.00, -0.00 	13,23,37,406		1.13,0.63	1000,1 	0
3323    	28.98, -8.44, -8.79 	8.43, 24.35, -7.05 	0.00, -0.00 	13,23,37,416		0.67,0.67	1000,1 	0
3331    	28.98, -8.45, -8.76 	8.43, 24.35, -7.05 	0.00, -0.00 	13,23,37,425		0.67,0.00	1000,1 	0
3340    	28.97, -8.43, -8.75 	8.43, 24.36, -7.05 	0.00, -0.00 	13,23,37,435		1.38,0.63	1000,1 	0
3349    	28.98, -8.46, -8.75 	8.42, 24.36, -7.05 	0.00, -0.00 	13,23,37,445		1.96,0.57	1000,1 	0
3357    	28.95, -8.52, -8.75 	8.42, 24.37, -7.05 	0.00, -0.00 	13,23,37,454		3.79,0.67	1000,1 	0
3366    	28.95, -8.53, -8.75 	8.42, 24.37, -7.05 	0.00, -0.00 	13,23,37,464		0.63,0.00	1000,1 	0
3375    	28.98, -8.50, -8.75 	8.43, 24.40, -7.06 	0.00, -0.00 	13,23,37,474		2.69,2.08	1000,1 	0
3383    	28.98, -8.50, -8.75 	8.41, 24.40, -7.06 	0.00, -0.00 	13,23,37,483		0.00,1.20	1000,1 	0
3392    	28.98, -8.50, -8.75 	8.40, 24.42, -7.05 	0.00, -0.00 	13,23,37,493		0.00,0.85	1000,1 	0
3401    	28.97, -8.47, -8.76 	8.41, 24.41, -7.06 	0.00, -0.00 	13,23,37,503		1.46,0.60	1000,1 	0
3410    	28.97, -8.48, -8.76 	8.41, 24.43, -7.05 	0.00, -0.00 	13,23,37,513		0.67,0.67	1000,1 	0
3418    	28.96, -8.47, -8.75 	8.40, 24.44, -7.05 	0.00, -0.00 	13,23,37,522		0.90,0.91	1000,1 	0
3427    	28.96, -8.47, -8.75 	8.39, 24.43, -7.05 	0.00, -0.00 	13,23,37,532		0.00,0.89	1000,1 	0
3436    	29.00, -8.46, -8.77 	8.39, 24.44, -7.05 	0.00, -0.00 	13,23,37,542		2.50,0.67	1000,1 	0
3444    	29.00, -8.45, -8.77 	8.39, 24.44, -7.06 	0.00, -0.00 	13,23,37,551		0.67,0.60	1000,1 	0
3452    	29.01, -8.47, -8.75 	8.38, 24.46, -7.06 	0.00, -0.00 	13,23,37,560		1.46,1.47	1000,1 	0
3462    	29.01, -8.47, -8.75 	8.37, 24.46, -7.06 	0.00, -0.00 	13,23,37,571		0.00,0.57	1000,1 	0
3470    	29.01, -8.46, -8.75 	8.38, 24.47, -7.06 	0.00, -0.00 	13,23,37,580		0.67,1.37	1000,1 	0
3478    	29.01, -8.47, -8.75 	8.37, 24.46, -7.05 	0.00, -0.00 	13,23,37,589		0.67,1.37	1000,1 	0
3488    	29.01, -8.46, -8.75 	8.36, 24.46, -7.05 	0.00, -0.00 	13,23,37,600		0.63,0.57	1000,1 	0
3496    	29.02, -8.47, -8.75 	8.35, 24.47, -7.05 	0.00, -0.00 	13,23,37,609		0.90,0.91	1000,1 	0
3505    	29.00, -8.44, -8.75 	8.34, 24.47, -7.05 	0.00, -0.00 	13,23,37,619		2.33,0.60	1000,1 	0
3514    	29.04, -8.43, -8.76 	8.35, 24.48, -7.05 	0.00, -0.00 	13,23,37,629		2.50,0.89	1000,1 	0
3522    	29.04, -8.44, -8.75 	8.36, 24.50, -7.05 	0.00, -0.00 	13,23,37,638		0.67,1.46	1000,1 	0
3531    	29.01, -8.44, -8.75 	8.35, 24.49, -7.06 	0.00, -0.00 	13,23,37,648		1.70,0.84	1000,1 	0
3540    	29.01, -8.46, -8.73 	8.34, 24.50, -7.06 	0.00, -0.00 	13,23,37,658		1.25,0.85	1000,1 	0
3552    	29.02, -8.46, -8.73 	8.34, 24.49, -7.05 	0.00, -0.00 	13,23,37,670		0.60,0.67	1000,1 	0
3558    	29.02, -8.46, -8.73 	8.35, 24.51, -7.05 	0.00, -0.00 	13,23,37,677		0.00,1.79	1000,1 	0
3567    	29.02, -8.46, -8.73 	8.35, 24.51, -7.05 	0.00, -0.00 	13,23,37,687		0.00,0.00	1000,1 	0
3575    	29.00, -8.44, -8.74 	8.35, 24.52, -7.06 	0.00, -0.00 	13,23,37,696		1.91,0.71	1000,1 	0
3584    	28.99, -8.42, -8.75 	8.34, 24.51, -7.05 	0.00, -0.00 	13,23,37,706		1.46,0.89	1000,1 	0
3593    	29.00, -8.45, -8.74 	8.35, 24.52, -7.05 	0.00, -0.00 	13,23,37,716		2.22,0.95	1000,1 	0
3602    	29.04, -8.42, -8.75 	8.34, 24.53, -7.05 	0.00, -0.00 	13,23,37,726		3.34,0.97	1000,1 	0
3610    	29.05, -8.44, -8.72 	8.33, 24.54, -7.05 	0.00, -0.00 	13,23,37,735		1.56,0.97	1000,1 	0
3619    	29.05, -8.42, -8.72 	8.33, 24.54, -7.05 	0.00, -0.00 	13,23,37,745		1.42,0.00	1000,1 	0
3628    	29.01, -8.42, -8.72 	8.33, 24.54, -7.04 	0.00, -0.00 	13,23,37,755		2.57,0.00	1000,1 	0
3636    	29.00, -8.40, -8.73 	8.33, 24.57, -7.06 	0.00, -0.00 	13,23,37,764		1.56,1.43	1000,1 	0
3644    	29.02, -8.39, -8.75 	8.32, 24.55, -7.05 	0.00, -0.00 	13,23,37,773		1.47,0.95	1000,1 	0
3654    	29.00, -8.40, -8.75 	8.33, 24.58, -7.05 	0.00, -0.00 	13,23,37,784		1.38,1.46	1000,1 	0
3662    	29.00, -8.39, -8.75 	8.33, 24.59, -7.05 	0.00, -0.00 	13,23,37,793		0.71,0.71	1000,1 	0
3670    	29.00, -8.40, -8.75 	8.33, 24.59, -7.05 	0.00, -0.00 	13,23,37,802		0.71,0.00	1000,1 	0
3680    	29.00, -8.39, -8.75 	8.33, 24.60, -7.05 	0.00, -0.00 	13,23,37,813		0.67,0.67	1000,1 	0
3688    	29.00, -8.40, -8.75 	8.33, 24.60, -7.05 	0.00, -0.00 	13,23,37,822		0.71,0.00	1000,1 	0
3697    	29.01, -8.41, -8.73 	8.32, 24.61, -7.05 	0.00, -0.00 	13,23,37,832		0.96,0.97	1000,1 	0
3706    	29.01, -8.38, -8.73 	8.32, 24.61, -7.05 	0.00, -0.00 	13,23,37,842		2.13,0.00	1000,1 	0
3714    	29.01, -8.38, -8.74 	8.32, 24.61, -7.05 	0.00, -0.00 	13,23,37,851		0.00,0.00	1000,1 	0
3723    	29.01, -8.38, -8.74 	8.31, 24.60, -7.05 	0.00, -0.00 	13,23,37,861		0.00,0.89	1000,1 	0
3732    	29.01, -8.38, -8.74 	8.33, 24.61, -7.05 	0.00, -0.00 	13,23,37,871		0.00,1.46	1000,1 	0
3740    	29.01, -8.38, -8.74 	8.32, 24.61, -7.06 	0.00, -0.00 	13,23,37,880		0.00,0.64	1000,1 	0
3749    	29.01, -8.38, -8.74 	8.32, 24.61, -7.06 	0.00, -0.00 	13,23,37,890		0.00,0.00	1000,1 	0
3758    	29.01, -8.38, -8.74 	8.32, 24.62, -7.06 	0.00, -0.00 	13,23,37,900		0.00,0.71	1000,1 	0
3766    	29.01, -8.38, -8.74 	8.33, 24.62, -7.06 	0.00, -0.00 	13,23,37,909		0.00,0.64	1000,1 	0
3775    	29.01, -8.38, -8.74 	8.33, 24.62, -7.05 	0.00, -0.00 	13,23,37,919		0.00,0.00	1000,1 	0
3784    	29.01, -8.40, -8.70 	8.32, 24.63, -7.06 	0.00, -0.00 	13,23,37,929		1.42,0.97	1000,1 	0
3793    	29.02, -8.40, -8.71 	8.32, 24.63, -7.06 	0.00, -0.00 	13,23,37,939		0.64,0.00	1000,1 	0
3801    	28.99, -8.41, -8.71 	8.32, 24.63, -7.06 	0.00, -0.00 	13,23,37,948		2.05,0.00	1000,1 	0
3810    	28.99, -8.41, -8.72 	8.31, 24.63, -7.06 	0.00, -0.00 	13,23,37,958		0.00,0.64	1000,1 	0
3819    	28.99, -8.43, -8.69 	8.30, 24.63, -7.05 	0.00, -0.00 	13,23,37,968		1.42,0.64	1000,1 	0
3827    	29.01, -8.42, -8.70 	8.31, 24.64, -7.05 	0.00, -0.00 	13,23,37,977		1.47,0.95	1000,1 	0
3835    	29.00, -8.40, -8.71 	8.30, 24.64, -7.06 	0.00, -0.00 	13,23,37,986		1.56,0.64	1000,1 	0
3845    	29.01, -8.40, -8.71 	8.30, 24.64, -7.06 	0.00, -0.00 	13,23,37,997		0.60,0.00	1000,1 	0
3853    	29.00, -8.40, -8.71 	8.31, 24.65, -7.06 	0.00, -0.00 	13,23,38,6		0.64,0.95	1000,1 	0
3862    	29.01, -8.40, -8.71 	8.30, 24.66, -7.06 	0.00, -0.00 	13,23,38,16		0.64,0.97	1000,1 	0
3871    	28.97, -8.43, -8.72 	8.32, 24.65, -7.05 	0.00, -0.00 	13,23,38,26		3.34,1.48	1000,1 	0
3879    	28.96, -8.46, -8.72 	8.31, 24.65, -7.06 	0.00, -0.00 	13,23,38,35		2.23,0.64	1000,1 	0
3888    	28.95, -8.45, -8.72 	8.29, 24.64, -7.06 	0.00, -0.00 	13,23,38,45		0.90,1.37	1000,1 	0
3897    	28.94, -8.43, -8.73 	8.30, 24.65, -7.06 	0.00, -0.00 	13,23,38,55		1.56,0.95	1000,1 	0
3905    	28.97, -8.45, -8.72 	8.31, 24.64, -7.05 	0.00, -0.00 	13,23,38,64		2.39,0.97	1000,1 	0
3914    	28.98, -8.45, -8.71 	8.31, 24.64, -7.06 	0.00, -0.00 	13,23,38,74		0.60,0.00	1000,1 	0
3923    	28.98, -8.45, -8.71 	8.31, 24.65, -7.06 	0.00, -0.00 	13,23,38,84		0.00,0.71	1000,1 	0
3931    	28.98, -8.45, -8.71 	8.30, 24.64, -7.06 	0.00, -0.00 	13,23,38,93		0.00,0.95	1000,1 	0
3940    	28.99, -8.46, -8.72 	8.30, 24.65, -7.06 	0.00, -0.00 	13,23,38,103		0.90,0.67	1000,1 	0
3949    	28.98, -8.45, -8.72 	8.30, 24.66, -7.06 	0.00, -0.00 	13,23,38,113		0.96,0.71	0,0 	0
3957    	28.98, -8.45, -8.74 	8.31, 24.65, -7.05 	0.00, -0.00 	13,23,38,121		0.00,0.97	0,0 	0
3966    	29.01, -8.46, -8.73 	8.30, 24.65, -7.06 	0.00, -0.00 	13,23,38,131		1.92,0.60	0,0 	0
3975    	29.01, -8.46, -8.73 	8.30, 24.65, -7.05 	0.00, -0.00 	13,23,38,142		0.00,0.00	0,0 	0
3984    	29.01, -8.46, -8.73 	8.29, 24.66, -7.06 	0.00, -0.00 	13,23,38,151		0.00,0.97	0,0 	0
3992    	29.01, -8.46, -8.73 	8.30, 24.66, -7.06 	0.00, -0.00 	13,23,38,160		0.00,0.64	0,0 	0
4001    	29.02, -8.47, -8.71 	8.30, 24.66, -7.06 	0.00, -0.00 	13,23,38,170		0.96,0.00	0,0 	0
4010    	29.01, -8.46, -8.73 	8.28, 24.65, -7.06 	0.00, -0.00 	13,23,38,181		0.96,1.46	0,0 	0
4018    	28.97, -8.45, -8.73 	8.28, 24.67, -7.06 	0.00, -0.00 	13,23,38,189		2.66,1.43	0,0 	0
4026    	29.01, -8.45, -8.75 	8.29, 24.68, -7.06 	0.00, -0.00 	13,23,38,198		2.57,0.95	0,0 	0
4036    	29.01, -8.46, -8.75 	8.28, 24.70, -7.07 	0.00, -0.00 	13,23,38,209		0.67,1.47	0,0 	0
4044    	29.00, -8.42, -8.75 	8.28, 24.68, -7.07 	0.00, -0.00 	13,23,38,218		2.91,1.43	0,0 	0
4052    	29.00, -8.43, -8.75 	8.27, 24.66, -7.06 	0.00, -0.00 	13,23,38,228		0.71,1.55	0,0 	0
4062    	29.02, -8.46, -8.75 	8.26, 24.63, -7.05 	0.00, -0.00 	13,23,38,238		2.33,2.08	0,0 	0
4070    	28.99, -8.44, -8.75 	8.23, 24.59, -7.04 	0.00, -0.00 	13,23,38,247		2.39,3.42	0,0 	0
4079    	28.97, -8.48, -8.75 	8.21, 24.54, -7.03 	0.00, -0.00 	13,23,38,257		2.92,2.91	0,0 	0
4088    	28.99, -8.51, -8.74 	8.19, 24.50, -7.03 	0.00, -0.00 	13,23,38,267		1.91,3.11	0,0 	0
4096    	28.98, -8.50, -8.73 	8.16, 24.47, -7.02 	0.00, -0.00 	13,23,38,276		0.96,2.86	0,0 	0
4105    	29.01, -8.46, -8.73 	8.14, 24.37, -7.01 	0.00, -0.00 	13,23,38,286		2.69,6.12	0,0 	0
4114    	28.97, -8.50, -8.73 	8.02, 24.11, -6.98 	0.00, -0.00 	13,23,38,296		3.34,19.56	0,0 	0
4122    	28.99, -8.47, -8.74 	7.92, 23.81, -6.97 	0.00, -0.00 	13,23,38,305		1.92,21.07	0,0 	0
4131    	28.98, -8.50, -8.75 	7.83, 23.61, -6.95 	0.00, -0.00 	13,23,38,315		1.46,13.73	0,0 	0
4140    	28.98, -8.50, -8.74 	7.78, 23.43, -6.93 	0.00, -0.00 	13,23,38,325		0.00,12.66	0,0 	0
4148    	28.99, -8.50, -8.75 	7.72, 23.20, -6.92 	0.00, -0.00 	13,23,38,334		0.64,15.40	0,0 	0
4157    	29.00, -8.54, -8.74 	7.61, 22.97, -6.91 	0.00, -0.00 	13,23,38,344		2.73,16.28	0,0 	0
4166    	28.99, -8.55, -8.72 	7.51, 22.72, -6.89 	0.00, -0.00 	13,23,38,354		0.96,17.51	0,0 	0
4175    	29.02, -8.55, -8.73 	7.45, 22.51, -6.88 	0.00, -0.00 	13,23,38,364		1.93,14.88	0,0 	0
4183    	29.06, -8.56, -8.73 	7.35, 22.27, -6.87 	0.00, -0.00 	13,23,38,373		2.66,16.85	0,0 	0
4192    	29.04, -8.58, -8.72 	7.20, 22.00, -6.86 	0.00, -0.00 	13,23,38,383		1.92,21.05	0,0 	0
4201    	28.99, -8.66, -8.73 	7.10, 21.71, -6.84 	0.00, -0.00 	13,23,38,393		5.92,20.40	0,0 	0
4209    	29.05, -8.61, -8.75 	7.01, 21.41, -6.83 	0.00, -0.00 	13,23,38,402		4.79,20.69	0,0 	0
4217    	29.09, -8.62, -8.74 	6.91, 21.09, -6.82 	0.00, -0.00 	13,23,38,411		2.66,22.42	0,0 	0
4227    	29.07, -8.66, -8.73 	6.75, 20.73, -6.80 	0.00, -0.00 	13,23,38,422		2.33,24.77	0,0 	0
4235    	29.14, -8.69, -8.70 	6.58, 20.37, -6.80 	0.00, -0.00 	13,23,38,431		5.56,26.42	0,0 	0
4244    	29.13, -8.69, -8.71 	6.45, 20.04, -6.82 	0.00, -0.00 	13,23,38,441		1.28,23.73	0,0 	0
4253    	29.15, -8.74, -8.72 	6.28, 19.68, -6.86 	0.00, -0.00 	13,23,38,451		4.04,26.69	0,0 	0
4261    	29.19, -8.83, -8.69 	6.06, 19.31, -6.90 	0.00, -0.00 	13,23,38,460		6.23,28.18	0,0 	0
4270    	29.14, -8.89, -8.70 	5.81, 18.98, -6.95 	0.00, -0.00 	13,23,38,470		5.34,27.48	0,0 	0
4279    	29.13, -8.89, -8.68 	5.57, 18.67, -7.01 	0.00, -0.00 	13,23,38,480		1.28,26.92	0,0 	0
4287    	29.12, -8.90, -8.67 	5.33, 18.38, -7.06 	0.00, -0.00 	13,23,38,489		0.96,24.87	0,0 	0
4296    	29.10, -8.91, -8.75 	5.10, 18.07, -7.11 	0.00, -0.00 	13,23,38,499		1.38,23.99	0,0 	0
4305    	29.09, -8.88, -8.74 	4.89, 17.76, -7.17 	0.00, -0.00 	13,23,38,509		2.23,24.85	0,0 	0
4313    	29.14, -8.90, -8.73 	4.68, 17.44, -7.22 	0.00, -0.00 	13,23,38,518		4.11,25.44	0,0 	0
4322    	29.17, -8.88, -8.75 	4.43, 17.15, -7.30 	0.00, -0.00 	13,23,38,528		2.25,24.20	0,0 	0
4331    	29.13, -8.91, -8.75 	4.24, 16.77, -7.33 	0.00, -0.00 	13,23,38,538		3.34,27.88	0,0 	0
4339    	29.16, -8.92, -8.72 	3.99, 16.43, -7.40 	0.00, -0.00 	13,23,38,547		2.05,28.05	0,0 	0
4348    	29.17, -8.93, -8.71 	3.75, 16.09, -7.47 	0.00, -0.00 	13,23,38,557		0.90,26.30	0,0 	0
4357    	29.11, -8.92, -8.75 	3.47, 15.81, -7.57 	0.00, -0.00 	13,23,38,567		4.55,26.57	0,0 	0
4366    	29.10, -8.97, -8.74 	3.27, 15.53, -7.65 	0.00, -0.00 	13,23,38,577		3.61,22.75	0,0 	0
4374    	29.06, -8.91, -8.75 	3.01, 15.18, -7.72 	0.00, -0.00 	13,23,38,586		4.97,29.00	0,0 	0
4383    	28.98, -8.95, -8.78 	2.77, 14.81, -7.77 	0.00, -0.00 	13,23,38,596		5.87,29.45	0,0 	0
4392    	28.93, -8.95, -8.75 	2.48, 14.47, -7.85 	0.00, -0.00 	13,23,38,606		3.21,30.03	0,0 	0
4400    	28.92, -8.99, -8.78 	2.24, 14.15, -7.92 	0.00, -0.00 	13,23,38,615		2.23,26.54	0,0 	0
4408    	28.94, -8.96, -8.76 	2.04, 13.83, -7.99 	0.00, -0.00 	13,23,38,624		1.92,25.10	0,0 	0
4418    	28.96, -8.96, -8.78 	1.78, 13.50, -8.06 	0.00, -0.00 	13,23,38,635		1.20,26.13	0,0 	0
4426    	28.89, -8.96, -8.80 	1.53, 13.16, -8.14 	0.00, -0.00 	13,23,38,644		4.50,28.05	0,0 	0
4435    	28.89, -8.97, -8.81 	1.33, 12.91, -8.24 	0.00, -0.00 	13,23,38,654		0.71,21.61	0,0 	0
4446    	28.86, -8.95, -8.80 	1.09, 12.61, -8.34 	0.00, -0.00 	13,23,38,666		2.93,25.82	0,0 	0
4453    	28.80, -8.94, -8.84 	0.88, 12.30, -8.39 	0.00, -0.00 	13,23,38,673		4.52,28.68	0,0 	0
4462    	28.70, -8.95, -8.82 	0.63, 11.99, -8.45 	0.00, -0.00 	13,23,38,683		6.46,26.36	0,0 	0
4471    	28.61, -8.97, -8.85 	0.51, 11.76, -8.53 	0.00, -0.00 	13,23,38,693		6.38,18.91	0,0 	0
4479    	28.60, -8.93, -8.88 	0.41, 11.53, -8.61 	0.00, -0.00 	13,23,38,702		3.34,17.35	0,0 	0
4488    	28.63, -8.85, -8.91 	0.31, 11.28, -8.66 	0.00, -0.00 	13,23,38,712		6.24,18.41	0,0 	0
4497    	28.64, -8.74, -8.94 	0.14, 10.95, -8.67 	0.00, -0.00 	13,23,38,722		7.13,24.78	0,0 	0
4505    	28.64, -8.65, -8.95 	-0.07, 10.66, -8.70 	0.00, -0.00 	13,23,38,731		6.09,25.39	0,0 	0
4514    	28.61, -8.71, -8.97 	-0.21, 10.36, -8.71 	0.00, -0.00 	13,23,38,741		4.04,21.76	0,0 	0
4523    	28.61, -8.76, -8.94 	-0.32, 10.13, -8.74 	0.00, -0.00 	13,23,38,751		3.81,18.60	0,0 	0
4531    	28.64, -8.70, -8.94 	-0.33, 9.90, -8.78 	0.00, -0.00 	13,23,38,760		5.01,16.04	0,0 	0
4540    	28.53, -8.74, -8.93 	-0.40, 9.65, -8.79 	0.00, -0.00 	13,23,38,770		8.22,17.79	0,0 	0
4549    	28.52, -8.69, -8.96 	-0.48, 9.38, -8.79 	0.00, -0.00 	13,23,38,780		3.87,19.79	0,0 	0
4558    	28.51, -8.75, -8.94 	-0.54, 9.14, -8.80 	0.00, -0.00 	13,23,38,790		4.62,17.98	0,0 	0
4566    	28.52, -8.69, -8.95 	-0.54, 8.87, -8.76 	0.00, -0.00 	13,23,38,799		4.62,19.09	0,0 	0
4575    	28.49, -8.64, -8.96 	-0.56, 8.67, -8.74 	0.00, -0.00 	13,23,38,809		3.68,14.55	0,0 	0
4584    	28.50, -8.73, -8.96 	-0.55, 8.46, -8.71 	0.00, -0.00 	13,23,38,819		6.13,14.54	0,0 	0
4592    	28.50, -8.75, -8.96 	-0.59, 8.28, -8.70 	0.00, -0.00 	13,23,38,828		1.52,13.23	0,0 	0
4600    	28.57, -8.68, -8.99 	-0.62, 8.09, -8.67 	0.00, -0.00 	13,23,38,837		7.18,13.98	0,0 	0
4610    	28.54, -8.70, -8.98 	-0.63, 7.88, -8.61 	0.00, -0.00 	13,23,38,848		2.39,14.26	0,0 	0
4618    	28.53, -8.71, -8.96 	-0.67, 7.64, -8.58 	0.00, -0.00 	13,23,38,857		1.03,16.98	0,0 	0
4626    	28.54, -8.69, -8.95 	-0.68, 7.40, -8.53 	0.00, -0.00 	13,23,38,866		1.56,16.40	0,0 	0
4636    	28.48, -8.73, -8.96 	-0.65, 7.16, -8.47 	0.00, -0.00 	13,23,38,877		4.79,15.83	0,0 	0
4644    	28.52, -8.76, -8.97 	-0.66, 6.90, -8.42 	0.00, -0.00 	13,23,38,886		3.57,18.36	0,0 	0
4653    	28.53, -8.77, -8.96 	-0.58, 6.66, -8.35 	0.00, -0.00 	13,23,38,896		0.96,17.46	0,0 	0
4662    	28.57, -8.76, -8.96 	-0.52, 6.42, -8.30 	0.00, -0.00 	13,23,38,906		2.86,17.36	0,0 	0
4670    	28.61, -8.75, -8.96 	-0.41, 6.22, -8.24 	0.00, -0.00 	13,23,38,915		3.52,16.46	0,0 	0
4679    	28.57, -8.75, -8.95 	-0.29, 6.03, -8.19 	0.00, -0.00 	13,23,38,925		3.21,14.45	0,0 	0
4688    	28.61, -8.76, -8.94 	-0.20, 5.86, -8.15 	0.00, -0.00 	13,23,38,935		2.66,12.86	0,0 	0
4696    	28.64, -8.78, -8.93 	-0.18, 5.62, -8.06 	0.00, -0.00 	13,23,38,944		3.14,17.64	0,0 	0
4705    	28.63, -8.81, -8.94 	-0.20, 5.36, -7.98 	0.00, -0.00 	13,23,38,954		2.23,17.14	0,0 	0
4714    	28.61, -8.85, -8.93 	-0.13, 5.11, -7.90 	0.00, -0.00 	13,23,38,964		2.67,18.28	0,0 	0
4722    	28.59, -8.86, -8.92 	-0.09, 4.94, -7.87 	0.00, -0.00 	13,23,38,973		2.20,12.57	0,0 	0
4731    	28.64, -8.90, -8.93 	-0.02, 4.78, -7.82 	0.00, -0.00 	13,23,38,983		4.79,11.66	0,0 	0
4740    	28.63, -8.94, -8.93 	0.01, 4.66, -7.81 	0.00, -0.00 	13,23,38,993		3.12,8.68	0,0 	0
4749    	28.69, -9.03, -8.90 	0.09, 4.56, -7.79 	0.00, -0.00 	13,23,39,3		7.35,9.90	0,0 	0
4757    	28.73, -9.07, -8.89 	0.22, 4.42, -7.77 	0.00, -0.00 	13,23,39,12		4.10,13.46	0,0 	0
4766    	28.78, -9.04, -8.90 	0.24, 4.27, -7.73 	0.00, -0.00 	13,23,39,22		4.13,10.80	0,0 	0
4775    	28.81, -9.06, -8.89 	0.24, 4.13, -7.70 	0.00, -0.00 	13,23,39,32		2.56,9.93	0,0 	0
4783    	28.87, -9.02, -8.89 	0.27, 3.98, -7.67 	0.00, -0.00 	13,23,39,41		5.70,10.92	0,0 	0
4791    	28.86, -9.11, -8.90 	0.30, 3.86, -7.65 	0.00, -0.00 	13,23,39,50		6.99,8.68	0,0 	0
4801    	28.96, -9.08, -8.91 	0.25, 3.75, -7.65 	0.00, -0.00 	13,23,39,61		7.38,7.77	0,0 	0
4809    	28.97, -9.10, -8.88 	0.25, 3.64, -7.63 	0.00, -0.00 	13,23,39,70		1.67,8.40	0,0 	0
4818    	28.94, -9.18, -8.85 	0.25, 3.57, -7.62 	0.00, -0.00 	13,23,39,80		5.33,4.28	0,0 	0
4827    	28.92, -9.17, -8.87 	0.24, 3.54, -7.62 	0.00, -0.00 	13,23,39,90		1.57,2.38	0,0 	0
4835    	29.00, -9.16, -8.88 	0.24, 3.47, -7.62 	0.00, -0.00 	13,23,39,99		5.56,4.58	0,0 	0
4844    	28.97, -9.17, -8.90 	0.25, 3.43, -7.63 	0.00, -0.00 	13,23,39,109		2.05,2.85	0,0 	0
4853    	28.98, -9.19, -8.89 	0.26, 3.41, -7.65 	0.00, -0.00 	13,23,39,119		1.67,1.68	0,0 	0
4861    	28.98, -9.19, -8.90 	0.20, 3.34, -7.63 	0.00, -0.00 	13,23,39,128		0.00,6.70	0,0 	0
4870    	29.05, -9.20, -8.88 	0.18, 3.31, -7.63 	0.00, -0.00 	13,23,39,138		4.55,1.90	0,0 	0
4879    	29.08, -9.18, -8.85 	0.15, 3.27, -7.63 	0.00, -0.00 	13,23,39,148		2.57,3.66	0,0 	0
4887    	29.08, -9.24, -8.84 	0.11, 3.21, -7.62 	0.00, -0.00 	13,23,39,157		4.57,5.31	0,0 	0
4896    	29.08, -9.23, -8.84 	0.09, 3.12, -7.61 	0.00, -0.00 	13,23,39,167		0.71,5.83	0,0 	0
4905    	29.13, -9.27, -8.81 	0.07, 3.04, -7.59 	0.00, -0.00 	13,23,39,177		5.13,6.42	0,0 	0
4913    	29.09, -9.27, -8.82 	0.04, 2.96, -7.58 	0.00, -0.00 	13,23,39,186		3.44,5.70	0,0 	0
4922    	29.14, -9.28, -8.84 	-0.03, 2.92, -7.58 	0.00, -0.00 	13,23,39,196		3.92,5.28	0,0 	0
4931    	29.12, -9.29, -8.85 	-0.00, 2.87, -7.57 	0.00, -0.00 	13,23,39,206		1.57,4.37	0,0 	0
4940    	29.12, -9.32, -8.85 	-0.01, 2.81, -7.56 	0.00, -0.00 	13,23,39,216		1.52,3.87	0,0 	0
4948    	29.12, -9.34, -8.83 	-0.01, 2.78, -7.55 	0.00, -0.00 	13,23,39,225		1.67,2.29	0,0 	0
4957    	29.16, -9.32, -8.85 	-0.01, 2.72, -7.55 	0.00, -0.00 	13,23,39,235		3.76,4.58	0,0 	0
4966    	29.15, -9.32, -8.85 	0.00, 2.65, -7.52 	0.00, -0.00 	13,23,39,245		0.69,4.64	0,0 	0
4974    	29.21, -9.31, -8.83 	-0.03, 2.59, -7.50 	0.00, -0.00 	13,23,39,254		4.20,5.00	0,0 	0
4983    	29.20, -9.34, -8.83 	-0.04, 2.47, -7.49 	0.00, -0.00 	13,23,39,264		2.23,7.86	0,0 	0
4992    	29.21, -9.37, -8.84 	-0.07, 2.42, -7.46 	0.00, -0.00 	13,23,39,274		2.38,4.67	0,0 	0
5000    	29.21, -9.36, -8.84 	-0.05, 2.32, -7.42 	0.00, -0.00 	13,23,39,283		0.76,7.21	0,0 	0
5009    	29.18, -9.38, -8.83 	-0.06, 2.24, -7.38 	0.00, -0.00 	13,23,39,293		2.39,5.83	0,0 	0
5018    	29.15, -9.40, -8.84 	-0.10, 2.14, -7.33 	0.00, -0.00 	13,23,39,303		2.57,7.36	0,0 	0
5026    	29.15, -9.42, -8.83 	-0.07, 2.00, -7.27 	0.00, -0.00 	13,23,39,312		1.52,10.17	0,0 	0
5035    	29.15, -9.41, -8.85 	-0.02, 1.91, -7.22 	0.00, -0.00 	13,23,39,322		0.71,7.22	0,0 	0
5044    	29.14, -9.40, -8.85 	-0.01, 1.77, -7.18 	0.00, -0.00 	13,23,39,332		0.96,9.30	0,0 	0
5052    	29.19, -9.38, -8.85 	-0.04, 1.69, -7.14 	0.00, -0.00 	13,23,39,341		3.76,5.70	0,0 	0
5061    	29.24, -9.37, -8.85 	-0.03, 1.65, -7.13 	0.00, -0.00 	13,23,39,351		3.29,2.93	0,0 	0
5070    	29.20, -9.40, -8.87 	-0.03, 1.57, -7.11 	0.00, -0.00 	13,23,39,361		3.34,4.99	0,0 	0
5078    	29.22, -9.41, -8.85 	-0.04, 1.55, -7.10 	0.00, -0.00 	13,23,39,370		1.57,1.67	0,0 	0
5087    	29.27, -9.39, -8.84 	-0.00, 1.53, -7.09 	0.00, -0.00 	13,23,39,380		3.76,3.17	0,0 	0
5096    	29.24, -9.38, -8.85 	-0.06, 1.52, -7.09 	0.00, -0.00 	13,23,39,390		2.20,4.18	0,0 	0
5104    	29.25, -9.39, -8.83 	-0.08, 1.51, -7.09 	0.00, -0.00 	13,23,39,399		1.03,1.56	0,0 	0
5113    	29.26, -9.38, -8.83 	-0.06, 1.51, -7.09 	0.00, -0.00 	13,23,39,409		1.03,1.37	0,0 	0
5122    	29.25, -9.38, -8.83 	-0.09, 1.51, -7.07 	0.00, -0.00 	13,23,39,419		0.69,2.06	0,0 	0
5131    	29.24, -9.42, -8.84 	-0.09, 1.51, -7.07 	0.00, -0.00 	13,23,39,429		3.12,0.00	0,0 	0
5139    	29.21, -9.44, -8.82 	-0.08, 1.50, -7.07 	0.00, -0.00 	13,23,39,438		2.57,1.04	0,0 	0
5148    	29.26, -9.43, -8.82 	-0.08, 1.50, -7.07 	0.00, -0.00 	13,23,39,448		3.52,0.00	0,0 	0
5157    	29.26, -9.42, -8.82 	-0.06, 1.49, -7.08 	0.00, -0.00 	13,23,39,458		0.82,1.70	0,0 	0
5165    	29.30, -9.41, -8.83 	-0.06, 1.49, -7.08 	0.00, -0.00 	13,23,39,467		2.86,0.00	0,0 	0
5174    	29.30, -9.43, -8.81 	-0.05, 1.47, -7.08 	0.00, -0.00 	13,23,39,477		1.52,1.68	0,0 	0
5183    	29.32, -9.48, -8.79 	-0.10, 1.46, -7.07 	0.00, -0.00 	13,23,39,487		3.34,3.51	0,0 	0
5191    	29.35, -9.45, -8.81 	-0.08, 1.47, -7.06 	0.00, -0.00 	13,23,39,496		2.57,1.56	0,0 	0
5200    	29.34, -9.44, -8.82 	-0.08, 1.47, -7.06 	0.00, -0.00 	13,23,39,506		1.03,0.00	0,0 	0
5209    	29.36, -9.43, -8.82 	-0.08, 1.47, -7.06 	0.00, -0.00 	13,23,39,516		1.57,0.00	0,0 	0
5217    	29.36, -9.43, -8.83 	-0.10, 1.47, -7.07 	0.00, -0.00 	13,23,39,525		0.00,1.37	0,0 	0
5226    	29.38, -9.48, -8.82 	-0.10, 1.47, -7.07 	0.00, -0.00 	13,23,39,535		3.34,0.00	0,0 	0
5235    	29.38, -9.44, -8.82 	-0.10, 1.45, -7.06 	0.00, -0.00 	13,23,39,545		2.28,1.53	0,0 	0
5243    	29.40, -9.41, -8.83 	-0.12, 1.44, -7.05 	0.00, -0.00 	13,23,39,554		3.08,1.56	0,0 	0
5252    	29.38, -9.44, -8.84 	-0.09, 1.44, -7.03 	0.00, -0.00 	13,23,39,564		2.67,2.06	0,0 	0
5261    	29.39, -9.44, -8.82 	-0.13, 1.44, -7.04 	0.00, -0.00 	13,23,39,574		0.69,2.75	0,0 	0
5269    	29.39, -9.49, -8.81 	-0.07, 1.44, -7.04 	0.00, -0.00 	13,23,39,583		3.04,4.12	0,0 	0
5278    	29.44, -9.50, -8.81 	-0.08, 1.41, -7.02 	0.00, -0.00 	13,23,39,593		3.52,1.67	0,0 	0
