#Time 	Sensor1         Sensor2         Target          Time            Vel             
#================================================================

11      	30.38, -12.83, -8.09 	-0.49, 0.30, -6.68 	-25.98, 15.00 	13,23,19,487		0.00,0.00	0,0 	0
16      	30.38, -12.83, -8.09 	-0.49, 0.30, -6.68 	-25.98, 15.00 	13,23,19,497		0.00,0.00	0,0 	0
24      	30.38, -12.83, -8.10 	-0.49, 0.30, -6.68 	-25.98, 15.00 	13,23,19,506		0.00,0.00	0,0 	0
33      	30.38, -12.83, -8.10 	-0.52, 0.30, -6.68 	-25.98, 15.00 	13,23,19,516		0.00,3.21	0,0 	0
42      	30.39, -12.83, -8.08 	-0.51, 0.30, -6.68 	-25.98, 15.00 	13,23,19,526		1.07,1.07	0,0 	0
50      	30.37, -12.85, -8.08 	-0.55, 0.28, -6.68 	-25.98, 15.00 	13,23,19,535		3.59,4.97	0,0 	0
59      	30.36, -12.85, -8.07 	-0.55, 0.28, -6.68 	-25.98, 15.00 	13,23,19,545		1.07,0.00	0,0 	0
68      	30.37, -12.88, -8.09 	-0.55, 0.31, -6.68 	-25.98, 15.00 	13,23,19,555		2.60,2.38	0,0 	0
76      	30.36, -12.88, -8.09 	-0.55, 0.31, -6.68 	-25.98, 15.00 	13,23,19,564		1.20,0.00	0,0 	0
85      	30.35, -12.86, -8.11 	-0.55, 0.30, -6.68 	-25.98, 15.00 	13,23,19,574		1.60,1.19	0,0 	0
94      	30.38, -12.84, -8.09 	-0.55, 0.30, -6.68 	-25.98, 15.00 	13,23,19,584		3.99,0.00	0,0 	0
102     	30.37, -12.85, -8.09 	-0.54, 0.30, -6.68 	-25.98, 15.00 	13,23,19,593		1.80,1.20	0,0 	0
111     	30.43, -12.82, -8.08 	-0.52, 0.30, -6.68 	-25.98, 15.00 	13,23,19,603		7.34,2.14	0,0 	0
120     	30.43, -12.84, -8.07 	-0.52, 0.30, -6.68 	-25.98, 15.00 	13,23,19,613		2.37,0.00	0,0 	0
128     	30.44, -12.85, -8.07 	-0.52, 0.30, -6.68 	-25.98, 15.00 	13,23,19,622		1.79,0.00	0,0 	0
137     	30.40, -12.89, -8.08 	-0.57, 0.31, -6.68 	-25.98, 15.00 	13,23,19,632		5.56,5.49	0,0 	0
146     	30.37, -12.91, -8.07 	-0.57, 0.31, -6.68 	-25.98, 15.00 	13,23,19,642		3.99,0.00	0,0 	0
154     	30.37, -12.91, -8.07 	-0.57, 0.31, -6.68 	-25.98, 15.00 	13,23,19,651		0.00,0.00	0,0 	0
163     	30.41, -12.86, -8.06 	-0.55, 0.31, -6.67 	-25.98, 15.00 	13,23,19,661		6.39,2.14	0,0 	0
172     	30.41, -12.89, -8.07 	-0.54, 0.31, -6.68 	-25.98, 15.00 	13,23,19,671		2.37,1.07	0,0 	0
180     	30.38, -12.92, -8.08 	-0.53, 0.30, -6.68 	-25.98, 15.00 	13,23,19,680		5.39,1.81	0,0 	0
189     	30.39, -12.95, -8.07 	-0.55, 0.32, -6.68 	-25.98, 15.00 	13,23,19,690		3.71,3.22	0,0 	0
198     	30.39, -12.95, -8.06 	-0.54, 0.32, -6.68 	-25.98, 15.00 	13,23,19,700		0.00,1.07	0,0 	0
207     	30.39, -12.95, -8.07 	-0.54, 0.32, -6.68 	-25.98, 15.00 	13,23,19,710		0.00,0.00	0,0 	0
215     	30.39, -12.95, -8.06 	-0.54, 0.32, -6.68 	-25.98, 15.00 	13,23,19,719		0.00,0.00	0,0 	0
224     	30.39, -12.94, -8.06 	-0.52, 0.32, -6.68 	-25.98, 15.00 	13,23,19,729		1.18,2.14	0,0 	0
233     	30.39, -12.95, -8.07 	-0.53, 0.32, -6.68 	-25.98, 15.00 	13,23,19,739		1.18,1.07	0,0 	0
241     	30.41, -12.93, -8.07 	-0.58, 0.33, -6.68 	-25.98, 15.00 	13,23,19,748		3.59,6.18	0,0 	0
250     	30.41, -12.94, -8.07 	-0.57, 0.32, -6.68 	-25.98, 15.00 	13,23,19,758		1.18,1.61	0,0 	0
259     	30.41, -12.93, -8.07 	-0.57, 0.32, -6.68 	-25.98, 15.00 	13,23,19,768		1.18,0.00	0,0 	0
267     	30.41, -12.92, -8.06 	-0.57, 0.32, -6.67 	-25.98, 15.00 	13,23,19,777		1.33,0.00	0,0 	0
276     	30.41, -12.93, -8.06 	-0.57, 0.32, -6.67 	-25.98, 15.00 	13,23,19,787		1.18,0.00	0,0 	0
285     	30.42, -12.92, -8.06 	-0.57, 0.28, -6.68 	-25.98, 15.00 	13,23,19,797		1.60,3.56	0,0 	0
293     	30.44, -12.89, -8.08 	-0.56, 0.30, -6.68 	-25.98, 15.00 	13,23,19,806		4.67,1.78	0,0 	0
302     	30.43, -12.89, -8.07 	-0.60, 0.30, -6.68 	-25.98, 15.00 	13,23,19,816		1.07,4.28	0,0 	0
311     	30.40, -12.91, -8.07 	-0.59, 0.31, -6.68 	-25.98, 15.00 	13,23,19,826		3.99,1.59	0,0 	0
319     	30.41, -12.91, -8.07 	-0.61, 0.32, -6.68 	-25.98, 15.00 	13,23,19,835		1.20,2.77	0,0 	0
328     	30.40, -12.91, -8.07 	-0.59, 0.31, -6.68 	-25.98, 15.00 	13,23,19,845		1.07,2.46	0,0 	0
337     	30.40, -12.91, -8.06 	-0.59, 0.31, -6.68 	-25.98, 15.00 	13,23,19,855		0.00,0.00	0,0 	0
345     	30.40, -12.91, -8.07 	-0.59, 0.32, -6.67 	-25.98, 15.00 	13,23,19,864		0.00,1.34	0,0 	0
354     	30.39, -12.88, -8.08 	-0.58, 0.31, -6.68 	-25.98, 15.00 	13,23,19,874		3.71,1.61	0,0 	0
363     	30.42, -12.85, -8.09 	-0.57, 0.32, -6.67 	-25.98, 15.00 	13,23,19,884		3.99,1.59	0,0 	0
371     	30.41, -12.85, -8.09 	-0.57, 0.32, -6.67 	-25.98, 15.00 	13,23,19,893		1.20,0.00	0,0 	0
380     	30.43, -12.89, -8.08 	-0.57, 0.32, -6.67 	-25.98, 15.00 	13,23,19,903		4.15,0.00	0,0 	0
389     	30.40, -12.91, -8.07 	-0.57, 0.32, -6.67 	-25.98, 15.00 	13,23,19,913		3.99,0.00	0,0 	0
398     	30.39, -12.91, -8.06 	-0.55, 0.33, -6.67 	-25.98, 15.00 	13,23,19,923		1.07,2.43	0,0 	0
406     	30.40, -12.91, -8.03 	-0.55, 0.32, -6.67 	-25.98, 15.00 	13,23,19,932		1.20,1.34	0,0 	0
416     	30.41, -12.91, -8.03 	-0.59, 0.33, -6.67 	-25.98, 15.00 	13,23,19,942		0.96,4.01	0,0 	0
425     	30.40, -12.91, -8.03 	-0.59, 0.32, -6.67 	-25.98, 15.00 	13,23,19,952		1.07,1.19	0,0 	0
433     	30.39, -12.88, -8.09 	-0.58, 0.31, -6.66 	-25.98, 15.00 	13,23,19,961		4.17,1.81	0,0 	0
442     	30.38, -12.86, -8.07 	-0.57, 0.31, -6.67 	-25.98, 15.00 	13,23,19,970		1.60,1.07	0,0 	0
451     	30.41, -12.85, -8.07 	-0.57, 0.31, -6.67 	-25.98, 15.00 	13,23,19,981		3.42,0.00	0,0 	0
459     	30.42, -12.89, -8.07 	-0.57, 0.32, -6.67 	-25.98, 15.00 	13,23,19,989		4.17,1.34	0,0 	0
468     	30.42, -12.90, -8.07 	-0.58, 0.32, -6.67 	-25.98, 15.00 	13,23,19,999		1.18,1.07	0,0 	0
477     	30.42, -12.89, -8.06 	-0.60, 0.31, -6.66 	-25.98, 15.00 	13,23,20,9		1.18,2.43	0,0 	0
485     	30.42, -12.89, -8.02 	-0.60, 0.31, -6.66 	-25.98, 15.00 	13,23,20,18		0.00,0.00	0,0 	0
494     	30.43, -12.90, -8.03 	-0.60, 0.31, -6.66 	-25.98, 15.00 	13,23,20,28		1.60,0.00	0,0 	0
503     	30.43, -12.90, -8.03 	-0.60, 0.31, -6.66 	-25.98, 15.00 	13,23,20,38		0.00,0.00	0,0 	0
511     	30.42, -12.90, -8.03 	-0.60, 0.32, -6.66 	-25.98, 15.00 	13,23,20,47		1.20,1.34	0,0 	0
520     	30.41, -12.86, -8.04 	-0.59, 0.31, -6.67 	-25.98, 15.00 	13,23,20,57		3.71,1.61	0,0 	0
529     	30.41, -12.86, -8.04 	-0.60, 0.34, -6.68 	-25.98, 15.00 	13,23,20,67		0.00,3.74	0,0 	0
537     	30.41, -12.86, -8.04 	-0.64, 0.34, -6.68 	-25.98, 15.00 	13,23,20,76		0.00,4.81	0,0 	0
546     	30.40, -12.85, -8.06 	-0.64, 0.32, -6.68 	-25.98, 15.00 	13,23,20,86		1.60,2.38	0,0 	0
555     	30.43, -12.83, -8.07 	-0.64, 0.32, -6.68 	-25.98, 15.00 	13,23,20,96		3.99,0.00	0,0 	0
563     	30.38, -12.88, -8.06 	-0.64, 0.32, -6.68 	-25.98, 15.00 	13,23,20,105		8.04,0.00	0,0 	0
572     	30.37, -12.85, -8.07 	-0.62, 0.32, -6.68 	-25.98, 15.00 	13,23,20,115		2.60,2.14	0,0 	0
581     	30.37, -12.86, -8.06 	-0.62, 0.32, -6.66 	-25.98, 15.00 	13,23,20,125		1.18,0.00	0,0 	0
590     	30.37, -12.85, -8.07 	-0.62, 0.32, -6.66 	-25.98, 15.00 	13,23,20,135		1.18,0.00	0,0 	0
598     	30.37, -12.85, -8.07 	-0.62, 0.32, -6.66 	-25.98, 15.00 	13,23,20,144		0.00,0.00	0,0 	0
607     	30.37, -12.86, -8.07 	-0.66, 0.34, -6.68 	-25.98, 15.00 	13,23,20,154		1.18,4.92	0,0 	0
616     	30.33, -12.89, -8.07 	-0.64, 0.33, -6.66 	-25.98, 15.00 	13,23,20,164		4.89,2.46	0,0 	0
624     	30.33, -12.90, -8.07 	-0.64, 0.34, -6.66 	-25.98, 15.00 	13,23,20,173		1.33,1.34	0,0 	0
633     	30.35, -12.85, -8.06 	-0.64, 0.34, -6.66 	-25.98, 15.00 	13,23,20,183		5.20,0.00	0,0 	0
642     	30.35, -12.85, -8.06 	-0.64, 0.34, -6.66 	-25.98, 15.00 	13,23,20,193		0.00,0.00	0,0 	0
650     	30.35, -12.85, -8.06 	-0.64, 0.33, -6.66 	-25.98, 15.00 	13,23,20,202		0.00,1.34	0,0 	0
659     	30.42, -12.81, -8.07 	-0.64, 0.33, -6.66 	-25.98, 15.00 	13,23,20,212		8.87,0.00	0,0 	0
668     	30.42, -12.81, -8.07 	-0.64, 0.32, -6.66 	-25.98, 15.00 	13,23,20,222		0.00,1.19	0,0 	0
676     	30.41, -12.81, -8.06 	-0.64, 0.32, -6.66 	-25.98, 15.00 	13,23,20,231		1.20,0.00	0,0 	0
685     	30.37, -12.84, -8.06 	-0.62, 0.33, -6.65 	-25.98, 15.00 	13,23,20,241		5.56,2.43	0,0 	0
694     	30.37, -12.85, -8.07 	-0.66, 0.33, -6.65 	-25.98, 15.00 	13,23,20,251		1.18,4.28	0,0 	0
702     	30.38, -12.84, -8.06 	-0.66, 0.33, -6.65 	-25.98, 15.00 	13,23,20,260		1.80,0.00	0,0 	0
711     	30.39, -12.84, -8.06 	-0.66, 0.33, -6.65 	-25.98, 15.00 	13,23,20,270		1.07,0.00	0,0 	0
720     	30.39, -12.83, -8.06 	-0.66, 0.33, -6.65 	-25.98, 15.00 	13,23,20,280		1.18,0.00	0,0 	0
728     	30.38, -12.84, -8.06 	-0.66, 0.33, -6.65 	-25.98, 15.00 	13,23,20,289		1.80,0.00	0,0 	0
737     	30.39, -12.83, -8.05 	-0.67, 0.34, -6.65 	-25.98, 15.00 	13,23,20,299		1.60,1.61	0,0 	0
746     	30.41, -12.80, -8.06 	-0.67, 0.34, -6.65 	-25.98, 15.00 	13,23,20,309		4.15,0.00	0,0 	0
754     	30.41, -12.80, -8.06 	-0.67, 0.34, -6.65 	-25.98, 15.00 	13,23,20,318		0.00,0.00	0,0 	0
763     	30.38, -12.85, -8.06 	-0.66, 0.32, -6.64 	-25.98, 15.00 	13,23,20,328		6.74,2.62	0,0 	0
772     	30.37, -12.84, -8.06 	-0.69, 0.32, -6.64 	-25.98, 15.00 	13,23,20,338		1.60,3.21	0,0 	0
782     	30.37, -12.84, -8.06 	-0.69, 0.32, -6.64 	-25.98, 15.00 	13,23,20,349		0.00,0.00	0,0 	0
790     	30.37, -12.84, -8.06 	-0.69, 0.32, -6.64 	-25.98, 15.00 	13,23,20,358		0.00,0.00	0,0 	0
799     	30.37, -12.84, -8.06 	-0.67, 0.31, -6.65 	-25.98, 15.00 	13,23,20,368		0.00,2.46	0,0 	0
808     	30.37, -12.84, -8.04 	-0.68, 0.33, -6.65 	-25.98, 15.00 	13,23,20,378		0.00,2.62	0,0 	0
815     	30.41, -12.84, -8.05 	-0.68, 0.32, -6.65 	-25.98, 15.00 	13,23,20,386		5.51,1.53	0,0 	0
825     	30.39, -12.83, -8.06 	-0.68, 0.33, -6.65 	-25.98, 15.00 	13,23,20,397		2.20,1.07	0,0 	0
834     	30.39, -12.84, -8.06 	-0.68, 0.32, -6.65 	-25.98, 15.00 	13,23,20,407		1.18,1.19	0,0 	0
842     	30.39, -12.84, -8.07 	-0.68, 0.33, -6.65 	-25.98, 15.00 	13,23,20,416		0.00,1.34	0,0 	0
851     	30.39, -12.84, -8.06 	-0.68, 0.32, -6.65 	-25.98, 15.00 	13,23,20,426		0.00,1.19	0,0 	0
860     	30.40, -12.86, -8.06 	-0.68, 0.33, -6.65 	-25.98, 15.00 	13,23,20,436		2.60,1.19	0,0 	0
868     	30.40, -12.86, -8.05 	-0.68, 0.32, -6.65 	-25.98, 15.00 	13,23,20,445		0.00,1.34	0,0 	0
877     	30.37, -12.90, -8.06 	-0.71, 0.31, -6.64 	-25.98, 15.00 	13,23,20,455		4.79,4.42	0,0 	0
886     	30.37, -12.90, -8.06 	-0.71, 0.31, -6.65 	-25.98, 15.00 	13,23,20,465		0.00,1.07	0,0 	0
894     	30.36, -12.84, -8.05 	-0.70, 0.31, -6.65 	-25.98, 15.00 	13,23,20,474		6.77,1.20	0,0 	0
903     	30.36, -12.83, -8.05 	-0.71, 0.33, -6.65 	-25.98, 15.00 	13,23,20,484		1.18,2.62	0,0 	0
912     	30.36, -12.86, -8.04 	-0.71, 0.33, -6.65 	-25.98, 15.00 	13,23,20,494		3.55,0.00	0,0 	0
920     	30.41, -12.84, -8.05 	-0.70, 0.33, -6.65 	-25.98, 15.00 	13,23,20,503		6.59,1.20	0,0 	0
929     	30.40, -12.84, -8.06 	-0.70, 0.33, -6.65 	-25.98, 15.00 	13,23,20,513		1.07,0.00	0,0 	0
938     	30.35, -12.89, -8.06 	-0.69, 0.33, -6.65 	-25.98, 15.00 	13,23,20,523		7.15,1.07	0,0 	0
946     	30.35, -12.89, -8.06 	-0.69, 0.33, -6.65 	-25.98, 15.00 	13,23,20,532		0.00,0.00	0,0 	0
955     	30.36, -12.88, -8.03 	-0.69, 0.32, -6.64 	-25.98, 15.00 	13,23,20,542		1.60,1.19	0,0 	0
964     	30.35, -12.88, -8.03 	-0.72, 0.32, -6.64 	-25.98, 15.00 	13,23,20,552		1.07,4.28	0,0 	0
973     	30.35, -12.88, -8.03 	-0.71, 0.33, -6.65 	-25.98, 15.00 	13,23,20,562		0.00,1.59	0,0 	0
981     	30.35, -12.88, -8.03 	-0.71, 0.32, -6.66 	-25.98, 15.00 	13,23,20,571		0.00,1.81	0,0 	0
990     	30.31, -12.90, -8.05 	-0.71, 0.33, -6.66 	-25.98, 15.00 	13,23,20,581		5.85,1.61	0,0 	0
999     	30.31, -12.90, -8.05 	-0.67, 0.34, -6.66 	-25.98, 15.00 	13,23,20,591		0.00,5.46	0,0 	0
1007    	30.31, -12.91, -8.06 	-0.69, 0.35, -6.66 	-25.98, 15.00 	13,23,20,600		1.33,2.77	1000,1 	0
1016    	30.35, -12.89, -8.07 	-0.68, 0.35, -6.66 	-25.98, 15.00 	13,23,20,610		5.85,1.07	1000,1 	0
1025    	30.35, -12.89, -8.06 	-0.68, 0.34, -6.64 	-25.98, 15.00 	13,23,20,620		0.00,1.19	1000,1 	0
1033    	30.34, -12.88, -8.04 	-0.72, 0.36, -6.64 	-25.98, 15.00 	13,23,20,629		1.79,6.62	1000,1 	0
1042    	30.34, -12.88, -8.04 	-0.71, 0.35, -6.65 	-25.98, 15.00 	13,23,20,639		0.00,1.61	1000,1 	0
1051    	30.35, -12.92, -8.04 	-0.71, 0.33, -6.65 	-25.98, 15.00 	13,23,20,649		4.85,2.62	1000,1 	0
1059    	30.36, -12.92, -8.05 	-0.71, 0.35, -6.64 	-25.98, 15.00 	13,23,20,658		1.20,2.67	1000,1 	0
1068    	30.28, -12.93, -8.03 	-0.71, 0.33, -6.65 	-25.98, 15.00 	13,23,20,668		9.71,2.38	1000,1 	0
1077    	30.26, -12.90, -8.04 	-0.72, 0.35, -6.65 	-25.98, 15.00 	13,23,20,678		4.15,3.22	1000,1 	0
1085    	30.29, -12.89, -8.06 	-0.72, 0.34, -6.65 	-25.98, 15.00 	13,23,20,687		3.85,1.34	1000,1 	0
1094    	30.29, -12.89, -8.05 	-0.71, 0.34, -6.65 	-25.98, 15.00 	13,23,20,697		0.00,1.07	1000,1 	0
1103    	30.30, -12.89, -8.05 	-0.71, 0.34, -6.64 	-25.98, 15.00 	13,23,20,707		1.07,0.00	1000,1 	0
1111    	30.32, -12.89, -8.05 	-0.71, 0.34, -6.64 	-25.98, 15.00 	13,23,20,716		3.61,0.00	1000,1 	0
1120    	30.32, -12.88, -8.05 	-0.71, 0.34, -6.64 	-25.98, 15.00 	13,23,20,726		1.18,0.00	1000,1 	0
1129    	30.37, -12.85, -8.04 	-0.71, 0.34, -6.64 	-25.98, 15.00 	13,23,20,736		5.85,0.00	1000,1 	0
1137    	30.35, -12.83, -8.05 	-0.71, 0.34, -6.64 	-25.98, 15.00 	13,23,20,745		3.59,1.20	1000,1 	0
1146    	30.35, -12.84, -8.06 	-0.71, 0.34, -6.64 	-25.98, 15.00 	13,23,20,755		1.18,0.00	1000,1 	0
1155    	30.36, -12.84, -8.06 	-0.71, 0.33, -6.64 	-25.98, 15.00 	13,23,20,765		1.07,1.19	1000,1 	0
1164    	30.31, -12.86, -8.08 	-0.71, 0.33, -6.64 	-25.98, 15.00 	13,23,20,775		5.85,0.00	1000,1 	0
1172    	30.31, -12.86, -8.08 	-0.69, 0.33, -6.64 	-25.98, 15.00 	13,23,20,784		0.00,2.41	1000,1 	0
1181    	30.31, -12.86, -8.08 	-0.70, 0.33, -6.64 	-25.98, 15.00 	13,23,20,794		1.07,1.07	1000,1 	0
1190    	30.31, -12.85, -8.07 	-0.70, 0.34, -6.65 	-25.98, 15.00 	13,23,20,804		1.18,1.19	1000,1 	0
1198    	30.31, -12.85, -8.07 	-0.71, 0.35, -6.64 	-25.98, 15.00 	13,23,20,813		0.00,1.81	1000,1 	0
1207    	30.34, -12.83, -8.07 	-0.70, 0.34, -6.65 	-25.98, 15.00 	13,23,20,823		4.89,1.61	1000,1 	0
1216    	30.34, -12.83, -8.07 	-0.71, 0.35, -6.64 	-25.98, 15.00 	13,23,20,833		0.00,1.61	1000,1 	0
1224    	30.34, -12.83, -8.07 	-0.70, 0.33, -6.63 	-25.98, 15.00 	13,23,20,842		0.00,2.95	1000,1 	0
1233    	30.34, -12.83, -8.07 	-0.69, 0.34, -6.64 	-25.98, 15.00 	13,23,20,852		0.00,1.59	1000,1 	0
1242    	30.34, -12.83, -8.07 	-0.69, 0.35, -6.64 	-25.98, 15.00 	13,23,20,862		0.00,1.19	1000,1 	0
1250    	30.32, -12.89, -8.06 	-0.69, 0.35, -6.64 	-25.98, 15.00 	13,23,20,871		7.08,0.00	1000,1 	0
1259    	30.31, -12.89, -8.06 	-0.71, 0.35, -6.64 	-25.98, 15.00 	13,23,20,881		1.07,2.14	1000,1 	0
1268    	30.32, -12.89, -8.06 	-0.70, 0.34, -6.64 	-25.98, 15.00 	13,23,20,891		1.07,1.61	1000,1 	0
1276    	30.34, -12.86, -8.06 	-0.70, 0.35, -6.64 	-25.98, 15.00 	13,23,20,900		3.59,1.34	1000,1 	0
1285    	30.37, -12.84, -8.06 	-0.69, 0.34, -6.65 	-25.98, 15.00 	13,23,20,910		3.99,1.61	1000,1 	0
1294    	30.39, -12.79, -8.08 	-0.70, 0.35, -6.65 	-25.98, 15.00 	13,23,20,920		6.30,1.61	1000,1 	0
1302    	30.40, -12.79, -8.08 	-0.72, 0.33, -6.65 	-25.98, 15.00 	13,23,20,929		1.20,4.46	1000,1 	0
1311    	30.39, -12.79, -8.08 	-0.73, 0.35, -6.65 	-25.98, 15.00 	13,23,20,939		1.07,2.62	1000,1 	0
1320    	30.40, -12.79, -8.08 	-0.72, 0.34, -6.65 	-25.98, 15.00 	13,23,20,949		1.07,1.61	1000,1 	0
1328    	30.43, -12.77, -8.08 	-0.72, 0.35, -6.66 	-25.98, 15.00 	13,23,20,958		4.49,1.34	1000,1 	0
1337    	30.39, -12.78, -8.08 	-0.71, 0.35, -6.66 	-25.98, 15.00 	13,23,20,968		4.44,1.07	1000,1 	0
1346    	30.38, -12.79, -8.08 	-0.71, 0.35, -6.66 	-25.98, 15.00 	13,23,20,978		1.60,0.00	1000,1 	0
1355    	30.38, -12.79, -8.08 	-0.71, 0.35, -6.66 	-25.98, 15.00 	13,23,20,988		0.00,0.00	1000,1 	0
1363    	30.38, -12.79, -8.08 	-0.73, 0.35, -6.66 	-25.98, 15.00 	13,23,20,997		0.00,2.41	1000,1 	0
1372    	30.38, -12.79, -8.08 	-0.73, 0.35, -6.66 	-25.98, 15.00 	13,23,21,7		0.00,0.00	1000,1 	0
1381    	30.39, -12.83, -8.06 	-0.73, 0.35, -6.66 	-25.98, 15.00 	13,23,21,17		4.85,0.00	1000,1 	0
1389    	30.40, -12.82, -8.06 	-0.72, 0.36, -6.66 	-25.98, 15.00 	13,23,21,26		1.80,1.78	1000,1 	0
1398    	30.42, -12.80, -8.07 	-0.72, 0.37, -6.65 	-25.98, 15.00 	13,23,21,36		3.19,1.19	1000,1 	0
1407    	30.41, -12.79, -8.05 	-0.71, 0.35, -6.64 	-25.98, 15.00 	13,23,21,46		1.60,2.62	1000,1 	0
1415    	30.38, -12.82, -8.05 	-0.72, 0.36, -6.64 	-25.98, 15.00 	13,23,21,55		5.39,1.34	1000,1 	0
1424    	30.34, -12.84, -8.06 	-0.72, 0.36, -6.64 	-25.98, 15.00 	13,23,21,65		4.89,0.00	1000,1 	0
1433    	30.41, -12.79, -8.05 	-0.74, 0.37, -6.64 	-25.98, 15.00 	13,23,21,75		9.55,3.44	1000,1 	0
1441    	30.41, -12.80, -8.05 	-0.74, 0.38, -6.64 	-25.98, 15.00 	13,23,21,84		1.33,1.34	1000,1 	0
1450    	30.40, -12.79, -8.05 	-0.74, 0.38, -6.64 	-25.98, 15.00 	13,23,21,94		1.60,0.00	1000,1 	0
1459    	30.41, -12.79, -8.05 	-0.74, 0.38, -6.64 	-25.98, 15.00 	13,23,21,104		1.07,0.00	1000,1 	0
1467    	30.41, -12.80, -8.05 	-0.74, 0.38, -6.64 	-25.98, 15.00 	13,23,21,113		1.33,0.00	1000,1 	0
1476    	30.41, -12.80, -8.05 	-0.74, 0.38, -6.64 	-25.98, 15.00 	13,23,21,123		0.00,0.00	1000,1 	0
1485    	30.45, -12.80, -8.05 	-0.74, 0.38, -6.64 	-25.98, 15.00 	13,23,21,133		4.28,0.00	1000,1 	0
1493    	30.42, -12.84, -8.06 	-0.74, 0.38, -6.64 	-25.98, 15.00 	13,23,21,142		6.44,0.00	1000,1 	0
1502    	30.41, -12.84, -8.06 	-0.74, 0.38, -6.64 	-25.98, 15.00 	13,23,21,152		1.07,0.00	1000,1 	0
1511    	30.37, -12.83, -8.06 	-0.74, 0.38, -6.64 	-25.98, 15.00 	13,23,21,162		4.44,0.00	1000,1 	0
1519    	30.37, -12.83, -8.06 	-0.74, 0.38, -6.64 	-25.98, 15.00 	13,23,21,171		0.00,0.00	1000,1 	0
1528    	30.37, -12.83, -8.06 	-0.74, 0.38, -6.64 	-25.98, 15.00 	13,23,21,181		0.00,0.00	1000,1 	0
1537    	30.37, -12.83, -8.06 	-0.74, 0.38, -6.64 	-25.98, 15.00 	13,23,21,191		0.00,0.00	1000,1 	0
1546    	30.33, -12.85, -8.08 	-0.74, 0.38, -6.64 	-25.98, 15.00 	13,23,21,201		4.89,0.00	1000,1 	0
1554    	30.37, -12.85, -8.09 	-0.72, 0.38, -6.65 	-25.98, 15.00 	13,23,21,210		4.82,2.41	1000,1 	0
1562    	30.37, -12.85, -8.06 	-0.72, 0.39, -6.65 	-25.98, 15.00 	13,23,21,219		0.00,1.34	1000,1 	0
1572    	30.36, -12.86, -8.07 	-0.72, 0.38, -6.65 	-25.98, 15.00 	13,23,21,230		1.44,1.07	1000,1 	0
1580    	30.41, -12.84, -8.07 	-0.72, 0.38, -6.65 	-25.98, 15.00 	13,23,21,239		6.59,0.00	1000,1 	0
1589    	30.37, -12.84, -8.07 	-0.71, 0.35, -6.64 	-25.98, 15.00 	13,23,21,249		4.28,4.18	1000,1 	0
1598    	30.37, -12.85, -8.07 	-0.72, 0.35, -6.64 	-25.98, 15.00 	13,23,21,259		1.18,2.14	1000,1 	0
1606    	30.36, -12.85, -8.07 	-0.72, 0.37, -6.64 	-25.98, 15.00 	13,23,21,268		1.20,2.91	1000,1 	0
1615    	30.33, -12.88, -8.06 	-0.72, 0.37, -6.64 	-25.98, 15.00 	13,23,21,278		3.99,0.00	1000,1 	0
1624    	30.32, -12.86, -8.08 	-0.71, 0.37, -6.65 	-25.98, 15.00 	13,23,21,288		1.60,1.07	1000,1 	0
1632    	30.32, -12.86, -8.08 	-0.72, 0.37, -6.65 	-25.98, 15.00 	13,23,21,297		0.00,1.20	1000,1 	0
1641    	30.32, -12.86, -8.08 	-0.74, 0.36, -6.66 	-25.98, 15.00 	13,23,21,307		0.00,3.40	1000,1 	0
1650    	30.35, -12.84, -8.08 	-0.74, 0.37, -6.66 	-25.98, 15.00 	13,23,21,317		3.99,1.19	1000,1 	0
1658    	30.35, -12.84, -8.08 	-0.73, 0.39, -6.66 	-25.98, 15.00 	13,23,21,326		0.00,2.91	1000,1 	0
1667    	30.39, -12.84, -8.08 	-0.73, 0.37, -6.66 	-25.98, 15.00 	13,23,21,336		4.28,2.38	1000,1 	0
1676    	30.38, -12.83, -8.08 	-0.75, 0.38, -6.66 	-25.98, 15.00 	13,23,21,346		1.60,2.46	1000,1 	0
1684    	30.32, -12.79, -8.07 	-0.78, 0.36, -6.65 	-25.98, 15.00 	13,23,21,355		8.97,4.46	1000,1 	0
1693    	30.36, -12.79, -8.07 	-0.82, 0.39, -6.67 	-25.98, 15.00 	13,23,21,365		4.28,5.61	1000,1 	0
1702    	30.32, -12.79, -8.11 	-0.80, 0.42, -6.66 	-25.98, 15.00 	13,23,21,375		5.35,3.17	1000,1 	0
1710    	30.34, -12.73, -8.12 	-0.84, 0.39, -6.65 	-25.98, 15.00 	13,23,21,384		8.77,5.47	1000,1 	0
1719    	30.34, -12.75, -8.11 	-0.88, 0.41, -6.67 	-25.98, 15.00 	13,23,21,394		2.37,4.46	1000,1 	0
1728    	30.30, -12.73, -8.11 	-0.90, 0.45, -6.68 	-25.98, 15.00 	13,23,21,404		5.85,5.24	1000,1 	0
1737    	30.25, -12.76, -8.11 	-0.93, 0.47, -6.68 	-25.98, 15.00 	13,23,21,414		6.43,4.02	1000,1 	0
1745    	30.27, -12.76, -8.11 	-0.98, 0.47, -6.68 	-25.98, 15.00 	13,23,21,423		2.41,6.02	1000,1 	0
1753    	30.18, -12.65, -8.14 	-1.06, 0.46, -6.67 	-25.98, 15.00 	13,23,21,432		17.16,10.89	1000,1 	0
1763    	30.10, -12.60, -8.16 	-1.23, 0.45, -6.64 	-25.98, 15.00 	13,23,21,443		9.37,16.38	1000,1 	0
1771    	30.06, -12.57, -8.19 	-1.34, 0.44, -6.62 	-25.98, 15.00 	13,23,21,452		6.26,14.48	1000,1 	0
1780    	29.96, -12.51, -8.26 	-1.43, 0.41, -6.62 	-25.98, 15.00 	13,23,21,462		13.17,10.21	1000,1 	0
1789    	29.82, -12.42, -8.31 	-1.50, 0.43, -6.67 	-25.98, 15.00 	13,23,21,472		18.38,8.91	1000,1 	0
1797    	29.71, -12.34, -8.36 	-1.51, 0.44, -6.67 	-25.98, 15.00 	13,23,21,481		17.19,1.81	1000,1 	0
1806    	29.56, -12.15, -8.48 	-1.49, 0.45, -6.73 	-25.98, 15.00 	13,23,21,491		26.67,3.40	1000,1 	0
1815    	29.43, -11.89, -8.60 	-1.45, 0.46, -6.79 	-25.98, 15.00 	13,23,21,501		32.11,4.42	1000,1 	0
1823    	29.31, -11.66, -8.70 	-1.39, 0.46, -6.78 	-25.98, 15.00 	13,23,21,510		32.66,7.22	1000,1 	0
1832    	29.20, -11.49, -8.80 	-1.40, 0.48, -6.76 	-25.98, 15.00 	13,23,21,520		22.88,2.62	1000,1 	0
1841    	29.00, -11.36, -8.85 	-1.44, 0.46, -6.76 	-25.98, 15.00 	13,23,21,530		26.58,4.86	1000,1 	0
1849    	28.72, -11.12, -8.96 	-1.50, 0.44, -6.75 	-25.98, 15.00 	13,23,21,539		46.44,7.66	1000,1 	0
1858    	28.50, -10.90, -9.04 	-1.54, 0.41, -6.76 	-25.98, 15.00 	13,23,21,549		34.15,6.38	1000,1 	0
1867    	28.20, -10.59, -9.11 	-1.63, 0.40, -6.73 	-25.98, 15.00 	13,23,21,559		47.73,9.68	1000,1 	0
1875    	27.86, -10.24, -9.21 	-1.72, 0.43, -6.75 	-25.98, 15.00 	13,23,21,568		60.87,11.60	1000,1 	0
1884    	27.52, -9.86, -9.33 	-1.91, 0.48, -6.79 	-25.98, 15.00 	13,23,21,578		57.44,21.98	1000,1 	0
1893    	27.31, -9.35, -9.59 	-2.06, 0.52, -6.86 	-25.98, 15.00 	13,23,21,588		61.09,17.83	1000,1 	0
1901    	27.16, -8.86, -9.73 	-2.25, 0.58, -6.93 	-25.98, 15.00 	13,23,21,597		64.21,23.91	1000,1 	0
1910    	26.99, -8.48, -9.79 	-2.41, 0.64, -7.02 	-25.98, 15.00 	13,23,21,607		45.68,19.63	1000,1 	0
1919    	26.79, -8.21, -9.87 	-2.70, 0.69, -7.09 	-25.98, 15.00 	13,23,21,617		38.10,32.50	1000,1 	0
1929    	26.53, -7.97, -9.90 	-3.11, 0.70, -7.15 	-25.98, 15.00 	13,23,21,627		35.00,41.41	1000,1 	0
1937    	26.32, -7.79, -9.93 	-3.59, 0.71, -7.22 	-25.98, 15.00 	13,23,21,636		33.93,60.15	1000,1 	0
1946    	25.96, -7.72, -9.93 	-4.22, 0.74, -7.34 	-25.98, 15.00 	13,23,21,646		41.51,69.65	1000,1 	0
1955    	25.54, -7.57, -9.98 	-4.85, 0.83, -7.51 	-25.98, 15.00 	13,23,21,656		48.91,70.30	1000,1 	0
1963    	25.04, -7.30, -10.07 	-5.30, 0.92, -7.68 	-25.98, 15.00 	13,23,21,665		70.90,57.70	1000,1 	0
1971    	24.72, -6.91, -10.23 	-5.74, 0.97, -7.81 	-25.98, 15.00 	13,23,21,674		64.04,55.68	1000,1 	0
1981    	24.44, -6.38, -10.38 	-6.20, 1.02, -7.96 	-25.98, 15.00 	13,23,21,685		59.19,46.46	1000,1 	0
1989    	24.08, -5.83, -10.50 	-6.63, 1.03, -8.11 	-25.98, 15.00 	13,23,21,694		82.32,52.97	1000,1 	0
1998    	23.71, -5.40, -10.55 	-7.11, 0.97, -8.27 	-25.98, 15.00 	13,23,21,704		63.11,53.83	1000,1 	0
2007    	23.28, -5.07, -10.62 	-7.52, 0.94, -8.43 	-25.98, 15.00 	13,23,21,714		59.69,46.07	1000,1 	0
2015    	22.97, -4.85, -10.62 	-7.98, 0.85, -8.50 	-25.98, 15.00 	13,23,21,723		47.60,58.80	1000,1 	0
2024    	22.56, -4.71, -10.60 	-8.55, 0.71, -8.51 	-25.98, 15.00 	13,23,21,733		48.52,64.73	1000,1 	0
2033    	22.16, -4.59, -10.59 	-9.12, 0.67, -8.60 	-25.98, 15.00 	13,23,21,743		46.80,63.28	1000,1 	0
2041    	21.68, -4.42, -10.63 	-9.62, 0.65, -8.78 	-25.98, 15.00 	13,23,21,752		62.72,62.57	1000,1 	0
2050    	21.31, -4.08, -10.68 	-10.02, 0.68, -9.01 	-25.98, 15.00 	13,23,21,762		56.35,45.11	1000,1 	0
2059    	20.97, -3.62, -10.73 	-10.44, 0.72, -9.18 	-25.98, 15.00 	13,23,21,772		63.18,46.17	1000,1 	0
2067    	20.45, -3.26, -10.76 	-10.95, 0.70, -9.33 	-25.98, 15.00 	13,23,21,781		79.21,63.77	1000,1 	0
2076    	19.98, -2.90, -10.82 	-11.30, 0.67, -9.47 	-25.98, 15.00 	13,23,21,791		66.09,39.67	1000,1 	0
2085    	19.63, -2.54, -10.89 	-11.78, 0.71, -9.60 	-25.98, 15.00 	13,23,21,801		54.85,53.64	1000,1 	0
2093    	19.37, -2.29, -10.88 	-12.24, 0.58, -9.65 	-25.98, 15.00 	13,23,21,810		45.58,58.54	1000,1 	0
2102    	19.11, -2.19, -10.84 	-12.69, 0.58, -9.73 	-25.98, 15.00 	13,23,21,820		30.80,50.25	1000,1 	0
2111    	18.80, -2.18, -10.81 	-13.23, 0.52, -9.83 	-25.98, 15.00 	13,23,21,830		35.34,60.20	1000,1 	0
2120    	18.42, -2.12, -10.82 	-13.76, 0.56, -9.94 	-25.98, 15.00 	13,23,21,840		42.34,59.08	1000,1 	0
2128    	18.07, -1.94, -10.82 	-14.25, 0.61, -10.05 	-25.98, 15.00 	13,23,21,849		49.96,61.67	1000,1 	0
2137    	17.70, -1.76, -10.78 	-14.63, 0.57, -10.11 	-25.98, 15.00 	13,23,21,859		45.37,42.96	1000,1 	0
2146    	17.24, -1.65, -10.73 	-15.08, 0.71, -10.22 	-25.98, 15.00 	13,23,21,869		52.72,51.78	1000,1 	0
2154    	16.79, -1.58, -10.69 	-15.48, 0.76, -10.31 	-25.98, 15.00 	13,23,21,878		55.96,50.89	1000,1 	0
2162    	16.38, -1.49, -10.67 	-15.79, 0.85, -10.47 	-25.98, 15.00 	13,23,21,887		53.14,40.11	1000,1 	0
2172    	16.17, -1.25, -10.66 	-16.07, 0.99, -10.60 	-25.98, 15.00 	13,23,21,898		31.59,31.37	1000,1 	0
2180    	15.88, -1.03, -10.65 	-16.41, 1.14, -10.65 	-25.98, 15.00 	13,23,21,907		45.67,46.33	1000,1 	0
2189    	15.60, -0.80, -10.64 	-16.80, 1.30, -10.72 	-25.98, 15.00 	13,23,21,917		40.51,47.13	1000,1 	0
2198    	15.29, -0.61, -10.63 	-17.18, 1.39, -10.74 	-25.98, 15.00 	13,23,21,927		39.72,43.21	1000,1 	0
2206    	15.02, -0.46, -10.59 	-17.56, 1.45, -10.77 	-25.98, 15.00 	13,23,21,936		38.52,48.68	1000,1 	0
2215    	14.74, -0.43, -10.54 	-17.78, 1.52, -10.79 	-25.98, 15.00 	13,23,21,946		31.24,25.71	1000,1 	0
2224    	14.44, -0.41, -10.49 	-18.20, 1.60, -10.78 	-25.98, 15.00 	13,23,21,956		33.27,46.85	1000,1 	0
2232    	14.04, -0.36, -10.47 	-18.47, 1.76, -10.79 	-25.98, 15.00 	13,23,21,965		51.01,39.46	1000,1 	0
2241    	13.75, -0.25, -10.46 	-18.76, 1.88, -10.83 	-25.98, 15.00 	13,23,21,975		34.22,34.82	1000,1 	0
2250    	13.47, -0.11, -10.47 	-18.97, 2.02, -10.83 	-25.98, 15.00 	13,23,21,985		34.64,28.34	1000,1 	0
2258    	13.19, -0.04, -10.47 	-19.26, 2.16, -10.85 	-25.98, 15.00 	13,23,21,994		36.14,40.29	1000,1 	0
2267    	12.88, 0.05, -10.49 	-19.56, 2.45, -10.82 	-25.98, 15.00 	13,23,22,4		36.56,46.48	1000,1 	0
2276    	12.62, 0.14, -10.49 	-19.86, 2.66, -10.85 	-25.98, 15.00 	13,23,22,14		29.79,40.39	1000,1 	0
2284    	12.44, 0.23, -10.49 	-20.11, 2.83, -10.85 	-25.98, 15.00 	13,23,22,23		25.23,38.16	1000,1 	0
2293    	12.20, 0.23, -10.45 	-20.46, 3.05, -10.81 	-25.98, 15.00 	13,23,22,33		26.76,45.54	1000,1 	0
2302    	11.97, 0.20, -10.39 	-20.80, 3.24, -10.76 	-25.98, 15.00 	13,23,22,43		25.94,43.39	1000,1 	0
2311    	11.64, 0.16, -10.36 	-21.20, 3.52, -10.68 	-25.98, 15.00 	13,23,22,53		36.70,54.01	1000,1 	0
2319    	11.36, 0.19, -10.36 	-21.59, 3.86, -10.69 	-25.98, 15.00 	13,23,22,62		35.15,64.89	1000,1 	0
2328    	11.07, 0.20, -10.33 	-22.02, 4.21, -10.66 	-25.98, 15.00 	13,23,22,72		32.13,61.70	1000,1 	0
2337    	10.75, 0.22, -10.31 	-22.43, 4.56, -10.61 	-25.98, 15.00 	13,23,22,82		36.47,59.28	1000,1 	0
2345    	10.48, 0.25, -10.32 	-22.83, 5.04, -10.64 	-25.98, 15.00 	13,23,22,91		33.95,79.13	1000,1 	0
2353    	10.30, 0.33, -10.35 	-23.13, 5.38, -10.61 	-25.98, 15.00 	13,23,22,100		23.59,56.16	1000,1 	0
2363    	10.17, 0.36, -10.38 	-23.51, 5.81, -10.56 	-25.98, 15.00 	13,23,22,111		13.86,57.33	1000,1 	0
2371    	10.03, 0.34, -10.34 	-23.73, 6.10, -10.53 	-25.98, 15.00 	13,23,22,120		17.07,45.80	1000,1 	0
2380    	9.91, 0.28, -10.29 	-23.99, 6.35, -10.50 	-25.98, 15.00 	13,23,22,130		15.13,39.28	1000,1 	0
2389    	9.72, 0.21, -10.23 	-24.05, 6.55, -10.46 	-25.98, 15.00 	13,23,22,140		22.96,23.56	1000,1 	0
2397    	9.56, 0.12, -10.16 	-24.22, 6.84, -10.45 	-25.98, 15.00 	13,23,22,149		22.02,42.36	1000,1 	0
2406    	9.39, 0.05, -10.11 	-24.33, 7.02, -10.39 	-25.98, 15.00 	13,23,22,159		20.98,23.52	1000,1 	0
2415    	9.26, -0.02, -10.09 	-24.48, 7.23, -10.33 	-25.98, 15.00 	13,23,22,169		16.20,28.53	1000,1 	0
2423    	9.11, -0.08, -10.07 	-24.52, 7.41, -10.29 	-25.98, 15.00 	13,23,22,178		20.39,23.30	1000,1 	0
2432    	9.00, -0.11, -10.08 	-24.62, 7.66, -10.25 	-25.98, 15.00 	13,23,22,188		12.30,29.49	1000,1 	0
2441    	8.93, -0.11, -10.07 	-24.66, 7.93, -10.25 	-25.98, 15.00 	13,23,22,198		7.49,31.25	1000,1 	0
2449    	8.86, -0.09, -10.05 	-24.72, 8.19, -10.20 	-25.98, 15.00 	13,23,22,207		9.99,32.98	1000,1 	0
2458    	8.79, -0.11, -10.04 	-24.78, 8.45, -10.14 	-25.98, 15.00 	13,23,22,217		7.86,29.32	1000,1 	0
2467    	8.73, -0.11, -10.02 	-24.83, 8.70, -10.07 	-25.98, 15.00 	13,23,22,227		6.42,27.92	1000,1 	0
2475    	8.67, -0.13, -10.02 	-24.94, 8.98, -9.99 	-25.98, 15.00 	13,23,22,236		7.70,38.62	1000,1 	0
2484    	8.65, -0.14, -10.01 	-25.00, 9.17, -9.91 	-25.98, 15.00 	13,23,22,246		3.42,21.28	1000,1 	0
2493    	8.61, -0.17, -10.00 	-25.11, 9.39, -9.76 	-25.98, 15.00 	13,23,22,256		5.56,28.23	1000,1 	0
2502    	8.54, -0.22, -9.98 	-25.21, 9.68, -9.66 	-25.98, 15.00 	13,23,22,266		8.87,33.96	1000,1 	0
2510    	8.49, -0.24, -9.98 	-25.30, 9.81, -9.51 	-25.98, 15.00 	13,23,22,275		6.59,19.49	1000,1 	0
2519    	8.46, -0.26, -9.95 	-25.34, 10.05, -9.44 	-25.98, 15.00 	13,23,22,285		3.99,26.55	1000,1 	0
2528    	8.42, -0.30, -9.93 	-25.36, 10.27, -9.33 	-25.98, 15.00 	13,23,22,295		6.39,25.07	1000,1 	0
2536    	8.40, -0.31, -9.92 	-25.28, 10.45, -9.27 	-25.98, 15.00 	13,23,22,304		2.75,25.02	1000,1 	0
2544    	8.35, -0.32, -9.91 	-25.28, 10.60, -9.19 	-25.98, 15.00 	13,23,22,313		7.35,18.71	1000,1 	0
2554    	8.35, -0.36, -9.91 	-25.28, 10.72, -9.12 	-25.98, 15.00 	13,23,22,324		4.26,11.76	1000,1 	0
2562    	8.32, -0.38, -9.88 	-25.27, 10.82, -9.04 	-25.98, 15.00 	13,23,22,333		3.85,12.07	1000,1 	0
2571    	8.24, -0.41, -9.86 	-25.25, 10.90, -8.98 	-25.98, 15.00 	13,23,22,343		9.27,9.71	1000,1 	0
2580    	8.18, -0.47, -9.82 	-25.31, 11.03, -8.90 	-25.98, 15.00 	13,23,22,353		9.58,15.72	1000,1 	0
2588    	8.11, -0.51, -9.79 	-25.34, 11.15, -8.82 	-25.98, 15.00 	13,23,22,362		11.01,15.19	1000,1 	0
2597    	8.04, -0.59, -9.74 	-25.37, 11.27, -8.74 	-25.98, 15.00 	13,23,22,372		11.18,13.50	1000,1 	0
2606    	8.02, -0.58, -9.73 	-25.36, 11.36, -8.67 	-25.98, 15.00 	13,23,22,382		2.45,10.73	1000,1 	0
2614    	7.96, -0.63, -9.69 	-25.34, 11.46, -8.60 	-25.98, 15.00 	13,23,22,391		9.83,12.23	1000,1 	0
2623    	7.89, -0.66, -9.67 	-25.40, 11.56, -8.50 	-25.98, 15.00 	13,23,22,401		8.29,13.59	1000,1 	0
2632    	7.87, -0.68, -9.67 	-25.35, 11.62, -8.42 	-25.98, 15.00 	13,23,22,411		3.19,7.93	1000,1 	0
2640    	7.87, -0.74, -9.63 	-25.31, 11.65, -8.32 	-25.98, 15.00 	13,23,22,420		6.66,6.22	1000,1 	0
2649    	7.85, -0.81, -9.58 	-25.30, 11.74, -8.20 	-25.98, 15.00 	13,23,22,430		8.89,9.55	1000,1 	0
2658    	7.77, -0.87, -9.55 	-25.30, 11.80, -8.08 	-25.98, 15.00 	13,23,22,440		10.41,7.13	1000,1 	0
2666    	7.69, -0.95, -9.51 	-25.29, 11.88, -7.94 	-25.98, 15.00 	13,23,22,449		14.37,10.92	1000,1 	0
2675    	7.67, -1.00, -9.46 	-25.22, 11.96, -7.79 	-25.98, 15.00 	13,23,22,459		6.30,11.10	1000,1 	0
2684    	7.63, -1.01, -9.44 	-25.17, 12.04, -7.66 	-25.98, 15.00 	13,23,22,469		4.44,10.83	1000,1 	0
2693    	7.60, -1.03, -9.41 	-25.15, 12.16, -7.52 	-25.98, 15.00 	13,23,22,479		3.42,13.21	1000,1 	0
2701    	7.60, -1.05, -9.40 	-25.10, 12.23, -7.34 	-25.98, 15.00 	13,23,22,488		2.66,10.71	1000,1 	0
2710    	7.62, -1.05, -9.36 	-25.02, 12.25, -7.15 	-25.98, 15.00 	13,23,22,498		2.14,8.84	1000,1 	0
2719    	7.63, -1.07, -9.33 	-25.02, 12.28, -6.94 	-25.98, 15.00 	13,23,22,508		2.60,3.56	1000,1 	0
2727    	7.63, -1.11, -9.31 	-25.05, 12.33, -6.73 	-25.98, 15.00 	13,23,22,517		5.33,7.64	1000,1 	0
2735    	7.64, -1.12, -9.29 	-25.07, 12.40, -6.60 	-25.98, 15.00 	13,23,22,526		1.79,8.41	1000,1 	0
2745    	7.67, -1.14, -9.25 	-24.94, 12.47, -6.59 	-25.98, 15.00 	13,23,22,537		3.59,14.48	1000,1 	0
2753    	7.66, -1.15, -9.23 	-24.86, 12.58, -6.64 	-25.98, 15.00 	13,23,22,546		1.80,17.07	1000,1 	0
2762    	7.66, -1.18, -9.19 	-24.84, 12.74, -6.66 	-25.98, 15.00 	13,23,22,556		3.55,17.92	1000,1 	0
2771    	7.65, -1.17, -9.16 	-24.88, 12.96, -6.68 	-25.98, 15.00 	13,23,22,566		1.60,25.38	1000,1 	0
2779    	7.62, -1.17, -9.14 	-24.83, 13.15, -6.70 	-25.98, 15.00 	13,23,22,575		3.61,24.71	1000,1 	0
2788    	7.61, -1.17, -9.12 	-24.78, 13.35, -6.74 	-25.98, 15.00 	13,23,22,585		1.07,22.23	1000,1 	0
2797    	7.60, -1.16, -9.11 	-24.73, 13.48, -6.75 	-25.98, 15.00 	13,23,22,595		1.60,16.27	1000,1 	0
2805    	7.58, -1.14, -9.11 	-24.67, 13.61, -6.78 	-25.98, 15.00 	13,23,22,604		3.59,17.49	1000,1 	0
2814    	7.58, -1.12, -9.11 	-24.62, 13.71, -6.81 	-25.98, 15.00 	13,23,22,614		2.37,12.39	1000,1 	0
2823    	7.59, -1.09, -9.11 	-24.58, 13.80, -6.83 	-25.98, 15.00 	13,23,22,624		3.71,11.46	1000,1 	0
2832    	7.61, -1.09, -9.11 	-24.57, 13.86, -6.83 	-25.98, 15.00 	13,23,22,633		2.14,6.02	1000,1 	0
2841    	7.61, -1.10, -9.11 	-24.56, 13.88, -6.81 	-25.98, 15.00 	13,23,22,643		1.18,2.59	1000,1 	0
2850    	7.58, -1.11, -9.11 	-24.56, 13.94, -6.81 	-25.98, 15.00 	13,23,22,653		3.42,7.13	1000,1 	0
2858    	7.58, -1.10, -9.12 	-24.54, 13.97, -6.80 	-25.98, 15.00 	13,23,22,662		1.79,4.64	1000,1 	0
2867    	7.58, -1.10, -9.12 	-24.53, 14.01, -6.79 	-25.98, 15.00 	13,23,22,672		0.00,3.71	1000,1 	0
2876    	7.57, -1.09, -9.12 	-24.48, 14.01, -6.79 	-25.98, 15.00 	13,23,22,682		1.60,5.35	1000,1 	0
2885    	7.57, -1.11, -9.12 	-24.48, 14.06, -6.80 	-25.98, 15.00 	13,23,22,692		2.37,5.94	1000,1 	0
2893    	7.56, -1.08, -9.12 	-24.46, 14.09, -6.80 	-25.98, 15.00 	13,23,22,701		4.17,4.64	1000,1 	0
2902    	7.57, -1.09, -9.12 	-24.46, 14.14, -6.81 	-25.98, 15.00 	13,23,22,711		1.60,5.94	1000,1 	0
2911    	7.55, -1.09, -9.12 	-24.44, 14.15, -6.81 	-25.98, 15.00 	13,23,22,721		2.14,3.40	1000,1 	0
2919    	7.55, -1.09, -9.12 	-24.47, 14.17, -6.81 	-25.98, 15.00 	13,23,22,730		0.00,5.01	1000,1 	0
2928    	7.54, -1.09, -9.12 	-24.48, 14.19, -6.81 	-25.98, 15.00 	13,23,22,740		1.07,2.62	1000,1 	0
2937    	7.53, -1.09, -9.12 	-24.48, 14.17, -6.80 	-25.98, 15.00 	13,23,22,750		1.07,2.38	1000,1 	0
2945    	7.54, -1.09, -9.12 	-24.50, 14.19, -6.79 	-25.98, 15.00 	13,23,22,759		1.20,3.62	1000,1 	0
2954    	7.50, -1.08, -9.12 	-24.49, 14.20, -6.80 	-25.98, 15.00 	13,23,22,769		4.44,1.59	1000,1 	0
2963    	7.48, -1.11, -9.11 	-24.49, 14.21, -6.79 	-25.98, 15.00 	13,23,22,779		4.15,1.19	1000,1 	0
2971    	7.42, -1.13, -9.12 	-24.51, 14.20, -6.79 	-25.98, 15.00 	13,23,22,788		7.70,2.73	1000,1 	0
2980    	7.37, -1.15, -9.12 	-24.53, 14.20, -6.78 	-25.98, 15.00 	13,23,22,798		5.85,2.14	1000,1 	0
2989    	7.34, -1.13, -9.14 	-24.55, 14.22, -6.79 	-25.98, 15.00 	13,23,22,808		3.99,3.22	1000,1 	0
2997    	7.29, -1.15, -9.13 	-24.56, 14.23, -6.78 	-25.98, 15.00 	13,23,22,817		7.70,1.81	1000,1 	0
3006    	7.25, -1.14, -9.15 	-24.60, 14.25, -6.79 	-25.98, 15.00 	13,23,22,827		4.44,4.92	1000,1 	0
3015    	7.23, -1.14, -9.16 	-24.64, 14.31, -6.80 	-25.98, 15.00 	13,23,22,837		2.14,7.37	1000,1 	0
3023    	7.20, -1.13, -9.17 	-24.68, 14.35, -6.79 	-25.98, 15.00 	13,23,22,846		3.85,7.25	1000,1 	0
3032    	7.16, -1.17, -9.16 	-24.69, 14.38, -6.79 	-25.98, 15.00 	13,23,22,856		6.39,3.74	1000,1 	0
3041    	7.08, -1.23, -9.15 	-24.75, 14.42, -6.78 	-25.98, 15.00 	13,23,22,866		10.41,8.04	1000,1 	0
3049    	6.99, -1.26, -9.15 	-24.76, 14.45, -6.78 	-25.98, 15.00 	13,23,22,875		12.69,3.62	1000,1 	0
3058    	6.92, -1.28, -9.14 	-24.80, 14.49, -6.79 	-25.98, 15.00 	13,23,22,885		7.86,6.44	1000,1 	0
3067    	6.91, -1.28, -9.15 	-24.79, 14.49, -6.79 	-25.98, 15.00 	13,23,22,895		1.07,1.07	1000,1 	0
3076    	6.87, -1.27, -9.17 	-24.81, 14.52, -6.78 	-25.98, 15.00 	13,23,22,905		4.44,4.18	1000,1 	0
3084    	6.80, -1.25, -9.16 	-24.82, 14.52, -6.78 	-25.98, 15.00 	13,23,22,914		8.84,1.20	1000,1 	0
3093    	6.78, -1.25, -9.17 	-24.83, 14.54, -6.79 	-25.98, 15.00 	13,23,22,924		3.21,2.62	1000,1 	0
3102    	6.77, -1.25, -9.18 	-24.84, 14.55, -6.79 	-25.98, 15.00 	13,23,22,934		1.07,1.61	1000,1 	0
3110    	6.72, -1.24, -9.18 	-24.87, 14.60, -6.80 	-25.98, 15.00 	13,23,22,943		6.17,6.50	1000,1 	0
3119    	6.69, -1.27, -9.18 	-24.91, 14.63, -6.80 	-25.98, 15.00 	13,23,22,953		4.79,5.61	1000,1 	0
3128    	6.66, -1.28, -9.18 	-24.91, 14.64, -6.79 	-25.98, 15.00 	13,23,22,963		3.42,1.19	1000,1 	0
3136    	6.58, -1.34, -9.18 	-24.90, 14.66, -6.79 	-25.98, 15.00 	13,23,22,972		12.52,2.91	1000,1 	0
3145    	6.53, -1.39, -9.17 	-24.90, 14.67, -6.79 	-25.98, 15.00 	13,23,22,982		7.15,1.19	1000,1 	0
3154    	6.51, -1.41, -9.16 	-24.94, 14.69, -6.79 	-25.98, 15.00 	13,23,22,992		3.99,4.92	1000,1 	0
3162    	6.46, -1.43, -9.17 	-24.95, 14.70, -6.78 	-25.98, 15.00 	13,23,23,1		6.59,1.81	1000,1 	0
3171    	6.46, -1.45, -9.17 	-24.97, 14.74, -6.79 	-25.98, 15.00 	13,23,23,11		2.37,4.18	1000,1 	0
3180    	6.44, -1.46, -9.18 	-24.96, 14.74, -6.79 	-25.98, 15.00 	13,23,23,21		2.45,1.07	1000,1 	0
3188    	6.43, -1.45, -9.19 	-25.00, 14.77, -6.80 	-25.98, 15.00 	13,23,23,30		1.79,6.31	1000,1 	0
3197    	6.40, -1.46, -9.20 	-24.99, 14.79, -6.80 	-25.98, 15.00 	13,23,23,40		3.42,2.59	1000,1 	0
3206    	6.39, -1.48, -9.20 	-25.02, 14.80, -6.81 	-25.98, 15.00 	13,23,23,50		2.60,3.44	1000,1 	0
3214    	6.36, -1.51, -9.19 	-25.03, 14.82, -6.81 	-25.98, 15.00 	13,23,23,59		5.39,2.95	1000,1 	0
3223    	6.36, -1.55, -9.19 	-25.03, 14.84, -6.81 	-25.98, 15.00 	13,23,23,69		3.55,2.38	1000,1 	0
3232    	6.33, -1.57, -9.19 	-25.02, 14.80, -6.80 	-25.98, 15.00 	13,23,23,79		3.99,4.89	1000,1 	0
3240    	6.31, -1.63, -9.18 	-25.04, 14.82, -6.80 	-25.98, 15.00 	13,23,23,88		8.35,3.62	1000,1 	0
3249    	6.29, -1.61, -9.18 	-25.04, 14.82, -6.80 	-25.98, 15.00 	13,23,23,98		3.19,0.00	1000,1 	0
3258    	6.28, -1.59, -9.19 	-25.06, 14.87, -6.81 	-25.98, 15.00 	13,23,23,108		2.60,5.24	1000,1 	0
3267    	6.27, -1.59, -9.20 	-25.07, 14.87, -6.81 	-25.98, 15.00 	13,23,23,118		1.07,1.07	1000,1 	0
3275    	6.28, -1.59, -9.20 	-25.10, 14.88, -6.80 	-25.98, 15.00 	13,23,23,127		1.20,3.87	1000,1 	0
3284    	6.28, -1.59, -9.21 	-25.11, 14.88, -6.79 	-25.98, 15.00 	13,23,23,137		0.00,2.14	1000,1 	0
3293    	6.30, -1.59, -9.20 	-25.12, 14.89, -6.79 	-25.98, 15.00 	13,23,23,147		2.14,1.61	1000,1 	0
3301    	6.29, -1.60, -9.20 	-25.11, 14.89, -6.79 	-25.98, 15.00 	13,23,23,156		1.80,1.20	1000,1 	0
3309    	6.27, -1.61, -9.20 	-25.11, 14.89, -6.79 	-25.98, 15.00 	13,23,23,165		2.75,0.00	1000,1 	0
3319    	6.27, -1.63, -9.20 	-25.14, 14.92, -6.79 	-25.98, 15.00 	13,23,23,176		2.13,4.35	1000,1 	0
3327    	6.26, -1.63, -9.20 	-25.14, 14.94, -6.79 	-25.98, 15.00 	13,23,23,185		1.20,2.67	1000,1 	0
3336    	6.24, -1.65, -9.20 	-25.13, 14.96, -6.79 	-25.98, 15.00 	13,23,23,195		3.99,2.59	1000,1 	0
3345    	6.22, -1.68, -9.19 	-25.14, 14.95, -6.78 	-25.98, 15.00 	13,23,23,205		4.15,1.59	1000,1 	0
3353    	6.20, -1.72, -9.18 	-25.17, 14.98, -6.78 	-25.98, 15.00 	13,23,23,214		4.67,5.43	1000,1 	0
3362    	6.21, -1.70, -9.20 	-25.19, 14.99, -6.79 	-25.98, 15.00 	13,23,23,224		2.60,2.46	1000,1 	0
3371    	6.22, -1.71, -9.19 	-25.19, 15.01, -6.78 	-25.98, 15.00 	13,23,23,234		1.60,1.19	1000,1 	0
3379    	6.21, -1.71, -9.19 	-25.20, 15.01, -6.78 	-25.98, 15.00 	13,23,23,243		1.20,1.20	1000,1 	0
3388    	6.23, -1.70, -9.19 	-25.24, 15.02, -6.77 	-25.98, 15.00 	13,23,23,253		2.45,4.46	1000,1 	0
3397    	6.21, -1.70, -9.18 	-25.23, 15.03, -6.76 	-25.98, 15.00 	13,23,23,263		2.14,1.59	1000,1 	0
3405    	6.23, -1.72, -9.19 	-25.26, 15.04, -6.77 	-25.98, 15.00 	13,23,23,272		3.59,3.87	1000,1 	0
3414    	6.22, -1.72, -9.18 	-25.26, 15.05, -6.77 	-25.98, 15.00 	13,23,23,282		1.07,1.19	1000,1 	0
3423    	6.23, -1.72, -9.18 	-25.28, 15.06, -6.77 	-25.98, 15.00 	13,23,23,292		1.07,2.46	1000,1 	0
3431    	6.23, -1.72, -9.18 	-25.30, 15.06, -6.77 	-25.98, 15.00 	13,23,23,301		0.00,2.41	1000,1 	0
3440    	6.22, -1.75, -9.18 	-25.29, 15.08, -6.76 	-25.98, 15.00 	13,23,23,311		3.71,2.59	1000,1 	0
3449    	6.23, -1.75, -9.17 	-25.32, 15.11, -6.77 	-25.98, 15.00 	13,23,23,321		1.07,4.83	1000,1 	0
3458    	6.24, -1.77, -9.16 	-25.36, 15.14, -6.76 	-25.98, 15.00 	13,23,23,331		2.60,4.92	1000,1 	0
3466    	6.23, -1.75, -9.17 	-25.35, 15.12, -6.75 	-25.98, 15.00 	13,23,23,340		2.92,1.81	1000,1 	0
3475    	6.23, -1.77, -9.17 	-25.36, 15.14, -6.75 	-25.98, 15.00 	13,23,23,350		2.37,1.61	1000,1 	0
3484    	6.24, -1.79, -9.18 	-25.35, 15.12, -6.76 	-25.98, 15.00 	13,23,23,360		2.60,1.61	1000,1 	0
3492    	6.25, -1.78, -9.17 	-25.36, 15.14, -6.76 	-25.98, 15.00 	13,23,23,369		2.75,1.81	1000,1 	0
3500    	6.26, -1.79, -9.16 	-25.38, 15.18, -6.75 	-25.98, 15.00 	13,23,23,378		1.79,5.90	1000,1 	0
3510    	6.26, -1.77, -9.15 	-25.39, 15.19, -6.75 	-25.98, 15.00 	13,23,23,389		2.13,1.45	1000,1 	0
3518    	6.27, -1.78, -9.15 	-25.38, 15.20, -6.77 	-25.98, 15.00 	13,23,23,398		1.79,1.78	1000,1 	0
3527    	6.27, -1.78, -9.16 	-25.36, 15.18, -6.76 	-25.98, 15.00 	13,23,23,408		0.00,3.22	1000,1 	0
3536    	6.28, -1.80, -9.15 	-25.36, 15.19, -6.75 	-25.98, 15.00 	13,23,23,418		2.60,1.19	1000,1 	0
3545    	6.28, -1.78, -9.16 	-25.37, 15.18, -6.75 	0.00, -0.00 	13,23,23,437		2.66,1.78	1000,1 	0
3554    	6.28, -1.78, -9.17 	-25.38, 15.17, -6.76 	0.00, -0.00 	13,23,23,447		0.00,1.19	1000,1 	0
3562    	6.32, -1.78, -9.17 	-25.40, 15.16, -6.75 	0.00, -0.00 	13,23,23,456		3.21,1.82	1000,1 	0
3571    	6.31, -1.78, -9.16 	-25.38, 15.16, -6.75 	0.00, -0.00 	13,23,23,466		0.80,1.60	1000,1 	0
3580    	6.31, -1.79, -9.15 	-25.37, 15.16, -6.74 	0.00, -0.00 	13,23,23,476		0.89,0.80	1000,1 	0
3588    	6.29, -1.81, -9.15 	-25.38, 15.18, -6.76 	0.00, -0.00 	13,23,23,485		2.39,1.97	1000,1 	0
3597    	6.30, -1.82, -9.15 	-25.38, 15.16, -6.75 	0.00, -0.00 	13,23,23,495		1.20,1.78	1000,1 	0
3606    	6.28, -1.82, -9.15 	-25.38, 15.17, -6.75 	0.00, -0.00 	13,23,23,505		1.61,0.89	1000,1 	0
3614    	6.26, -1.80, -9.15 	-25.39, 15.18, -6.76 	0.00, -0.00 	13,23,23,514		2.39,1.21	1000,1 	0
3623    	6.28, -1.83, -9.15 	-25.39, 15.19, -6.76 	0.00, -0.00 	13,23,23,524		2.87,0.82	1000,1 	0
3632    	6.27, -1.82, -9.15 	-25.38, 15.18, -6.77 	0.00, -0.00 	13,23,23,534		1.20,1.21	1000,1 	0
3641    	6.30, -1.79, -9.15 	-25.37, 15.19, -6.76 	0.00, -0.00 	13,23,23,544		3.59,1.19	1000,1 	0
3649    	6.30, -1.79, -9.15 	-25.36, 15.17, -6.76 	0.00, -0.00 	13,23,23,553		0.00,2.14	1000,1 	0
3658    	6.29, -1.81, -9.15 	-25.39, 15.17, -6.75 	0.00, -0.00 	13,23,23,563		1.95,2.41	1000,1 	0
3667    	6.31, -1.83, -9.15 	-25.38, 15.17, -6.76 	0.00, -0.00 	13,23,23,573		2.39,0.80	1000,1 	0
3675    	6.33, -1.84, -9.14 	-25.39, 15.17, -6.76 	0.00, -0.00 	13,23,23,582		2.00,0.87	1000,1 	0
3684    	6.30, -1.83, -9.14 	-25.40, 15.19, -6.77 	0.00, -0.00 	13,23,23,592		2.57,1.97	1000,1 	0
3693    	6.28, -1.84, -9.13 	-25.41, 15.20, -6.77 	0.00, -0.00 	13,23,23,602		1.84,1.21	1000,1 	0
3701    	6.30, -1.83, -9.14 	-25.40, 15.20, -6.78 	0.00, -0.00 	13,23,23,611		2.00,0.87	1000,1 	0
3710    	6.28, -1.84, -9.14 	-25.40, 15.21, -6.78 	0.00, -0.00 	13,23,23,621		1.84,0.89	1000,1 	0
3719    	6.31, -1.84, -9.14 	-25.39, 15.20, -6.77 	0.00, -0.00 	13,23,23,631		2.41,1.21	1000,1 	0
3727    	6.32, -1.84, -9.14 	-25.39, 15.19, -6.76 	0.00, -0.00 	13,23,23,640		0.88,0.97	1000,1 	0
3736    	6.35, -1.82, -9.14 	-25.40, 15.20, -6.76 	0.00, -0.00 	13,23,23,650		2.99,1.21	1000,1 	0
3745    	6.34, -1.81, -9.13 	-25.40, 15.20, -6.78 	0.00, -0.00 	13,23,23,660		1.20,0.00	1000,1 	0
3753    	6.33, -1.82, -9.14 	-25.39, 15.20, -6.78 	0.00, -0.00 	13,23,23,669		1.20,0.80	1000,1 	0
3762    	6.35, -1.83, -9.13 	-25.39, 15.21, -6.79 	0.00, -0.00 	13,23,23,679		1.83,0.89	1000,1 	0
3771    	6.34, -1.86, -9.13 	-25.40, 15.20, -6.77 	0.00, -0.00 	13,23,23,689		1.95,1.19	1000,1 	0
3779    	6.34, -1.84, -9.13 	-25.36, 15.18, -6.78 	0.00, -0.00 	13,23,23,698		0.89,3.69	1000,1 	0
3788    	6.34, -1.86, -9.13 	-25.37, 15.19, -6.79 	0.00, -0.00 	13,23,23,708		0.89,1.21	1000,1 	0
3797    	6.36, -1.84, -9.13 	-25.39, 15.21, -6.79 	0.00, -0.00 	13,23,23,718		1.84,2.42	1000,1 	0
3805    	6.35, -1.86, -9.12 	-25.41, 15.19, -6.79 	0.00, -0.00 	13,23,23,727		1.20,2.38	1000,1 	0
3814    	6.34, -1.87, -9.12 	-25.41, 15.21, -6.79 	0.00, -0.00 	13,23,23,737		1.11,1.64	1000,1 	0
3823    	6.36, -1.87, -9.11 	-25.41, 15.22, -6.79 	0.00, -0.00 	13,23,23,747		1.61,1.21	1000,1 	0
3832    	6.38, -1.87, -9.11 	-25.41, 15.22, -6.79 	0.00, -0.00 	13,23,23,757		1.61,0.80	1000,1 	0
3840    	6.39, -1.87, -9.11 	-25.42, 15.22, -6.79 	0.00, -0.00 	13,23,23,766		0.88,1.75	1000,1 	0
3849    	6.38, -1.87, -9.11 	-25.41, 15.21, -6.77 	0.00, -0.00 	13,23,23,776		0.80,1.21	1000,1 	0
3858    	6.40, -1.88, -9.11 	-25.42, 15.21, -6.77 	0.00, -0.00 	13,23,23,786		1.83,0.80	1000,1 	0
3866    	6.40, -1.88, -9.11 	-25.43, 15.21, -6.76 	0.00, -0.00 	13,23,23,795		0.00,0.87	1000,1 	0
3875    	6.39, -1.87, -9.11 	-25.43, 15.22, -6.77 	0.00, -0.00 	13,23,23,805		1.20,0.89	1000,1 	0
3884    	6.42, -1.86, -9.11 	-25.44, 15.21, -6.76 	0.00, -0.00 	13,23,23,815		2.57,1.19	1000,1 	0
3892    	6.42, -1.86, -9.11 	-25.46, 15.24, -6.78 	0.00, -0.00 	13,23,23,824		0.00,3.42	1000,1 	0
3901    	6.42, -1.86, -9.11 	-25.44, 15.22, -6.78 	0.00, -0.00 	13,23,23,834		0.00,2.42	1000,1 	0
3910    	6.43, -1.86, -9.11 	-25.44, 15.22, -6.77 	0.00, -0.00 	13,23,23,844		0.80,0.00	1000,1 	0
3918    	6.44, -1.87, -9.11 	-25.46, 15.24, -6.77 	0.00, -0.00 	13,23,23,853		1.20,2.42	1000,1 	0
3927    	6.42, -1.88, -9.10 	-25.45, 15.22, -6.76 	0.00, -0.00 	13,23,23,863		1.84,1.97	1000,1 	0
3936    	6.45, -1.88, -9.10 	-25.44, 15.22, -6.77 	0.00, -0.00 	13,23,23,873		2.41,0.80	1000,1 	0
3944    	6.45, -1.88, -9.10 	-25.44, 15.23, -6.77 	0.00, -0.00 	13,23,23,882		0.00,0.89	1000,1 	0
3953    	6.43, -1.88, -9.10 	-25.43, 15.22, -6.77 	0.00, -0.00 	13,23,23,892		1.61,1.21	0,0 	0
3962    	6.46, -1.87, -9.10 	-25.46, 15.22, -6.76 	0.00, -0.00 	13,23,23,902		2.57,2.41	0,0 	0
3970    	6.44, -1.88, -9.10 	-25.46, 15.24, -6.76 	0.00, -0.00 	13,23,23,911		1.84,1.78	0,0 	0
3979    	6.45, -1.88, -9.10 	-25.45, 15.22, -6.77 	0.00, -0.00 	13,23,23,921		0.80,1.97	0,0 	0
3988    	6.47, -1.88, -9.10 	-25.46, 15.22, -6.76 	0.00, -0.00 	13,23,23,931		1.61,0.80	0,0 	0
3996    	6.45, -1.88, -9.09 	-25.44, 15.24, -6.76 	0.00, -0.00 	13,23,23,940		1.61,2.38	0,0 	0
4006    	6.47, -1.89, -9.09 	-25.44, 15.21, -6.75 	0.00, -0.00 	13,23,23,951		1.83,2.67	0,0 	0
4015    	6.49, -1.91, -9.08 	-25.43, 15.20, -6.77 	0.00, -0.00 	13,23,23,960		2.61,1.32	0,0 	0
4024    	6.49, -1.91, -9.08 	-25.41, 15.19, -6.77 	0.00, -0.00 	13,23,23,970		0.00,2.81	0,0 	0
4032    	6.53, -1.91, -9.09 	-25.40, 15.22, -6.78 	0.00, -0.00 	13,23,23,979		4.82,3.33	0,0 	0
4040    	6.54, -1.92, -9.07 	-25.36, 15.17, -6.77 	0.00, -0.00 	13,23,23,988		1.31,6.03	0,0 	0
4050    	6.58, -1.92, -9.07 	-25.36, 15.19, -6.78 	0.00, -0.00 	13,23,23,999		3.21,1.78	0,0 	0
4058    	6.56, -1.94, -9.07 	-25.33, 15.19, -6.78 	0.00, -0.00 	13,23,24,8		2.87,2.89	0,0 	0
4067    	6.60, -1.95, -9.07 	-25.30, 15.16, -6.75 	0.00, -0.00 	13,23,24,18		3.63,3.95	0,0 	0
4076    	6.63, -1.94, -9.07 	-25.28, 15.13, -6.75 	0.00, -0.00 	13,23,24,28		2.80,2.64	0,0 	0
4084    	6.64, -1.96, -9.07 	-25.26, 15.12, -6.77 	0.00, -0.00 	13,23,24,37		2.34,2.22	0,0 	0
4093    	6.69, -1.97, -9.09 	-25.25, 15.11, -6.75 	0.00, -0.00 	13,23,24,47		4.48,1.32	0,0 	0
4102    	6.76, -1.97, -9.07 	-25.19, 15.11, -6.77 	0.00, -0.00 	13,23,24,57		7.01,5.25	0,0 	0
4110    	6.83, -1.99, -9.07 	-25.18, 15.10, -6.77 	0.00, -0.00 	13,23,24,66		6.43,1.32	0,0 	0
4119    	6.86, -2.04, -9.08 	-25.16, 15.08, -6.77 	0.00, -0.00 	13,23,24,76		4.68,2.64	0,0 	0
4128    	6.93, -2.09, -9.06 	-25.17, 15.09, -6.77 	0.00, -0.00 	13,23,24,86		7.81,1.32	0,0 	0
4136    	6.97, -2.10, -9.05 	-25.15, 15.06, -6.77 	0.00, -0.00 	13,23,24,95		3.63,3.42	0,0 	0
4145    	7.02, -2.12, -9.04 	-25.12, 15.04, -6.77 	0.00, -0.00 	13,23,24,105		4.79,4.03	0,0 	0
4154    	7.07, -2.12, -9.04 	-25.12, 15.03, -6.77 	0.00, -0.00 	13,23,24,115		5.25,0.97	0,0 	0
4162    	7.09, -2.13, -9.05 	-25.12, 15.02, -6.77 	0.00, -0.00 	13,23,24,124		2.00,0.97	0,0 	0
4171    	7.13, -2.13, -9.06 	-25.07, 14.99, -6.77 	0.00, -0.00 	13,23,24,134		3.50,4.81	0,0 	0
4180    	7.15, -2.12, -9.07 	-25.04, 14.97, -6.77 	0.00, -0.00 	13,23,24,144		2.00,3.29	0,0 	0
4189    	7.20, -2.14, -9.05 	-25.07, 14.97, -6.76 	0.00, -0.00 	13,23,24,154		4.79,2.62	0,0 	0
4197    	7.25, -2.16, -9.07 	-25.06, 14.95, -6.77 	0.00, -0.00 	13,23,24,163		4.79,2.14	0,0 	0
4206    	7.26, -2.20, -9.05 	-25.02, 14.93, -6.76 	0.00, -0.00 	13,23,24,173		3.03,4.03	0,0 	0
4215    	7.35, -2.24, -9.04 	-24.99, 14.92, -6.77 	0.00, -0.00 	13,23,24,183		9.57,2.81	0,0 	0
4223    	7.36, -2.23, -9.04 	-25.00, 14.92, -6.76 	0.00, -0.00 	13,23,24,192		1.44,0.96	0,0 	0
4232    	7.38, -2.24, -9.03 	-24.98, 14.90, -6.76 	0.00, -0.00 	13,23,24,202		2.00,2.63	0,0 	0
4241    	7.40, -2.26, -9.03 	-24.94, 14.85, -6.75 	0.00, -0.00 	13,23,24,212		2.61,5.27	0,0 	0
4249    	7.44, -2.27, -9.03 	-24.91, 14.84, -6.75 	0.00, -0.00 	13,23,24,221		4.00,3.09	0,0 	0
4258    	7.44, -2.29, -9.05 	-24.86, 14.79, -6.75 	0.00, -0.00 	13,23,24,231		1.94,6.59	0,0 	0
4267    	7.49, -2.31, -9.04 	-24.82, 14.78, -6.76 	0.00, -0.00 	13,23,24,241		4.79,3.65	0,0 	0
4275    	7.56, -2.32, -9.05 	-24.80, 14.76, -6.76 	0.00, -0.00 	13,23,24,250		7.78,3.62	0,0 	0
4284    	7.60, -2.31, -9.05 	-24.75, 14.70, -6.75 	0.00, -0.00 	13,23,24,260		3.64,6.59	0,0 	0
4293    	7.66, -2.35, -9.05 	-24.68, 14.68, -6.77 	0.00, -0.00 	13,23,24,270		6.00,6.45	0,0 	0
4301    	7.73, -2.39, -9.04 	-24.63, 14.65, -6.77 	0.00, -0.00 	13,23,24,279		7.25,5.29	0,0 	0
4310    	7.79, -2.43, -9.04 	-24.58, 14.62, -6.76 	0.00, -0.00 	13,23,24,289		7.25,5.29	0,0 	0
4319    	7.86, -2.51, -9.04 	-24.53, 14.56, -6.75 	0.00, -0.00 	13,23,24,299		9.14,6.59	0,0 	0
4327    	7.92, -2.56, -9.04 	-24.47, 14.55, -6.77 	0.00, -0.00 	13,23,24,308		7.14,6.22	0,0 	0
4336    	8.02, -2.57, -9.07 	-24.36, 14.47, -6.78 	0.00, -0.00 	13,23,24,318		8.81,11.87	0,0 	0
4345    	8.12, -2.58, -9.07 	-24.30, 14.45, -6.77 	0.00, -0.00 	13,23,24,328		9.68,5.63	0,0 	0
4353    	8.23, -2.63, -9.07 	-24.19, 14.39, -6.77 	0.00, -0.00 	13,23,24,337		10.78,12.09	0,0 	0
4362    	8.35, -2.64, -9.09 	-24.09, 14.33, -6.77 	0.00, -0.00 	13,23,24,347		11.43,10.07	0,0 	0
4371    	8.56, -2.68, -9.12 	-23.95, 14.28, -6.81 	0.00, -0.00 	13,23,24,357		18.62,14.06	0,0 	0
4379    	8.73, -2.68, -9.14 	-23.80, 14.25, -6.81 	0.00, -0.00 	13,23,24,366		15.76,13.49	0,0 	0
4388    	8.89, -2.69, -9.16 	-23.65, 14.20, -6.82 	0.00, -0.00 	13,23,24,376		13.68,13.37	0,0 	0
4397    	9.06, -2.72, -9.20 	-23.46, 14.17, -6.82 	0.00, -0.00 	13,23,24,386		15.17,16.92	0,0 	0
4406    	9.19, -2.81, -9.20 	-23.19, 14.10, -6.82 	0.00, -0.00 	13,23,24,396		14.50,25.27	0,0 	0
4414    	9.35, -2.87, -9.20 	-22.91, 14.02, -6.81 	0.00, -0.00 	13,23,24,405		16.68,29.01	0,0 	0
4423    	9.47, -2.88, -9.23 	-22.58, 13.96, -6.82 	0.00, -0.00 	13,23,24,415		11.43,31.26	0,0 	0
4432    	9.59, -2.87, -9.27 	-22.31, 13.96, -6.84 	0.00, -0.00 	13,23,24,425		10.55,24.50	0,0 	0
4440    	9.76, -2.87, -9.33 	-21.97, 13.95, -6.88 	0.00, -0.00 	13,23,24,434		17.34,33.68	0,0 	0
4448    	9.95, -2.89, -9.38 	-21.65, 13.95, -6.91 	0.00, -0.00 	13,23,24,443		17.62,28.87	0,0 	0
4458    	10.15, -2.94, -9.42 	-21.39, 13.92, -6.93 	0.00, -0.00 	13,23,24,454		17.43,21.86	0,0 	0
4466    	10.32, -2.99, -9.44 	-21.10, 13.84, -6.92 	0.00, -0.00 	13,23,24,463		15.38,27.21	0,0 	0
4475    	10.56, -3.04, -9.50 	-20.87, 13.77, -6.91 	0.00, -0.00 	13,23,24,473		22.42,21.88	0,0 	0
4484    	10.79, -3.07, -9.52 	-20.62, 13.72, -6.88 	0.00, -0.00 	13,23,24,483		21.22,23.33	0,0 	0
4492    	10.98, -3.10, -9.54 	-20.34, 13.67, -6.87 	0.00, -0.00 	13,23,24,492		17.75,25.73	0,0 	0
4501    	11.12, -3.19, -9.54 	-20.05, 13.67, -6.88 	0.00, -0.00 	13,23,24,502		14.50,26.25	0,0 	0
4510    	11.29, -3.26, -9.55 	-19.76, 13.66, -6.91 	0.00, -0.00 	13,23,24,511		17.16,27.15	0,0 	0
4518    	11.55, -3.33, -9.59 	-19.46, 13.65, -6.92 	0.00, -0.00 	13,23,24,520		24.35,27.12	0,0 	0
4527    	11.83, -3.38, -9.61 	-19.14, 13.58, -6.94 	0.00, -0.00 	13,23,24,530		25.85,29.76	0,0 	0
4536    	12.11, -3.41, -9.64 	-18.81, 13.51, -6.95 	0.00, -0.00 	13,23,24,540		25.56,30.40	0,0 	0
4544    	12.40, -3.49, -9.66 	-18.52, 13.42, -6.97 	0.00, -0.00 	13,23,24,549		27.13,27.49	0,0 	0
4553    	12.74, -3.55, -9.69 	-18.19, 13.32, -7.00 	0.00, -0.00 	13,23,24,560		31.19,31.13	0,0 	0
4562    	13.12, -3.60, -9.69 	-17.90, 13.24, -6.98 	0.00, -0.00 	13,23,24,569		48.46,38.95	0,0 	0
4571    	13.45, -3.66, -9.71 	-17.61, 13.15, -6.96 	0.00, -0.00 	13,23,24,579		47.67,43.20	0,0 	0
4579    	13.74, -3.71, -9.75 	-17.33, 13.05, -6.95 	0.00, -0.00 	13,23,24,588		41.98,42.37	0,0 	0
4588    	13.96, -3.84, -9.74 	-16.96, 12.94, -6.98 	0.00, -0.00 	13,23,24,598		31.97,47.82	0,0 	0
4597    	14.18, -3.96, -9.76 	-16.48, 12.81, -7.03 	0.00, -0.00 	13,23,24,608		35.80,71.41	0,0 	0
4605    	14.44, -4.04, -9.79 	-16.01, 12.69, -7.04 	0.00, -0.00 	13,23,24,617		45.61,79.74	0,0 	0
4614    	14.73, -4.10, -9.82 	-15.63, 12.57, -7.03 	0.00, -0.00 	13,23,24,627		36.73,50.14	0,0 	0
4623    	15.06, -4.23, -9.85 	-15.25, 12.42, -7.00 	0.00, -0.00 	13,23,24,637		50.22,58.03	0,0 	0
4631    	15.46, -4.28, -9.86 	-14.85, 12.30, -7.00 	0.00, -0.00 	13,23,24,646		58.30,60.38	0,0 	0
4639    	15.94, -4.34, -9.84 	-14.41, 12.13, -7.01 	0.00, -0.00 	13,23,24,655		60.73,58.51	0,0 	0
4649    	16.35, -4.43, -9.81 	-14.09, 11.94, -6.99 	0.00, -0.00 	13,23,24,666		51.68,47.09	0,0 	0
4657    	16.63, -4.61, -9.77 	-13.74, 11.76, -6.97 	0.00, -0.00 	13,23,24,675		47.55,56.24	0,0 	0
4666    	16.96, -4.73, -9.77 	-13.33, 11.64, -6.97 	0.00, -0.00 	13,23,24,685		44.61,52.84	0,0 	0
4675    	17.34, -4.89, -9.77 	-12.85, 11.46, -6.97 	0.00, -0.00 	13,23,24,695		58.31,73.31	0,0 	0
4683    	17.71, -5.05, -9.76 	-12.42, 11.29, -6.97 	0.00, -0.00 	13,23,24,704		58.31,66.86	0,0 	0
4692    	17.94, -5.29, -9.73 	-12.03, 11.10, -6.96 	0.00, -0.00 	13,23,24,714		41.28,53.52	0,0 	0
4701    	18.16, -5.59, -9.69 	-11.70, 10.98, -6.97 	0.00, -0.00 	13,23,24,724		53.07,49.91	0,0 	0
4709    	18.40, -5.71, -9.73 	-11.29, 10.81, -6.99 	0.00, -0.00 	13,23,24,733		38.25,64.31	0,0 	0
4718    	18.74, -5.79, -9.75 	-10.88, 10.64, -7.01 	0.00, -0.00 	13,23,24,743		44.63,54.64	0,0 	0
4727    	19.11, -5.82, -9.80 	-10.51, 10.47, -7.00 	0.00, -0.00 	13,23,24,753		52.38,58.01	0,0 	0
4735    	19.38, -5.95, -9.77 	-10.23, 10.32, -6.99 	0.00, -0.00 	13,23,24,762		43.31,45.53	0,0 	0
4744    	19.70, -6.15, -9.76 	-9.91, 10.12, -7.00 	0.00, -0.00 	13,23,24,772		46.40,47.77	0,0 	0
4753    	20.18, -6.31, -9.74 	-9.56, 9.92, -7.00 	0.00, -0.00 	13,23,24,782		63.42,50.53	0,0 	0
4762    	20.62, -6.41, -9.68 	-9.25, 9.74, -6.99 	0.00, -0.00 	13,23,24,792		65.10,50.65	0,0 	0
4770    	20.91, -6.57, -9.59 	-8.93, 9.58, -7.00 	0.00, -0.00 	13,23,24,801		47.17,51.14	0,0 	0
4779    	21.06, -6.81, -9.53 	-8.60, 9.44, -7.01 	0.00, -0.00 	13,23,24,811		35.06,44.68	0,0 	0
4788    	21.26, -6.98, -9.52 	-8.24, 9.23, -7.02 	0.00, -0.00 	13,23,24,821		36.74,58.95	0,0 	0
4796    	21.55, -7.05, -9.55 	-7.90, 9.03, -7.00 	0.00, -0.00 	13,23,24,830		49.74,67.38	0,0 	0
4805    	21.86, -7.12, -9.54 	-7.61, 8.80, -7.00 	0.00, -0.00 	13,23,24,840		40.53,46.05	0,0 	0
4814    	22.17, -7.20, -9.54 	-7.34, 8.56, -6.99 	0.00, -0.00 	13,23,24,850		45.68,50.45	0,0 	0
4822    	22.48, -7.32, -9.55 	-7.07, 8.36, -7.01 	0.00, -0.00 	13,23,24,859		47.10,48.56	0,0 	0
4831    	22.86, -7.42, -9.52 	-6.77, 8.10, -7.00 	0.00, -0.00 	13,23,24,869		48.46,49.56	0,0 	0
4840    	23.13, -7.61, -9.42 	-6.47, 7.85, -6.98 	0.00, -0.00 	13,23,24,879		48.39,55.64	0,0 	0
4848    	23.38, -7.84, -9.33 	-6.25, 7.61, -6.97 	0.00, -0.00 	13,23,24,888		47.99,46.49	0,0 	0
4857    	23.54, -8.13, -9.28 	-5.97, 7.41, -6.98 	0.00, -0.00 	13,23,24,898		41.37,43.46	0,0 	0
4866    	23.70, -8.42, -9.27 	-5.74, 7.16, -7.00 	0.00, -0.00 	13,23,24,908		47.28,48.56	0,0 	0
4874    	23.95, -8.64, -9.20 	-5.47, 6.96, -7.00 	0.00, -0.00 	13,23,24,917		47.96,47.64	0,0 	0
4883    	24.08, -8.80, -9.21 	-5.26, 6.77, -7.01 	0.00, -0.00 	13,23,24,927		25.37,35.15	0,0 	0
4892    	24.17, -9.01, -9.15 	-5.03, 6.58, -7.01 	0.00, -0.00 	13,23,24,937		33.40,43.27	0,0 	0
4901    	24.37, -9.15, -9.10 	-4.82, 6.39, -7.06 	0.00, -0.00 	13,23,24,947		33.89,40.16	0,0 	0
4910    	24.53, -9.14, -9.09 	-4.54, 6.18, -7.06 	0.00, -0.00 	13,23,24,956		23.45,50.59	0,0 	0
4919    	24.76, -9.20, -9.05 	-4.34, 5.97, -7.08 	0.00, -0.00 	13,23,24,966		39.54,46.99	0,0 	0
4927    	24.97, -9.29, -9.04 	-4.10, 5.78, -7.10 	0.00, -0.00 	13,23,24,975		38.76,51.73	0,0 	0
4936    	25.26, -9.35, -9.00 	-3.92, 5.59, -7.11 	0.00, -0.00 	13,23,24,985		41.98,37.11	0,0 	0
4945    	25.45, -9.56, -8.93 	-3.74, 5.31, -7.08 	0.00, -0.00 	13,23,24,995		41.03,47.11	0,0 	0
4954    	25.73, -9.86, -8.85 	-3.62, 5.02, -7.06 	0.00, -0.00 	13,23,25,5		68.10,52.73	0,0 	0
4962    	25.92, -10.07, -8.76 	-3.58, 4.79, -7.01 	0.00, -0.00 	13,23,25,14		46.80,39.57	0,0 	0
4971    	26.06, -10.34, -8.71 	-3.51, 4.63, -7.00 	0.00, -0.00 	13,23,25,24		43.28,25.56	0,0 	0
4980    	26.16, -10.45, -8.69 	-3.39, 4.46, -7.00 	0.00, -0.00 	13,23,25,34		25.28,34.64	0,0 	0
4988    	26.23, -10.60, -8.66 	-3.25, 4.34, -7.00 	0.00, -0.00 	13,23,25,43		27.97,30.03	0,0 	0
4996    	26.29, -10.71, -8.65 	-3.08, 4.15, -6.98 	0.00, -0.00 	13,23,25,52		17.31,36.14	0,0 	0
5006    	26.42, -10.70, -8.67 	-2.92, 3.99, -6.98 	0.00, -0.00 	13,23,25,63		17.96,32.98	0,0 	0
5014    	26.53, -10.66, -8.70 	-2.75, 3.80, -6.97 	0.00, -0.00 	13,23,25,72		20.54,42.41	0,0 	0
5023    	26.71, -10.65, -8.68 	-2.52, 3.59, -6.95 	0.00, -0.00 	13,23,25,82		26.19,44.27	0,0 	0
5032    	26.83, -10.82, -8.64 	-2.41, 3.40, -6.96 	0.00, -0.00 	13,23,25,92		34.32,36.84	0,0 	0
5040    	26.93, -10.94, -8.62 	-2.34, 3.16, -6.92 	0.00, -0.00 	13,23,25,101		26.67,40.94	0,0 	0
5049    	27.00, -11.16, -8.53 	-2.31, 2.99, -6.93 	0.00, -0.00 	13,23,25,111		32.36,24.85	0,0 	0
5058    	27.03, -11.21, -8.52 	-2.29, 2.86, -6.96 	0.00, -0.00 	13,23,25,121		10.10,21.67	0,0 	0
5066    	27.15, -11.18, -8.52 	-2.28, 2.79, -7.00 	0.00, -0.00 	13,23,25,130		19.99,12.60	0,0 	0
5075    	27.19, -11.14, -8.53 	-2.20, 2.68, -7.00 	0.00, -0.00 	13,23,25,140		8.21,18.96	0,0 	0
5084    	27.23, -11.24, -8.51 	-2.17, 2.56, -7.00 	0.00, -0.00 	13,23,25,150		19.48,20.25	0,0 	0
5092    	27.30, -11.36, -8.49 	-2.17, 2.47, -7.00 	0.00, -0.00 	13,23,25,159		22.53,16.04	0,0 	0
5101    	27.41, -11.39, -8.50 	-2.11, 2.38, -6.98 	0.00, -0.00 	13,23,25,169		15.81,14.85	0,0 	0
5110    	27.51, -11.54, -8.43 	-2.08, 2.28, -7.00 	0.00, -0.00 	13,23,25,179		30.49,19.03	0,0 	0
5118    	27.64, -11.67, -8.40 	-2.00, 2.18, -7.01 	0.00, -0.00 	13,23,25,188		29.82,20.69	0,0 	0
5127    	27.71, -11.85, -8.33 	-1.99, 2.05, -7.00 	0.00, -0.00 	13,23,25,198		27.60,18.40	0,0 	0
5136    	27.71, -12.00, -8.28 	-1.95, 1.93, -6.98 	0.00, -0.00 	13,23,25,208		21.35,17.76	0,0 	0
5145    	27.84, -12.13, -8.24 	-1.89, 1.84, -6.95 	0.00, -0.00 	13,23,25,218		29.82,18.83	0,0 	0
5153    	27.89, -12.19, -8.20 	-1.86, 1.74, -6.94 	0.00, -0.00 	13,23,25,227		13.34,16.81	0,0 	0
5161    	27.97, -12.27, -8.23 	-1.85, 1.69, -6.93 	0.00, -0.00 	13,23,25,236		15.32,7.78	0,0 	0
5171    	27.98, -12.28, -8.21 	-1.79, 1.62, -6.93 	0.00, -0.00 	13,23,25,247		3.14,12.42	0,0 	0
5179    	28.01, -12.39, -8.18 	-1.75, 1.61, -6.92 	0.00, -0.00 	13,23,25,256		24.14,8.02	0,0 	0
5188    	27.96, -12.46, -8.17 	-1.70, 1.57, -6.91 	0.00, -0.00 	13,23,25,266		12.32,9.27	0,0 	0
5197    	28.02, -12.46, -8.12 	-1.64, 1.54, -6.88 	0.00, -0.00 	13,23,25,276		11.24,11.83	0,0 	0
5205    	28.04, -12.40, -8.17 	-1.62, 1.58, -6.90 	0.00, -0.00 	13,23,25,285		9.44,6.19	0,0 	0
5214    	28.10, -12.40, -8.17 	-1.59, 1.58, -6.88 	0.00, -0.00 	13,23,25,295		4.82,2.41	0,0 	0
5223    	28.16, -12.41, -8.13 	-1.55, 1.55, -6.85 	0.00, -0.00 	13,23,25,305		4.82,3.69	0,0 	0
5231    	28.23, -12.48, -8.11 	-1.51, 1.59, -6.82 	0.00, -0.00 	13,23,25,314		9.75,4.52	0,0 	0
5240    	28.25, -12.55, -8.10 	-1.54, 1.59, -6.82 	0.00, -0.00 	13,23,25,324		6.42,2.41	0,0 	0
5249    	28.28, -12.56, -8.08 	-1.53, 1.61, -6.80 	0.00, -0.00 	13,23,25,334		2.57,1.94	0,0 	0
5257    	28.22, -12.65, -8.09 	-1.46, 1.65, -6.81 	0.00, -0.00 	13,23,25,343		9.37,7.20	0,0 	0
5266    	28.30, -12.67, -8.11 	-1.40, 1.72, -6.83 	0.00, -0.00 	13,23,25,353		6.66,8.33	0,0 	0
5275    	28.34, -12.70, -8.08 	-1.36, 1.75, -6.82 	0.00, -0.00 	13,23,25,363		4.17,3.65	0,0 	0
5283    	28.35, -12.78, -8.07 	-1.33, 1.80, -6.82 	0.00, -0.00 	13,23,25,372		6.84,5.49	0,0 	0
5292    	28.40, -12.84, -8.06 	-1.27, 1.85, -6.83 	0.00, -0.00 	13,23,25,382		6.67,6.51	0,0 	0
5301    	28.41, -12.92, -8.02 	-1.20, 1.88, -6.82 	0.00, -0.00 	13,23,25,392		6.84,7.54	0,0 	0
5309    	28.53, -12.93, -8.00 	-1.20, 1.89, -6.79 	0.00, -0.00 	13,23,25,401		12.57,1.07	0,0 	0
5318    	28.58, -13.00, -8.00 	-1.19, 1.93, -6.78 	0.00, -0.00 	13,23,25,411		8.07,3.03	0,0 	0
5327    	28.54, -13.16, -7.94 	-1.12, 1.93, -6.76 	0.00, -0.00 	13,23,25,421		14.95,6.12	0,0 	0
5336    	28.66, -13.22, -7.95 	-1.06, 1.92, -6.76 	0.00, -0.00 	13,23,25,431		12.73,5.77	0,0 	0
5344    	28.64, -13.33, -7.88 	-0.96, 1.89, -6.75 	0.00, -0.00 	13,23,25,440		11.88,11.11	0,0 	0
5352    	28.66, -13.42, -7.88 	-0.90, 1.91, -6.74 	0.00, -0.00 	13,23,25,449		7.94,5.57	0,0 	0
5362    	28.70, -13.43, -7.89 	-0.86, 1.87, -6.74 	0.00, -0.00 	13,23,25,460		3.63,5.27	0,0 	0
5370    	28.73, -13.40, -7.88 	-0.79, 1.83, -6.74 	0.00, -0.00 	13,23,25,469		5.01,8.03	0,0 	0
5379    	28.85, -13.44, -7.89 	-0.73, 1.77, -6.74 	0.00, -0.00 	13,23,25,479		11.20,7.21	0,0 	0
5388    	28.91, -13.50, -7.88 	-0.71, 1.74, -6.74 	0.00, -0.00 	13,23,25,489		8.62,3.77	0,0 	0
5396    	28.97, -13.61, -7.85 	-0.71, 1.72, -6.73 	0.00, -0.00 	13,23,25,498		11.02,2.14	0,0 	0
5405    	29.05, -13.72, -7.84 	-0.69, 1.68, -6.71 	0.00, -0.00 	13,23,25,508		12.48,4.29	0,0 	0
5414    	29.12, -13.87, -7.77 	-0.69, 1.62, -6.70 	0.00, -0.00 	13,23,25,518		14.88,4.86	0,0 	0
5422    	29.19, -14.03, -7.73 	-0.69, 1.59, -6.69 	0.00, -0.00 	13,23,25,527		17.34,3.33	0,0 	0
5431    	29.15, -14.29, -7.63 	-0.68, 1.54, -6.70 	0.00, -0.00 	13,23,25,537		24.47,4.95	0,0 	0
5440    	29.10, -14.53, -7.59 	-0.66, 1.52, -6.70 	0.00, -0.00 	13,23,25,547		21.76,3.29	0,0 	0
5448    	29.10, -14.63, -7.55 	-0.60, 1.48, -6.72 	0.00, -0.00 	13,23,25,556		10.65,6.65	0,0 	0
5457    	29.19, -14.63, -7.55 	-0.55, 1.46, -6.73 	0.00, -0.00 	13,23,25,566		7.88,4.81	0,0 	0
5466    	29.26, -14.63, -7.55 	-0.49, 1.42, -6.73 	0.00, -0.00 	13,23,25,576		7.01,6.58	0,0 	0
5474    	29.33, -14.70, -7.53 	-0.48, 1.35, -6.72 	0.00, -0.00 	13,23,25,585		9.29,6.50	0,0 	0
5483    	29.37, -14.76, -7.48 	-0.43, 1.27, -6.71 	0.00, -0.00 	13,23,25,595		6.78,8.98	0,0 	0
