#Time 	Sensor1         Sensor2         Target          Time            Vel             
#================================================================

16      	30.02, -15.20, -7.28 	-0.11, 0.95, -6.63 	19.28, 22.98 	13,22,52,225		0.00,0.00	0,0 	0
22      	30.02, -15.19, -7.26 	-0.11, 0.95, -6.63 	19.28, 22.98 	13,22,52,235		1.78,0.00	0,0 	0
31      	30.00, -15.15, -7.27 	-0.09, 0.95, -6.63 	19.28, 22.98 	13,22,52,245		4.15,2.14	0,0 	0
39      	30.00, -15.14, -7.27 	-0.09, 0.95, -6.63 	19.28, 22.98 	13,22,52,254		1.33,0.00	0,0 	0
48      	30.04, -15.12, -7.28 	-0.09, 0.95, -6.63 	19.28, 22.98 	13,22,52,264		4.89,0.00	0,0 	0
57      	29.99, -15.14, -7.26 	-0.09, 0.95, -6.63 	19.28, 22.98 	13,22,52,274		5.85,0.00	0,0 	0
65      	30.02, -15.11, -7.26 	-0.09, 0.97, -6.62 	19.28, 22.98 	13,22,52,283		5.39,1.34	0,0 	0
74      	30.04, -15.15, -7.25 	-0.09, 0.97, -6.62 	19.28, 22.98 	13,22,52,293		5.20,0.00	0,0 	0
83      	30.05, -15.18, -7.24 	-0.08, 0.97, -6.62 	19.28, 22.98 	13,22,52,303		2.60,1.07	0,0 	0
91      	30.08, -15.13, -7.26 	-0.08, 0.95, -6.62 	19.28, 22.98 	13,22,52,312		6.44,1.34	0,0 	0
100     	30.08, -15.13, -7.26 	-0.06, 0.97, -6.62 	19.28, 22.98 	13,22,52,322		0.00,2.43	0,0 	0
109     	30.08, -15.13, -7.26 	-0.06, 0.98, -6.63 	19.28, 22.98 	13,22,52,332		0.00,1.19	0,0 	0
117     	30.12, -15.12, -7.27 	-0.06, 0.96, -6.62 	19.28, 22.98 	13,22,52,341		5.00,1.81	0,0 	0
126     	30.09, -15.17, -7.28 	-0.08, 0.98, -6.61 	19.28, 22.98 	13,22,52,351		5.72,3.44	0,0 	0
135     	30.06, -15.15, -7.28 	-0.09, 0.99, -6.61 	19.28, 22.98 	13,22,52,361		3.42,1.61	0,0 	0
144     	30.06, -15.17, -7.28 	-0.14, 0.98, -6.63 	19.28, 22.98 	13,22,52,371		1.18,5.46	0,0 	0
152     	30.11, -15.15, -7.26 	-0.07, 0.98, -6.62 	19.28, 22.98 	13,22,52,380		6.17,8.42	0,0 	0
161     	30.12, -15.17, -7.25 	-0.15, 0.98, -6.62 	19.28, 22.98 	13,22,52,390		1.60,8.55	0,0 	0
170     	30.11, -15.17, -7.22 	-0.08, 0.98, -6.61 	19.28, 22.98 	13,22,52,400		1.07,7.49	0,0 	0
178     	30.15, -15.13, -7.23 	-0.12, 0.99, -6.64 	19.28, 22.98 	13,22,52,409		6.26,5.01	0,0 	0
187     	30.16, -15.18, -7.22 	-0.15, 0.98, -6.65 	19.28, 22.98 	13,22,52,419		4.85,3.40	0,0 	0
196     	30.16, -15.17, -7.22 	-0.09, 0.99, -6.64 	19.28, 22.98 	13,22,52,429		1.18,6.51	0,0 	0
204     	30.16, -15.17, -7.22 	-0.13, 0.98, -6.63 	19.28, 22.98 	13,22,52,438		0.00,4.97	0,0 	0
213     	30.12, -15.15, -7.22 	-0.12, 0.99, -6.62 	19.28, 22.98 	13,22,52,448		4.44,1.59	0,0 	0
222     	30.17, -15.17, -7.22 	-0.11, 0.99, -6.63 	19.28, 22.98 	13,22,52,458		5.48,1.07	0,0 	0
230     	30.21, -15.14, -7.22 	-0.16, 1.01, -6.65 	19.28, 22.98 	13,22,52,467		5.51,6.62	0,0 	0
239     	30.15, -15.15, -7.20 	-0.08, 1.00, -6.64 	19.28, 22.98 	13,22,52,477		6.53,8.65	0,0 	0
248     	30.15, -15.15, -7.20 	-0.14, 0.99, -6.63 	19.28, 22.98 	13,22,52,487		0.00,6.51	0,0 	0
256     	30.20, -15.14, -7.20 	-0.13, 0.99, -6.64 	19.28, 22.98 	13,22,52,496		6.17,1.20	0,0 	0
265     	30.19, -15.13, -7.21 	-0.13, 0.99, -6.64 	19.28, 22.98 	13,22,52,506		1.60,0.00	0,0 	0
274     	30.15, -15.12, -7.21 	-0.15, 0.98, -6.64 	19.28, 22.98 	13,22,52,516		4.44,2.43	0,0 	0
282     	30.15, -15.12, -7.21 	-0.12, 0.99, -6.63 	19.28, 22.98 	13,22,52,525		0.00,3.83	0,0 	0
291     	30.15, -15.12, -7.21 	-0.21, 0.97, -6.63 	19.28, 22.98 	13,22,52,535		0.00,9.88	0,0 	0
300     	30.12, -15.17, -7.21 	-0.12, 0.98, -6.62 	19.28, 22.98 	13,22,52,545		5.72,9.68	0,0 	0
308     	30.11, -15.18, -7.22 	-0.21, 0.98, -6.62 	19.28, 22.98 	13,22,52,554		1.80,10.83	0,0 	0
317     	30.12, -15.21, -7.21 	-0.14, 1.00, -6.63 	19.28, 22.98 	13,22,52,564		3.71,7.82	0,0 	0
326     	30.17, -15.22, -7.21 	-0.16, 0.97, -6.63 	19.28, 22.98 	13,22,52,574		5.48,4.13	0,0 	0
335     	30.17, -15.22, -7.21 	-0.13, 0.99, -6.63 	19.28, 22.98 	13,22,52,584		0.00,3.96	0,0 	0
343     	30.16, -15.21, -7.22 	-0.18, 0.98, -6.63 	19.28, 22.98 	13,22,52,593		1.79,6.14	0,0 	0
352     	30.15, -15.19, -7.19 	-0.12, 0.99, -6.61 	19.28, 22.98 	13,22,52,603		2.60,6.51	0,0 	0
361     	30.12, -15.25, -7.19 	-0.22, 0.97, -6.61 	19.28, 22.98 	13,22,52,613		7.80,10.92	0,0 	0
369     	30.12, -15.25, -7.19 	-0.15, 0.97, -6.60 	19.28, 22.98 	13,22,52,622		0.00,8.42	0,0 	0
378     	30.07, -15.25, -7.20 	-0.17, 0.96, -6.62 	19.28, 22.98 	13,22,52,632		5.35,2.43	0,0 	0
387     	30.06, -15.23, -7.21 	-0.14, 0.98, -6.61 	19.28, 22.98 	13,22,52,642		2.60,3.96	0,0 	0
395     	30.06, -15.23, -7.21 	-0.18, 1.00, -6.62 	19.28, 22.98 	13,22,52,651		0.00,5.54	0,0 	0
404     	30.07, -15.23, -7.21 	-0.14, 1.01, -6.64 	19.28, 22.98 	13,22,52,661		1.07,4.42	0,0 	0
413     	30.09, -15.19, -7.20 	-0.16, 1.02, -6.63 	19.28, 22.98 	13,22,52,671		5.20,2.46	0,0 	0
421     	30.10, -15.23, -7.21 	-0.17, 1.02, -6.62 	19.28, 22.98 	13,22,52,680		5.46,1.20	0,0 	0
430     	30.14, -15.21, -7.22 	-0.17, 1.01, -6.61 	19.28, 22.98 	13,22,52,690		4.89,1.19	0,0 	0
439     	30.16, -15.25, -7.21 	-0.17, 1.01, -6.63 	19.28, 22.98 	13,22,52,700		5.20,0.00	0,0 	0
447     	30.12, -15.27, -7.21 	-0.15, 1.00, -6.63 	19.28, 22.98 	13,22,52,709		5.51,2.77	0,0 	0
456     	30.12, -15.27, -7.21 	-0.17, 1.00, -6.62 	19.28, 22.98 	13,22,52,719		0.00,2.14	0,0 	0
465     	30.08, -15.27, -7.21 	-0.18, 1.00, -6.62 	19.28, 22.98 	13,22,52,729		4.28,1.07	0,0 	0
473     	30.09, -15.30, -7.19 	-0.17, 1.01, -6.64 	19.28, 22.98 	13,22,52,738		4.17,1.78	0,0 	0
482     	30.09, -15.30, -7.19 	-0.17, 1.01, -6.64 	19.28, 22.98 	13,22,52,748		0.00,0.00	0,0 	0
491     	30.12, -15.27, -7.19 	-0.15, 1.01, -6.63 	19.28, 22.98 	13,22,52,758		4.79,2.14	0,0 	0
499     	30.12, -15.27, -7.19 	-0.18, 1.00, -6.63 	19.28, 22.98 	13,22,52,767		0.00,3.83	0,0 	0
508     	30.16, -15.27, -7.17 	-0.19, 1.01, -6.63 	19.28, 22.98 	13,22,52,777		4.28,1.61	0,0 	0
517     	30.12, -15.29, -7.18 	-0.19, 1.01, -6.63 	19.28, 22.98 	13,22,52,786		4.89,0.00	0,0 	0
526     	30.12, -15.30, -7.18 	-0.20, 1.00, -6.62 	19.28, 22.98 	13,22,52,796		1.18,1.59	0,0 	0
534     	30.12, -15.30, -7.18 	-0.20, 0.99, -6.62 	19.28, 22.98 	13,22,52,805		0.00,1.34	0,0 	0
543     	30.15, -15.28, -7.18 	-0.19, 1.00, -6.62 	19.28, 22.98 	13,22,52,815		3.99,1.59	0,0 	0
552     	30.20, -15.25, -7.18 	-0.18, 0.99, -6.62 	19.28, 22.98 	13,22,52,825		6.43,1.61	0,0 	0
560     	30.11, -15.26, -7.18 	-0.17, 0.99, -6.63 	19.28, 22.98 	13,22,52,834		10.92,1.20	0,0 	0
569     	30.10, -15.27, -7.18 	-0.17, 0.99, -6.63 	19.28, 22.98 	13,22,52,844		1.60,0.00	0,0 	0
578     	30.11, -15.27, -7.18 	-0.18, 1.01, -6.63 	19.28, 22.98 	13,22,52,854		1.07,2.62	0,0 	0
586     	30.10, -15.26, -7.18 	-0.18, 0.99, -6.63 	19.28, 22.98 	13,22,52,863		1.79,2.67	0,0 	0
595     	30.20, -15.25, -7.18 	-0.17, 0.99, -6.63 	19.28, 22.98 	13,22,52,873		10.77,1.07	0,0 	0
604     	30.20, -15.25, -7.19 	-0.19, 1.02, -6.63 	19.28, 22.98 	13,22,52,883		0.00,4.18	0,0 	0
612     	30.20, -15.25, -7.18 	-0.18, 1.03, -6.63 	19.28, 22.98 	13,22,52,892		0.00,1.78	0,0 	0
621     	30.20, -15.25, -7.18 	-0.17, 1.02, -6.62 	19.28, 22.98 	13,22,52,902		0.00,1.61	0,0 	0
630     	30.17, -15.30, -7.15 	-0.21, 1.02, -6.62 	19.28, 22.98 	13,22,52,912		6.74,4.28	0,0 	0
638     	30.16, -15.30, -7.15 	-0.21, 1.02, -6.62 	19.28, 22.98 	13,22,52,921		1.20,0.00	0,0 	0
647     	30.12, -15.30, -7.16 	-0.21, 1.01, -6.63 	19.28, 22.98 	13,22,52,931		4.28,1.19	0,0 	0
656     	30.12, -15.30, -7.16 	-0.22, 1.00, -6.62 	19.28, 22.98 	13,22,52,941		0.00,1.59	0,0 	0
664     	30.12, -15.30, -7.16 	-0.21, 1.02, -6.63 	19.28, 22.98 	13,22,52,950		0.00,2.91	0,0 	0
673     	30.15, -15.26, -7.14 	-0.21, 1.01, -6.63 	19.28, 22.98 	13,22,52,960		5.72,1.19	0,0 	0
682     	30.14, -15.25, -7.13 	-0.22, 1.03, -6.63 	19.28, 22.98 	13,22,52,970		1.60,2.62	0,0 	0
691     	30.21, -15.23, -7.16 	-0.22, 1.03, -6.63 	19.28, 22.98 	13,22,52,980		7.86,0.00	0,0 	0
699     	30.27, -15.18, -7.17 	-0.20, 1.03, -6.62 	19.28, 22.98 	13,22,52,989		10.75,2.41	0,0 	0
708     	30.24, -15.22, -7.15 	-0.20, 1.03, -6.62 	19.28, 22.98 	13,22,52,999		5.72,0.00	0,0 	0
717     	30.24, -15.22, -7.15 	-0.20, 1.03, -6.62 	19.28, 22.98 	13,22,53,9		0.00,0.00	0,0 	0
725     	30.22, -15.24, -7.13 	-0.20, 1.03, -6.62 	19.28, 22.98 	13,22,53,18		4.49,0.00	0,0 	0
734     	30.22, -15.24, -7.13 	-0.19, 1.03, -6.62 	19.28, 22.98 	13,22,53,28		0.00,1.07	0,0 	0
744     	30.22, -15.24, -7.13 	-0.19, 1.02, -6.62 	19.28, 22.98 	13,22,53,39		0.00,1.07	0,0 	0
751     	30.22, -15.24, -7.13 	-0.18, 1.02, -6.62 	19.28, 22.98 	13,22,53,47		0.00,1.37	0,0 	0
760     	30.22, -15.24, -7.13 	-0.19, 1.03, -6.61 	19.28, 22.98 	13,22,53,57		0.00,1.61	0,0 	0
770     	30.20, -15.21, -7.17 	-0.19, 1.04, -6.63 	19.28, 22.98 	13,22,53,68		3.73,1.07	0,0 	0
777     	30.16, -15.24, -7.18 	-0.19, 1.04, -6.63 	19.28, 22.98 	13,22,53,76		7.15,0.00	0,0 	0
786     	30.16, -15.25, -7.18 	-0.19, 1.04, -6.63 	19.28, 22.98 	13,22,53,86		1.18,0.00	0,0 	0
795     	30.16, -15.25, -7.18 	-0.19, 1.04, -6.62 	19.28, 22.98 	13,22,53,96		0.00,0.00	0,0 	0
803     	30.16, -15.25, -7.16 	-0.19, 1.04, -6.62 	19.28, 22.98 	13,22,53,105		0.00,0.00	0,0 	0
812     	30.17, -15.26, -7.16 	-0.23, 1.02, -6.62 	19.28, 22.98 	13,22,53,115		1.60,4.86	0,0 	0
821     	30.18, -15.28, -7.14 	-0.23, 1.02, -6.62 	19.28, 22.98 	13,22,53,125		2.60,0.00	0,0 	0
829     	30.16, -15.25, -7.16 	-0.23, 1.02, -6.62 	19.28, 22.98 	13,22,53,134		4.66,0.00	0,0 	0
838     	30.16, -15.24, -7.14 	-0.23, 1.02, -6.62 	19.28, 22.98 	13,22,53,144		1.18,0.00	0,0 	0
847     	30.16, -15.24, -7.14 	-0.23, 1.02, -6.62 	19.28, 22.98 	13,22,53,154		0.00,0.00	0,0 	0
855     	30.15, -15.23, -7.16 	-0.23, 1.02, -6.62 	19.28, 22.98 	13,22,53,163		1.79,0.00	0,0 	0
864     	30.13, -15.23, -7.16 	-0.23, 1.02, -6.62 	19.28, 22.98 	13,22,53,173		2.14,0.00	0,0 	0
873     	30.18, -15.20, -7.16 	-0.22, 1.03, -6.61 	19.28, 22.98 	13,22,53,183		6.43,1.59	0,0 	0
882     	30.21, -15.18, -7.16 	-0.22, 1.03, -6.61 	19.28, 22.98 	13,22,53,193		3.99,0.00	0,0 	0
890     	30.23, -15.19, -7.15 	-0.23, 1.02, -6.61 	19.28, 22.98 	13,22,53,202		2.75,1.78	0,0 	0
899     	30.21, -15.14, -7.15 	-0.22, 1.02, -6.60 	19.28, 22.98 	13,22,53,212		5.20,1.07	0,0 	0
908     	30.21, -15.13, -7.15 	-0.22, 1.02, -6.60 	19.28, 22.98 	13,22,53,222		1.18,0.00	0,0 	0
916     	30.22, -15.18, -7.14 	-0.21, 1.03, -6.62 	19.28, 22.98 	13,22,53,231		5.46,1.78	0,0 	0
925     	30.23, -15.18, -7.14 	-0.20, 1.03, -6.61 	19.28, 22.98 	13,22,53,241		1.07,1.07	0,0 	0
934     	30.20, -15.22, -7.15 	-0.20, 1.03, -6.61 	19.28, 22.98 	13,22,53,251		5.72,0.00	0,0 	0
942     	30.13, -15.27, -7.14 	-0.24, 1.03, -6.61 	19.28, 22.98 	13,22,53,260		10.75,4.81	0,0 	0
951     	30.12, -15.26, -7.14 	-0.24, 1.04, -6.63 	19.28, 22.98 	13,22,53,270		1.60,1.19	0,0 	0
960     	30.14, -15.23, -7.13 	-0.24, 1.04, -6.63 	19.28, 22.98 	13,22,53,280		4.15,0.00	0,0 	0
968     	30.15, -15.23, -7.13 	-0.24, 1.04, -6.63 	19.28, 22.98 	13,22,53,289		1.20,0.00	0,0 	0
977     	30.19, -15.20, -7.13 	-0.22, 1.04, -6.62 	19.28, 22.98 	13,22,53,299		5.56,2.14	0,0 	0
986     	30.18, -15.21, -7.13 	-0.22, 1.04, -6.62 	19.28, 22.98 	13,22,53,309		1.60,0.00	0,0 	0
994     	30.19, -15.20, -7.13 	-0.22, 1.04, -6.62 	19.28, 22.98 	13,22,53,318		1.80,0.00	0,0 	0
1003    	30.15, -15.22, -7.13 	-0.22, 1.04, -6.62 	19.28, 22.98 	13,22,53,328		4.89,0.00	1000,1 	0
1012    	30.15, -15.23, -7.13 	-0.22, 1.05, -6.62 	19.28, 22.98 	13,22,53,338		1.18,1.19	1000,1 	0
1020    	30.15, -15.23, -7.13 	-0.26, 1.05, -6.62 	19.28, 22.98 	13,22,53,347		0.00,4.81	1000,1 	0
1029    	30.19, -15.21, -7.13 	-0.25, 1.05, -6.62 	19.28, 22.98 	13,22,53,357		4.89,1.07	1000,1 	0
1038    	30.18, -15.20, -7.15 	-0.25, 1.05, -6.62 	19.28, 22.98 	13,22,53,367		1.60,0.00	1000,1 	0
1047    	30.17, -15.20, -7.15 	-0.25, 1.05, -6.62 	19.28, 22.98 	13,22,53,377		1.07,0.00	1000,1 	0
1055    	30.21, -15.18, -7.15 	-0.25, 1.05, -6.62 	19.28, 22.98 	13,22,53,386		5.51,0.00	1000,1 	0
1064    	30.22, -15.21, -7.14 	-0.25, 1.05, -6.62 	19.28, 22.98 	13,22,53,396		3.71,0.00	1000,1 	0
1073    	30.21, -15.19, -7.12 	-0.25, 1.05, -6.62 	19.28, 22.98 	13,22,53,406		2.60,0.00	1000,1 	0
1081    	30.21, -15.21, -7.13 	-0.25, 1.05, -6.62 	19.28, 22.98 	13,22,53,415		2.66,0.00	1000,1 	0
1090    	30.22, -15.24, -7.11 	-0.25, 1.05, -6.62 	19.28, 22.98 	13,22,53,425		3.71,0.00	1000,1 	0
1099    	30.22, -15.23, -7.11 	-0.25, 1.06, -6.63 	19.28, 22.98 	13,22,53,435		1.18,1.19	1000,1 	0
1107    	30.22, -15.23, -7.11 	-0.25, 1.06, -6.63 	19.28, 22.98 	13,22,53,444		0.00,0.00	1000,1 	0
1116    	30.23, -15.25, -7.12 	-0.24, 1.06, -6.63 	19.28, 22.98 	13,22,53,454		2.60,1.07	1000,1 	0
1126    	30.22, -15.25, -7.12 	-0.24, 1.06, -6.63 	19.28, 22.98 	13,22,53,465		0.96,0.00	1000,1 	0
1133    	30.23, -15.25, -7.12 	-0.24, 1.05, -6.63 	19.28, 22.98 	13,22,53,473		1.38,1.53	1000,1 	0
1142    	30.23, -15.25, -7.12 	-0.24, 1.05, -6.63 	19.28, 22.98 	13,22,53,483		0.00,0.00	1000,1 	0
1151    	30.23, -15.20, -7.13 	-0.24, 1.05, -6.63 	19.28, 22.98 	13,22,53,493		6.02,0.00	1000,1 	0
1159    	30.24, -15.20, -7.12 	-0.24, 1.06, -6.64 	19.28, 22.98 	13,22,53,502		1.20,1.34	1000,1 	0
1168    	30.24, -15.21, -7.12 	-0.23, 1.06, -6.64 	19.28, 22.98 	13,22,53,512		1.18,1.07	1000,1 	0
1177    	30.29, -15.20, -7.12 	-0.23, 1.06, -6.64 	19.28, 22.98 	13,22,53,522		5.48,0.00	1000,1 	0
1185    	30.29, -15.19, -7.12 	-0.24, 1.05, -6.64 	19.28, 22.98 	13,22,53,531		1.33,1.78	1000,1 	0
1194    	30.32, -15.16, -7.12 	-0.23, 1.05, -6.63 	19.28, 22.98 	13,22,53,541		4.79,1.07	1000,1 	0
1203    	30.23, -15.19, -7.15 	-0.23, 1.05, -6.63 	19.28, 22.98 	13,22,53,551		10.27,0.00	1000,1 	0
1211    	30.23, -15.20, -7.15 	-0.23, 1.06, -6.64 	19.28, 22.98 	13,22,53,560		1.80,1.34	1000,1 	0
1220    	30.27, -15.16, -7.14 	-0.23, 1.07, -6.64 	19.28, 22.98 	13,22,53,570		7.15,1.19	1000,1 	0
1229    	30.31, -15.11, -7.13 	-0.23, 1.07, -6.64 	19.28, 22.98 	13,22,53,580		6.39,0.00	1000,1 	0
1237    	30.31, -15.11, -7.13 	-0.23, 1.07, -6.64 	19.28, 22.98 	13,22,53,589		0.00,0.00	1000,1 	0
1246    	30.31, -15.11, -7.13 	-0.22, 1.05, -6.64 	19.28, 22.98 	13,22,53,599		0.00,2.62	1000,1 	0
1255    	30.32, -15.16, -7.14 	-0.22, 1.05, -6.64 	19.28, 22.98 	13,22,53,609		4.85,0.00	1000,1 	0
1264    	30.32, -15.16, -7.14 	-0.23, 1.06, -6.64 	19.28, 22.98 	13,22,53,619		0.00,1.61	1000,1 	0
1272    	30.31, -15.17, -7.14 	-0.23, 1.06, -6.64 	19.28, 22.98 	13,22,53,628		1.80,0.00	1000,1 	0
1281    	30.32, -15.17, -7.14 	-0.21, 1.06, -6.64 	19.28, 22.98 	13,22,53,638		1.07,2.14	1000,1 	0
1290    	30.28, -15.19, -7.12 	-0.21, 1.06, -6.64 	19.28, 22.98 	13,22,53,648		4.89,0.00	1000,1 	0
1298    	30.25, -15.21, -7.12 	-0.21, 1.07, -6.63 	19.28, 22.98 	13,22,53,657		4.49,1.34	1000,1 	0
1307    	30.25, -15.23, -7.13 	-0.23, 1.08, -6.64 	19.28, 22.98 	13,22,53,667		2.37,2.46	1000,1 	0
1317    	30.27, -15.17, -7.15 	-0.23, 1.08, -6.64 	19.28, 22.98 	13,22,53,678		6.68,0.00	1000,1 	0
1324    	30.27, -15.17, -7.15 	-0.26, 1.07, -6.64 	19.28, 22.98 	13,22,53,686		0.00,4.38	1000,1 	0
1333    	30.33, -15.21, -7.13 	-0.26, 1.07, -6.64 	19.28, 22.98 	13,22,53,696		7.98,0.00	1000,1 	0
1342    	30.28, -15.23, -7.12 	-0.26, 1.06, -6.64 	19.28, 22.98 	13,22,53,706		5.85,1.19	1000,1 	0
1350    	30.28, -15.23, -7.12 	-0.27, 1.07, -6.64 	19.28, 22.98 	13,22,53,715		0.00,1.81	1000,1 	0
1359    	30.29, -15.25, -7.11 	-0.27, 1.07, -6.64 	19.28, 22.98 	13,22,53,725		2.60,0.00	1000,1 	0
1368    	30.29, -15.24, -7.10 	-0.26, 1.07, -6.64 	19.28, 22.98 	13,22,53,735		1.18,1.07	1000,1 	0
1376    	30.24, -15.23, -7.10 	-0.26, 1.07, -6.64 	19.28, 22.98 	13,22,53,744		6.17,0.00	1000,1 	0
1385    	30.24, -15.23, -7.10 	-0.27, 1.07, -6.63 	19.28, 22.98 	13,22,53,754		0.00,1.07	1000,1 	0
1394    	30.24, -15.23, -7.10 	-0.27, 1.07, -6.63 	19.28, 22.98 	13,22,53,764		0.00,0.00	1000,1 	0
1402    	30.24, -15.23, -7.10 	-0.26, 1.07, -6.62 	19.28, 22.98 	13,22,53,773		0.00,1.20	1000,1 	0
1411    	30.24, -15.23, -7.10 	-0.26, 1.06, -6.62 	19.28, 22.98 	13,22,53,783		0.00,1.19	1000,1 	0
1420    	30.24, -15.23, -7.10 	-0.26, 1.07, -6.62 	19.28, 22.98 	13,22,53,793		0.00,1.19	1000,1 	0
1429    	30.29, -15.23, -7.10 	-0.26, 1.08, -6.62 	19.28, 22.98 	13,22,53,803		5.35,1.19	1000,1 	0
1437    	30.29, -15.24, -7.10 	-0.25, 1.08, -6.62 	19.28, 22.98 	13,22,53,812		1.33,1.20	1000,1 	0
1446    	30.24, -15.22, -7.10 	-0.25, 1.09, -6.63 	19.28, 22.98 	13,22,53,822		5.85,1.19	1000,1 	0
1455    	30.24, -15.22, -7.09 	-0.25, 1.09, -6.63 	19.28, 22.98 	13,22,53,832		0.00,0.00	1000,1 	0
1463    	30.24, -15.22, -7.09 	-0.25, 1.09, -6.63 	19.28, 22.98 	13,22,53,841		0.00,0.00	1000,1 	0
1472    	30.24, -15.22, -7.09 	-0.25, 1.08, -6.64 	19.28, 22.98 	13,22,53,851		0.00,1.19	1000,1 	0
1481    	30.24, -15.22, -7.09 	-0.24, 1.08, -6.63 	19.28, 22.98 	13,22,53,861		0.00,1.07	1000,1 	0
1489    	30.24, -15.22, -7.09 	-0.24, 1.07, -6.63 	19.28, 22.98 	13,22,53,870		0.00,1.34	1000,1 	0
1498    	30.24, -15.22, -7.11 	-0.24, 1.07, -6.63 	19.28, 22.98 	13,22,53,880		0.00,0.00	1000,1 	0
1508    	30.25, -15.26, -7.11 	-0.24, 1.08, -6.63 	19.28, 22.98 	13,22,53,891		4.37,1.07	1000,1 	0
1515    	30.30, -15.26, -7.11 	-0.25, 1.08, -6.62 	19.28, 22.98 	13,22,53,899		6.88,1.37	1000,1 	0
1524    	30.29, -15.26, -7.11 	-0.24, 1.08, -6.62 	19.28, 22.98 	13,22,53,909		1.07,1.07	1000,1 	0
1534    	30.30, -15.29, -7.09 	-0.24, 1.08, -6.62 	19.28, 22.98 	13,22,53,920		3.34,0.00	1000,1 	0
1541    	30.30, -15.29, -7.10 	-0.24, 1.08, -6.62 	19.28, 22.98 	13,22,53,928		0.00,0.00	1000,1 	0
1550    	30.26, -15.28, -7.09 	-0.24, 1.09, -6.63 	19.28, 22.98 	13,22,53,938		4.44,1.19	1000,1 	0
1559    	30.27, -15.29, -7.07 	-0.25, 1.08, -6.63 	19.28, 22.98 	13,22,53,948		1.60,1.59	1000,1 	0
1567    	30.23, -15.31, -7.09 	-0.25, 1.08, -6.63 	19.28, 22.98 	13,22,53,957		5.51,0.00	1000,1 	0
1576    	30.23, -15.31, -7.09 	-0.25, 1.08, -6.63 	19.28, 22.98 	13,22,53,967		1.07,0.00	1000,1 	0
1585    	30.23, -15.31, -7.09 	-0.21, 1.09, -6.64 	19.28, 22.98 	13,22,53,977		0.00,4.42	1000,1 	0
1594    	30.20, -15.35, -7.10 	-0.23, 1.09, -6.63 	19.28, 22.98 	13,22,53,987		4.79,2.14	1000,1 	0
1602    	30.21, -15.39, -7.08 	-0.25, 1.08, -6.63 	19.28, 22.98 	13,22,53,996		5.46,2.73	1000,1 	0
1611    	30.24, -15.38, -7.08 	-0.21, 1.09, -6.63 	19.28, 22.98 	13,22,54,6		4.44,4.42	1000,1 	0
1619    	30.24, -15.39, -7.08 	-0.23, 1.08, -6.62 	19.28, 22.98 	13,22,54,15		1.33,2.73	1000,1 	0
1628    	30.27, -15.36, -7.08 	-0.24, 1.09, -6.61 	19.28, 22.98 	13,22,54,25		4.79,1.61	1000,1 	0
1637    	30.28, -15.36, -7.08 	-0.21, 1.08, -6.61 	19.28, 22.98 	13,22,54,35		1.07,3.44	1000,1 	0
1646    	30.27, -15.35, -7.07 	-0.20, 1.13, -6.63 	19.28, 22.98 	13,22,54,45		1.60,4.85	1000,1 	0
1654    	30.28, -15.35, -7.07 	-0.19, 1.14, -6.63 	19.28, 22.98 	13,22,54,54		1.20,1.78	1000,1 	0
1663    	30.26, -15.34, -7.09 	-0.20, 1.15, -6.63 	19.28, 22.98 	13,22,54,64		2.45,1.61	1000,1 	0
1672    	30.26, -15.34, -7.09 	-0.15, 1.16, -6.63 	19.28, 22.98 	13,22,54,74		0.00,5.46	1000,1 	0
1680    	30.26, -15.34, -7.09 	-0.15, 1.19, -6.64 	19.28, 22.98 	13,22,54,83		0.00,4.01	1000,1 	0
1689    	30.25, -15.31, -7.10 	-0.11, 1.25, -6.64 	19.28, 22.98 	13,22,54,93		2.60,8.26	1000,1 	0
1699    	30.24, -15.27, -7.11 	-0.02, 1.32, -6.65 	19.28, 22.98 	13,22,54,104		4.37,11.48	1000,1 	0
1706    	30.24, -15.27, -7.10 	0.07, 1.37, -6.64 	19.28, 22.98 	13,22,54,112		0.00,14.44	1000,1 	0
1715    	30.23, -15.26, -7.12 	0.23, 1.45, -6.65 	19.28, 22.98 	13,22,54,122		1.60,20.38	1000,1 	0
1724    	30.23, -15.25, -7.11 	0.35, 1.51, -6.64 	19.28, 22.98 	13,22,54,132		1.60,15.03	1000,1 	0
1732    	30.20, -15.28, -7.11 	0.53, 1.62, -6.65 	19.28, 22.98 	13,22,54,141		5.39,25.99	1000,1 	0
1741    	30.19, -15.27, -7.11 	0.68, 1.73, -6.64 	19.28, 22.98 	13,22,54,151		1.60,20.68	1000,1 	0
1750    	30.22, -15.26, -7.12 	0.82, 1.88, -6.65 	19.28, 22.98 	13,22,54,161		3.42,22.93	1000,1 	0
1758    	30.23, -15.28, -7.11 	1.03, 1.99, -6.68 	19.28, 22.98 	13,22,54,170		2.92,29.04	1000,1 	0
1767    	30.27, -15.30, -7.09 	1.28, 2.11, -6.70 	19.28, 22.98 	13,22,54,180		5.85,31.51	1000,1 	0
1776    	30.26, -15.28, -7.11 	1.55, 2.25, -6.69 	19.28, 22.98 	13,22,54,190		2.60,33.48	1000,1 	0
1785    	30.30, -15.27, -7.10 	1.82, 2.39, -6.68 	19.28, 22.98 	13,22,54,200		4.44,34.03	1000,1 	0
1793    	30.30, -15.27, -7.09 	2.05, 2.51, -6.66 	19.28, 22.98 	13,22,54,209		0.00,32.20	1000,1 	0
1802    	30.34, -15.25, -7.11 	2.30, 2.65, -6.66 	19.28, 22.98 	13,22,54,219		4.89,31.60	1000,1 	0
1811    	30.33, -15.27, -7.10 	2.54, 2.83, -6.68 	19.28, 22.98 	13,22,54,229		2.60,33.26	1000,1 	0
1819    	30.31, -15.31, -7.08 	2.83, 2.98, -6.70 	19.28, 22.98 	13,22,54,238		5.85,41.02	1000,1 	0
1828    	30.29, -15.31, -7.10 	3.03, 3.16, -6.71 	19.28, 22.98 	13,22,54,248		2.14,29.97	1000,1 	0
1837    	30.24, -15.42, -7.05 	3.34, 3.34, -6.74 	19.28, 22.98 	13,22,54,258		13.00,40.39	1000,1 	0
1845    	30.23, -15.40, -7.06 	3.67, 3.51, -6.77 	19.28, 22.98 	13,22,54,267		3.59,45.87	1000,1 	0
1854    	30.23, -15.47, -7.05 	3.95, 3.72, -6.82 	19.28, 22.98 	13,22,54,277		8.35,38.78	1000,1 	0
1863    	30.26, -15.45, -7.04 	4.12, 3.98, -6.90 	19.28, 22.98 	13,22,54,287		3.99,34.16	1000,1 	0
1871    	30.30, -15.47, -7.00 	4.41, 4.24, -6.97 	19.28, 22.98 	13,22,54,296		5.50,48.81	1000,1 	0
1880    	30.29, -15.53, -7.01 	4.69, 4.50, -7.05 	19.28, 22.98 	13,22,54,306		6.02,42.59	1000,1 	0
1890    	30.41, -15.54, -6.96 	4.90, 4.75, -7.10 	19.28, 22.98 	13,22,54,317		11.61,33.02	1000,1 	0
1897    	30.46, -15.58, -6.93 	5.01, 4.91, -7.10 	19.28, 22.98 	13,22,54,325		9.18,27.26	1000,1 	0
1906    	30.48, -15.66, -6.90 	5.12, 5.07, -7.10 	19.28, 22.98 	13,22,54,335		8.89,21.80	1000,1 	0
1916    	30.51, -15.73, -6.88 	5.22, 5.23, -7.11 	19.28, 22.98 	13,22,54,346		8.00,18.58	1000,1 	0
1924    	30.47, -15.83, -6.86 	5.40, 5.45, -7.16 	19.28, 22.98 	13,22,54,354		12.92,35.93	1000,1 	0
1933    	30.43, -15.90, -6.86 	5.61, 5.76, -7.23 	19.28, 22.98 	13,22,54,364		9.87,41.42	1000,1 	0
1942    	30.47, -15.99, -6.87 	5.78, 6.12, -7.33 	19.28, 22.98 	13,22,54,374		10.39,44.48	1000,1 	0
1951    	30.47, -16.02, -6.84 	6.06, 6.42, -7.39 	19.28, 22.98 	13,22,54,384		3.55,45.13	1000,1 	0
1959    	30.43, -15.99, -6.88 	6.32, 6.65, -7.44 	19.28, 22.98 	13,22,54,393		6.26,44.37	1000,1 	0
1968    	30.57, -15.93, -6.90 	6.54, 6.92, -7.46 	19.28, 22.98 	13,22,54,403		17.12,38.27	1000,1 	0
1977    	30.57, -15.94, -6.95 	6.68, 7.08, -7.48 	19.28, 22.98 	13,22,54,413		1.18,23.10	1000,1 	0
1985    	30.62, -15.88, -6.95 	6.78, 7.24, -7.48 	19.28, 22.98 	13,22,54,422		10.01,23.85	1000,1 	0
1994    	30.75, -15.81, -6.96 	6.90, 7.34, -7.51 	19.28, 22.98 	13,22,54,432		17.13,17.35	1000,1 	0
2003    	30.76, -15.83, -6.93 	7.00, 7.48, -7.53 	19.28, 22.98 	13,22,54,442		2.60,19.27	1000,1 	0
2011    	30.74, -15.85, -6.95 	7.10, 7.64, -7.55 	19.28, 22.98 	13,22,54,451		3.59,23.22	1000,1 	0
2020    	30.71, -15.87, -6.98 	7.19, 7.82, -7.60 	19.28, 22.98 	13,22,54,461		4.89,22.71	1000,1 	0
2029    	30.75, -15.77, -7.04 	7.31, 8.05, -7.68 	19.28, 22.98 	13,22,54,471		11.93,27.88	1000,1 	0
2037    	30.84, -15.75, -7.08 	7.45, 8.28, -7.76 	19.28, 22.98 	13,22,54,480		11.16,34.26	1000,1 	0
2046    	30.95, -15.65, -7.18 	7.58, 8.54, -7.83 	19.28, 22.98 	13,22,54,490		16.70,32.00	1000,1 	0
2055    	31.06, -15.58, -7.23 	7.70, 8.73, -7.86 	19.28, 22.98 	13,22,54,500		14.68,24.77	1000,1 	0
2063    	31.18, -15.67, -7.24 	7.82, 8.96, -7.93 	19.28, 22.98 	13,22,54,509		17.95,33.09	1000,1 	0
2072    	31.24, -15.77, -7.28 	7.92, 9.16, -7.97 	19.28, 22.98 	13,22,54,519		13.46,25.29	1000,1 	0
2081    	31.25, -15.83, -7.25 	8.03, 9.34, -8.01 	19.28, 22.98 	13,22,54,529		6.01,23.22	1000,1 	0
2089    	31.25, -15.91, -7.23 	8.07, 9.51, -8.03 	19.28, 22.98 	13,22,54,538		10.65,22.13	1000,1 	0
2098    	31.14, -15.98, -7.24 	8.12, 9.69, -8.07 	19.28, 22.98 	13,22,54,548		13.76,19.67	1000,1 	0
2108    	31.24, -15.99, -7.26 	8.14, 9.86, -8.10 	19.28, 22.98 	13,22,54,559		9.69,17.19	1000,1 	0
2115    	31.21, -15.94, -7.31 	8.22, 10.09, -8.17 	19.28, 22.98 	13,22,54,567		7.35,35.63	1000,1 	0
2124    	31.20, -15.85, -7.33 	8.32, 10.33, -8.23 	19.28, 22.98 	13,22,54,577		10.71,28.09	1000,1 	0
2133    	31.07, -15.75, -7.40 	8.40, 10.61, -8.30 	19.28, 22.98 	13,22,54,587		17.52,33.35	1000,1 	0
2141    	31.24, -15.60, -7.38 	8.52, 10.93, -8.40 	19.28, 22.98 	13,22,54,596		27.70,42.41	1000,1 	0
2150    	31.31, -15.53, -7.42 	8.60, 11.24, -8.48 	19.28, 22.98 	13,22,54,606		11.92,35.63	1000,1 	0
2159    	31.29, -15.45, -7.47 	8.69, 11.49, -8.53 	19.28, 22.98 	13,22,54,616		8.56,28.83	1000,1 	0
2168    	31.37, -15.46, -7.50 	8.75, 11.69, -8.56 	19.28, 22.98 	13,22,54,626		8.64,23.67	1000,1 	0
2176    	31.32, -15.41, -7.51 	8.72, 11.84, -8.60 	19.28, 22.98 	13,22,54,635		8.97,19.11	1000,1 	0
2185    	31.39, -15.37, -7.56 	8.73, 12.04, -8.66 	19.28, 22.98 	13,22,54,645		8.87,22.58	1000,1 	0
2194    	31.35, -15.33, -7.57 	8.81, 12.29, -8.74 	19.28, 22.98 	13,22,54,655		6.38,28.51	1000,1 	0
2202    	31.31, -15.24, -7.60 	8.84, 12.53, -8.81 	19.28, 22.98 	13,22,54,664		11.69,31.04	1000,1 	0
2211    	31.32, -15.16, -7.66 	8.85, 12.72, -8.87 	19.28, 22.98 	13,22,54,674		9.53,20.21	1000,1 	0
2220    	31.29, -15.12, -7.66 	8.87, 12.96, -8.93 	19.28, 22.98 	13,22,54,684		5.56,27.37	1000,1 	0
2228    	31.27, -15.03, -7.72 	8.94, 13.25, -9.01 	19.28, 22.98 	13,22,54,693		12.22,37.20	1000,1 	0
2237    	31.38, -14.89, -7.73 	9.04, 13.55, -9.08 	19.28, 22.98 	13,22,54,703		20.05,34.78	1000,1 	0
2246    	31.33, -14.75, -7.79 	9.05, 13.77, -9.11 	19.28, 22.98 	13,22,54,713		16.29,24.95	1000,1 	0
2254    	31.30, -14.69, -7.80 	9.11, 13.95, -9.13 	19.28, 22.98 	13,22,54,722		9.33,24.11	1000,1 	0
2263    	31.37, -14.63, -7.80 	9.16, 14.10, -9.16 	19.28, 22.98 	13,22,54,732		10.41,17.39	1000,1 	0
2273    	31.36, -14.56, -7.84 	9.23, 14.23, -9.16 	19.28, 22.98 	13,22,54,743		7.52,14.40	1000,1 	0
2280    	31.28, -14.47, -7.85 	9.28, 14.38, -9.16 	19.28, 22.98 	13,22,54,751		17.36,22.80	1000,1 	0
2289    	31.22, -14.50, -7.86 	9.31, 14.54, -9.18 	19.28, 22.98 	13,22,54,761		6.85,18.06	1000,1 	0
2298    	31.25, -14.43, -7.89 	9.36, 14.72, -9.19 	19.28, 22.98 	13,22,54,771		7.80,20.81	1000,1 	0
2306    	31.28, -14.43, -7.88 	9.49, 14.96, -9.22 	19.28, 22.98 	13,22,54,780		3.61,33.66	1000,1 	0
2315    	31.21, -14.40, -7.91 	9.67, 15.20, -9.24 	19.28, 22.98 	13,22,54,790		8.29,33.80	1000,1 	0
2324    	31.18, -14.32, -7.91 	9.87, 15.42, -9.25 	19.28, 22.98 	13,22,54,800		8.89,33.31	1000,1 	0
2333    	31.22, -14.25, -7.95 	10.01, 15.57, -9.25 	19.28, 22.98 	13,22,54,810		9.33,22.21	1000,1 	0
2341    	31.29, -14.19, -7.94 	10.14, 15.72, -9.25 	19.28, 22.98 	13,22,54,819		11.62,24.98	1000,1 	0
2350    	31.31, -14.11, -7.95 	10.33, 15.87, -9.23 	19.28, 22.98 	13,22,54,829		8.56,26.89	1000,1 	0
2359    	31.21, -14.14, -7.93 	10.47, 16.03, -9.19 	19.28, 22.98 	13,22,54,839		11.28,23.79	1000,1 	0
2367    	31.26, -14.08, -7.93 	10.62, 16.20, -9.17 	19.28, 22.98 	13,22,54,848		10.01,27.77	1000,1 	0
2376    	31.25, -14.08, -7.97 	10.79, 16.39, -9.16 	19.28, 22.98 	13,22,54,858		1.07,28.55	1000,1 	0
2385    	31.24, -14.05, -7.98 	11.01, 16.58, -9.14 	19.28, 22.98 	13,22,54,868		3.71,32.34	1000,1 	0
2393    	31.23, -14.00, -7.99 	11.25, 16.78, -9.09 	19.28, 22.98 	13,22,54,877		5.46,39.07	1000,1 	0
2402    	31.21, -14.04, -7.97 	11.47, 16.94, -9.04 	19.28, 22.98 	13,22,54,887		4.15,30.15	1000,1 	0
2411    	31.25, -14.04, -7.98 	11.73, 17.08, -9.00 	19.28, 22.98 	13,22,54,897		4.28,32.54	1000,1 	0
2419    	31.21, -14.11, -7.94 	11.97, 17.20, -8.95 	19.28, 22.98 	13,22,54,906		10.50,33.87	1000,1 	0
2428    	31.29, -14.11, -7.93 	12.26, 17.33, -8.90 	19.28, 22.98 	13,22,54,916		8.56,35.89	1000,1 	0
2437    	31.34, -14.26, -7.89 	12.51, 17.41, -8.83 	19.28, 22.98 	13,22,54,926		17.77,29.25	1000,1 	0
2445    	31.30, -14.35, -7.91 	12.69, 17.44, -8.77 	19.28, 22.98 	13,22,54,935		12.24,21.96	1000,1 	0
2454    	31.40, -14.28, -7.91 	12.91, 17.50, -8.72 	19.28, 22.98 	13,22,54,945		13.75,25.50	1000,1 	0
2463    	31.44, -14.24, -7.91 	13.15, 17.63, -8.68 	19.28, 22.98 	13,22,54,955		6.39,30.11	1000,1 	0
2471    	31.44, -14.34, -7.90 	13.40, 17.76, -8.61 	19.28, 22.98 	13,22,54,964		11.99,34.93	1000,1 	0
2480    	31.39, -14.32, -7.85 	13.59, 17.83, -8.56 	19.28, 22.98 	13,22,54,974		5.48,22.83	1000,1 	0
2490    	31.48, -14.45, -7.82 	13.83, 17.86, -8.50 	19.28, 22.98 	13,22,54,985		15.44,24.22	1000,1 	0
2497    	31.54, -14.48, -7.86 	14.05, 17.96, -8.48 	19.28, 22.98 	13,22,54,993		9.43,34.91	1000,1 	0
2506    	31.60, -14.46, -7.85 	14.29, 18.07, -8.43 	19.28, 22.98 	13,22,55,3		7.86,29.09	1000,1 	0
2515    	31.70, -14.47, -7.84 	14.52, 18.20, -8.38 	19.28, 22.98 	13,22,55,13		10.77,29.17	1000,1 	0
2523    	31.84, -14.44, -7.80 	14.67, 18.28, -8.31 	19.28, 22.98 	13,22,55,22		18.50,21.88	1000,1 	0
2532    	31.88, -14.51, -7.75 	14.89, 18.40, -8.28 	19.28, 22.98 	13,22,55,32		8.29,27.68	1000,1 	0
2541    	31.92, -14.55, -7.69 	15.09, 18.52, -8.24 	19.28, 22.98 	13,22,55,42		6.38,26.42	1000,1 	0
2550    	31.92, -14.47, -7.70 	15.30, 18.61, -8.18 	19.28, 22.98 	13,22,55,52		8.29,24.25	1000,1 	0
2558    	31.83, -14.54, -7.67 	15.43, 18.66, -8.12 	19.28, 22.98 	13,22,55,61		13.47,18.02	1000,1 	0
2567    	31.85, -14.46, -7.70 	15.56, 18.75, -8.08 	19.28, 22.98 	13,22,55,71		8.56,17.41	1000,1 	0
2576    	31.89, -14.39, -7.72 	15.71, 18.84, -8.04 	19.28, 22.98 	13,22,55,81		9.33,19.45	1000,1 	0
2584    	31.87, -14.39, -7.74 	15.83, 18.96, -8.02 	19.28, 22.98 	13,22,55,90		2.41,21.30	1000,1 	0
2593    	31.91, -14.32, -7.75 	15.96, 19.06, -8.00 	19.28, 22.98 	13,22,55,100		8.30,18.15	1000,1 	0
2602    	31.98, -14.23, -7.76 	16.05, 19.16, -7.97 	19.28, 22.98 	13,22,55,110		13.03,15.01	1000,1 	0
2610    	32.01, -14.23, -7.73 	16.09, 19.19, -7.96 	19.28, 22.98 	13,22,55,119		3.61,6.22	1000,1 	0
2619    	32.02, -14.20, -7.75 	16.15, 19.23, -7.95 	19.28, 22.98 	13,22,55,129		3.71,7.93	1000,1 	0
2628    	31.99, -14.22, -7.74 	16.18, 19.25, -7.94 	19.28, 22.98 	13,22,55,139		3.99,3.96	1000,1 	0
2636    	31.97, -14.29, -7.74 	16.21, 19.30, -7.94 	19.28, 22.98 	13,22,55,148		9.63,7.55	1000,1 	0
2645    	31.97, -14.24, -7.71 	16.22, 19.34, -7.92 	19.28, 22.98 	13,22,55,158		5.92,4.13	1000,1 	0
2654    	31.97, -14.22, -7.70 	16.24, 19.37, -7.93 	19.28, 22.98 	13,22,55,168		2.37,4.13	1000,1 	0
2662    	31.92, -14.24, -7.73 	16.27, 19.41, -7.92 	19.28, 22.98 	13,22,55,177		6.59,6.40	1000,1 	0
2671    	31.96, -14.22, -7.73 	16.26, 19.43, -7.92 	19.28, 22.98 	13,22,55,187		4.89,2.62	1000,1 	0
2681    	31.93, -14.20, -7.74 	16.28, 19.45, -7.91 	19.28, 22.98 	13,22,55,198		3.59,2.86	1000,1 	0
2688    	31.93, -14.14, -7.75 	16.30, 19.51, -7.90 	19.28, 22.98 	13,22,55,206		7.61,8.08	1000,1 	0
2697    	31.98, -14.12, -7.75 	16.32, 19.53, -7.88 	19.28, 22.98 	13,22,55,216		5.85,3.17	1000,1 	0
2706    	31.99, -14.11, -7.73 	16.35, 19.57, -7.87 	19.28, 22.98 	13,22,55,226		1.60,5.69	1000,1 	0
2715    	31.97, -14.14, -7.71 	16.37, 19.58, -7.85 	19.28, 22.98 	13,22,55,236		4.15,2.43	1000,1 	0
2723    	31.96, -14.10, -7.72 	16.40, 19.60, -7.83 	19.28, 22.98 	13,22,55,245		5.46,4.46	1000,1 	0
2732    	31.94, -14.14, -7.75 	16.42, 19.62, -7.80 	19.28, 22.98 	13,22,55,255		5.20,3.17	1000,1 	0
2741    	31.91, -14.14, -7.74 	16.47, 19.68, -7.76 	19.28, 22.98 	13,22,55,265		3.21,8.68	1000,1 	0
2749    	31.91, -14.15, -7.74 	16.49, 19.68, -7.71 	19.28, 22.98 	13,22,55,274		1.33,2.41	1000,1 	0
2758    	31.96, -14.14, -7.72 	16.56, 19.73, -7.66 	19.28, 22.98 	13,22,55,284		5.48,9.49	1000,1 	0
2767    	31.91, -14.15, -7.73 	16.65, 19.78, -7.61 	19.28, 22.98 	13,22,55,294		5.48,11.23	1000,1 	0
2775    	31.91, -14.15, -7.73 	16.76, 19.82, -7.56 	19.28, 22.98 	13,22,55,303		0.00,15.32	1000,1 	0
2784    	31.98, -14.10, -7.73 	16.86, 19.88, -7.51 	19.28, 22.98 	13,22,55,313		9.55,12.15	1000,1 	0
2793    	31.97, -14.14, -7.70 	16.93, 19.94, -7.48 	19.28, 22.98 	13,22,55,323		4.86,11.05	1000,1 	0
2801    	32.05, -14.13, -7.69 	17.00, 20.01, -7.45 	19.28, 22.98 	13,22,55,332		9.73,12.49	1000,1 	0
2810    	31.98, -14.12, -7.71 	17.08, 20.06, -7.42 	19.28, 22.98 	13,22,55,342		7.59,9.72	1000,1 	0
2819    	31.98, -14.13, -7.72 	17.15, 20.10, -7.38 	19.28, 22.98 	13,22,55,352		1.18,9.72	1000,1 	0
2827    	31.94, -14.12, -7.73 	17.23, 20.16, -7.36 	19.28, 22.98 	13,22,55,361		5.00,12.43	1000,1 	0
2836    	31.90, -14.13, -7.74 	17.31, 20.20, -7.33 	19.28, 22.98 	13,22,55,371		4.44,9.72	1000,1 	0
2845    	31.86, -14.15, -7.73 	17.38, 20.26, -7.32 	19.28, 22.98 	13,22,55,381		4.89,10.34	1000,1 	0
2853    	31.85, -14.14, -7.75 	17.47, 20.33, -7.32 	19.28, 22.98 	13,22,55,390		1.79,14.20	1000,1 	0
2862    	31.88, -14.17, -7.72 	17.57, 20.43, -7.33 	19.28, 22.98 	13,22,55,400		3.99,15.78	1000,1 	0
2872    	31.92, -14.13, -7.72 	17.66, 20.51, -7.34 	19.28, 22.98 	13,22,55,411		5.01,12.08	1000,1 	0
2879    	31.93, -14.21, -7.72 	17.74, 20.61, -7.35 	19.28, 22.98 	13,22,55,419		10.74,17.47	1000,1 	0
2888    	31.90, -14.19, -7.71 	17.83, 20.69, -7.34 	19.28, 22.98 	13,22,55,429		3.99,14.20	1000,1 	0
2897    	31.93, -14.18, -7.71 	17.91, 20.77, -7.34 	19.28, 22.98 	13,22,55,439		3.42,11.84	1000,1 	0
2906    	31.94, -14.15, -7.70 	17.99, 20.80, -7.33 	19.28, 22.98 	13,22,55,449		2.60,9.22	1000,1 	0
2914    	32.02, -14.12, -7.70 	18.05, 20.84, -7.33 	19.28, 22.98 	13,22,55,458		10.43,9.91	1000,1 	0
2923    	31.98, -14.15, -7.70 	18.12, 20.91, -7.33 	19.28, 22.98 	13,22,55,468		5.56,11.10	1000,1 	0
2932    	31.96, -14.15, -7.69 	18.19, 20.98, -7.33 	19.28, 22.98 	13,22,55,478		2.14,10.26	1000,1 	0
2940    	31.95, -14.15, -7.71 	18.24, 21.05, -7.32 	19.28, 22.98 	13,22,55,487		1.20,11.73	1000,1 	0
2949    	31.97, -14.20, -7.73 	18.28, 21.12, -7.32 	19.28, 22.98 	13,22,55,497		5.20,8.26	1000,1 	0
2958    	32.02, -14.08, -7.76 	18.32, 21.16, -7.30 	19.28, 22.98 	13,22,55,507		14.08,6.34	1000,1 	0
2966    	32.04, -14.13, -7.75 	18.36, 21.20, -7.29 	19.28, 22.98 	13,22,55,516		7.08,7.14	1000,1 	0
2975    	32.04, -14.09, -7.74 	18.40, 21.25, -7.27 	19.28, 22.98 	13,22,55,526		4.74,7.27	1000,1 	0
2984    	31.95, -14.15, -7.73 	18.44, 21.29, -7.25 	19.28, 22.98 	13,22,55,536		11.97,6.38	1000,1 	0
2992    	31.93, -14.23, -7.71 	18.46, 21.32, -7.23 	19.28, 22.98 	13,22,55,545		9.63,4.64	1000,1 	0
3001    	32.01, -14.19, -7.71 	18.48, 21.34, -7.22 	19.28, 22.98 	13,22,55,555		9.79,3.17	1000,1 	0
3010    	32.00, -14.18, -7.70 	18.50, 21.37, -7.22 	19.28, 22.98 	13,22,55,565		1.60,4.13	1000,1 	0
3018    	31.94, -14.21, -7.71 	18.50, 21.38, -7.20 	19.28, 22.98 	13,22,55,574		8.26,1.34	1000,1 	0
3027    	32.02, -14.17, -7.71 	18.52, 21.40, -7.18 	19.28, 22.98 	13,22,55,584		9.79,3.17	1000,1 	0
3036    	31.97, -14.14, -7.75 	18.51, 21.40, -7.17 	19.28, 22.98 	13,22,55,594		5.85,1.07	1000,1 	0
3044    	32.00, -14.09, -7.75 	18.52, 21.42, -7.16 	19.28, 22.98 	13,22,55,603		7.58,2.91	1000,1 	0
3053    	31.95, -14.11, -7.73 	18.54, 21.48, -7.15 	19.28, 22.98 	13,22,55,613		5.85,6.28	1000,1 	0
3063    	32.01, -14.10, -7.74 	18.53, 21.50, -7.14 	19.28, 22.98 	13,22,55,624		5.88,2.36	1000,1 	0
3071    	31.99, -14.09, -7.76 	18.54, 21.54, -7.13 	19.28, 22.98 	13,22,55,633		2.75,5.46	1000,1 	0
3079    	31.99, -14.10, -7.75 	18.53, 21.57, -7.12 	19.28, 22.98 	13,22,55,642		1.33,4.20	1000,1 	0
3088    	32.00, -14.05, -7.76 	18.52, 21.59, -7.12 	19.28, 22.98 	13,22,55,652		6.02,2.62	1000,1 	0
3097    	31.97, -14.08, -7.75 	18.53, 21.62, -7.11 	19.28, 22.98 	13,22,55,662		4.79,2.59	1000,1 	0
3105    	32.02, -14.04, -7.74 	18.52, 21.63, -7.11 	19.28, 22.98 	13,22,55,671		8.04,1.81	1000,1 	0
3114    	32.10, -14.04, -7.75 	18.51, 21.67, -7.11 	19.28, 22.98 	13,22,55,681		8.56,4.89	1000,1 	0
3123    	32.05, -14.02, -7.75 	18.49, 21.70, -7.10 	19.28, 22.98 	13,22,55,691		5.85,4.18	1000,1 	0
3131    	32.06, -14.02, -7.76 	18.50, 21.76, -7.11 	19.28, 22.98 	13,22,55,700		1.20,6.77	1000,1 	0
3140    	32.03, -14.06, -7.77 	18.50, 21.85, -7.12 	19.28, 22.98 	13,22,55,710		5.72,10.69	1000,1 	0
3149    	31.99, -14.02, -7.77 	18.52, 21.96, -7.12 	19.28, 22.98 	13,22,55,720		6.38,12.04	1000,1 	0
3157    	32.01, -13.99, -7.78 	18.57, 22.12, -7.12 	19.28, 22.98 	13,22,55,729		3.59,21.20	1000,1 	0
3166    	31.96, -14.01, -7.80 	18.63, 22.27, -7.11 	19.28, 22.98 	13,22,55,739		5.48,17.74	1000,1 	0
3175    	32.03, -13.96, -7.78 	18.67, 22.37, -7.10 	19.28, 22.98 	13,22,55,749		8.87,12.56	1000,1 	0
3183    	32.03, -13.98, -7.78 	18.69, 22.43, -7.11 	19.28, 22.98 	13,22,55,758		2.66,7.07	1000,1 	0
3192    	31.99, -14.02, -7.77 	18.74, 22.50, -7.11 	19.28, 22.98 	13,22,55,768		5.56,10.43	1000,1 	0
3201    	32.07, -13.99, -7.82 	18.80, 22.58, -7.11 	19.28, 22.98 	13,22,55,778		8.89,10.43	1000,1 	0
3209    	32.02, -14.02, -7.82 	18.87, 22.66, -7.11 	19.28, 22.98 	13,22,55,787		6.59,13.51	1000,1 	0
3218    	32.05, -13.98, -7.82 	18.94, 22.76, -7.12 	19.28, 22.98 	13,22,55,797		4.79,13.59	1000,1 	0
3227    	32.04, -14.01, -7.83 	18.99, 22.85, -7.13 	19.28, 22.98 	13,22,55,807		2.60,11.88	1000,1 	0
3235    	32.07, -13.98, -7.80 	19.10, 22.96, -7.14 	19.28, 22.98 	13,22,55,816		4.49,18.66	1000,1 	0
3244    	32.03, -14.01, -7.80 	19.19, 23.06, -7.13 	19.28, 22.98 	13,22,55,826		4.89,15.86	1000,1 	0
3254    	32.01, -13.99, -7.80 	19.30, 23.12, -7.11 	19.28, 22.98 	13,22,55,837		2.20,11.79	1000,1 	0
3262    	32.05, -13.97, -7.80 	19.35, 23.15, -7.11 	19.28, 22.98 	13,22,55,846		5.51,8.20	1000,1 	0
3270    	32.05, -13.98, -7.79 	19.41, 23.17, -7.11 	19.28, 22.98 	13,22,55,855		1.33,7.66	1000,1 	0
3279    	32.03, -13.98, -7.80 	19.47, 23.20, -7.11 	19.28, 22.98 	13,22,55,865		2.14,7.29	1000,1 	0
3288    	31.95, -13.97, -7.80 	19.50, 23.22, -7.11 	19.28, 22.98 	13,22,55,875		8.64,3.96	1000,1 	0
3296    	31.97, -13.99, -7.80 	19.53, 23.24, -7.11 	19.28, 22.98 	13,22,55,884		3.59,4.46	1000,1 	0
3305    	31.98, -14.03, -7.79 	19.54, 23.29, -7.11 	19.28, 22.98 	13,22,55,894		3.71,4.85	1000,1 	0
3314    	32.01, -13.98, -7.79 	19.58, 23.30, -7.11 	19.28, 22.98 	13,22,55,904		5.72,4.42	1000,1 	0
3322    	32.03, -13.95, -7.79 	19.57, 23.32, -7.10 	19.28, 22.98 	13,22,55,913		4.67,2.67	1000,1 	0
3331    	32.00, -14.01, -7.78 	19.59, 23.33, -7.10 	19.28, 22.98 	13,22,55,923		6.74,2.43	1000,1 	0
3340    	31.93, -14.01, -7.82 	19.60, 23.34, -7.11 	19.28, 22.98 	13,22,55,933		7.49,1.59	1000,1 	0
3348    	31.95, -13.97, -7.82 	19.62, 23.36, -7.11 	19.28, 22.98 	13,22,55,942		4.67,3.57	1000,1 	0
3357    	31.98, -13.99, -7.83 	19.64, 23.37, -7.11 	19.28, 22.98 	13,22,55,952		3.99,2.43	1000,1 	0
3366    	32.00, -13.96, -7.84 	19.63, 23.38, -7.11 	19.28, 22.98 	13,22,55,962		4.15,1.61	1000,1 	0
3374    	31.98, -13.95, -7.83 	19.64, 23.38, -7.11 	19.28, 22.98 	13,22,55,971		2.75,1.20	1000,1 	0
3383    	32.00, -13.98, -7.78 	19.62, 23.39, -7.11 	19.28, 22.98 	13,22,55,981		4.15,2.46	1000,1 	0
3392    	31.96, -14.01, -7.78 	19.61, 23.38, -7.11 	19.28, 22.98 	13,22,55,991		4.89,1.59	1000,1 	0
3400    	31.96, -13.96, -7.77 	19.61, 23.40, -7.11 	19.28, 22.98 	13,22,56,0		5.33,2.67	1000,1 	0
3409    	31.97, -13.96, -7.77 	19.60, 23.41, -7.11 	19.28, 22.98 	13,22,56,10		1.07,1.61	1000,1 	0
3418    	31.93, -13.99, -7.81 	19.58, 23.43, -7.11 	19.28, 22.98 	13,22,56,20		5.56,2.46	1000,1 	0
3426    	31.99, -13.98, -7.81 	19.55, 23.43, -7.11 	19.28, 22.98 	13,22,56,29		7.35,4.81	1000,1 	0
3435    	32.00, -13.93, -7.80 	19.51, 23.45, -7.13 	19.28, 22.98 	13,22,56,39		6.02,4.92	1000,1 	0
3445    	31.99, -13.94, -7.79 	19.47, 23.45, -7.12 	19.28, 22.98 	13,22,56,50		1.44,3.85	1000,1 	0
3453    	31.99, -13.94, -7.80 	19.42, 23.43, -7.12 	19.28, 22.98 	13,22,56,59		0.00,6.54	1000,1 	0
3461    	32.02, -13.91, -7.80 	19.37, 23.43, -7.13 	19.28, 22.98 	13,22,56,68		5.39,6.02	1000,1 	0
3470    	32.01, -13.89, -7.79 	19.34, 23.43, -7.12 	19.28, 22.98 	13,22,56,78		2.60,3.21	1000,1 	0
3479    	31.96, -13.91, -7.80 	19.30, 23.42, -7.12 	19.28, 22.98 	13,22,56,88		5.85,5.46	1000,1 	0
3487    	31.99, -13.88, -7.81 	19.26, 23.40, -7.11 	19.28, 22.98 	13,22,56,97		5.39,5.47	1000,1 	0
3496    	31.98, -13.88, -7.81 	19.22, 23.37, -7.11 	19.28, 22.98 	13,22,56,107		1.07,4.86	1000,1 	0
3505    	31.97, -13.86, -7.80 	19.17, 23.36, -7.11 	19.28, 22.98 	13,22,56,117		2.60,5.46	1000,1 	0
3513    	31.97, -13.86, -7.80 	19.13, 23.36, -7.11 	19.28, 22.98 	13,22,56,126		0.00,4.81	1000,1 	0
3522    	32.01, -13.83, -7.81 	19.11, 23.39, -7.11 	19.28, 22.98 	13,22,56,136		4.89,3.22	1000,1 	0
3531    	31.98, -13.87, -7.82 	19.07, 23.38, -7.11 	19.28, 22.98 	13,22,56,146		4.79,4.42	1000,1 	0
3539    	32.00, -13.88, -7.78 	19.04, 23.34, -7.11 	19.28, 22.98 	13,22,56,155		2.75,6.22	1000,1 	0
3548    	32.00, -13.89, -7.79 	19.01, 23.32, -7.11 	19.28, 22.98 	13,22,56,165		1.18,3.96	1000,1 	0
3557    	32.02, -13.89, -7.80 	18.98, 23.31, -7.10 	19.28, 22.98 	13,22,56,175		2.14,3.40	1000,1 	0
3565    	32.01, -13.89, -7.80 	18.95, 23.29, -7.10 	19.28, 22.98 	13,22,56,184		1.20,4.46	1000,1 	0
3574    	32.06, -13.91, -7.79 	18.93, 23.28, -7.10 	19.28, 22.98 	13,22,56,194		5.85,2.43	1000,1 	0
3583    	32.00, -13.92, -7.80 	18.91, 23.27, -7.10 	19.28, 22.98 	13,22,56,204		6.53,2.43	1000,1 	0
3591    	32.00, -13.92, -7.79 	18.89, 23.27, -7.11 	19.28, 22.98 	13,22,56,213		0.00,2.41	1000,1 	0
3600    	31.96, -13.92, -7.81 	18.88, 23.26, -7.11 	19.28, 22.98 	13,22,56,223		4.28,1.59	1000,1 	0
3609    	31.98, -13.89, -7.81 	18.88, 23.27, -7.11 	19.28, 22.98 	13,22,56,233		4.15,1.19	1000,1 	0
3618    	32.00, -13.85, -7.85 	18.87, 23.25, -7.11 	19.28, 22.98 	13,22,56,243		5.20,2.59	1000,1 	0
3626    	32.03, -13.89, -7.81 	18.87, 23.26, -7.11 	19.28, 22.98 	13,22,56,252		6.43,1.34	1000,1 	0
3636    	32.05, -13.89, -7.82 	18.86, 23.25, -7.11 	19.28, 22.98 	13,22,56,263		1.93,1.43	1000,1 	0
3644    	31.97, -13.87, -7.83 	18.85, 23.24, -7.11 	0.00, -0.00 	13,22,56,281		9.99,1.78	1000,1 	0
3653    	31.97, -13.87, -7.83 	18.83, 23.23, -7.11 	0.00, -0.00 	13,22,56,291		0.00,21.88	1000,1 	0
3662    	31.99, -13.83, -7.83 	18.84, 23.23, -7.11 	0.00, -0.00 	13,22,56,301		37.33,9.62	1000,1 	0
3670    	32.01, -13.85, -7.84 	18.83, 23.23, -7.11 	0.00, -0.00 	13,22,56,310		inf,inf	1000,1 	0
3679    	32.00, -13.81, -7.85 	18.83, 23.23, -7.11 	0.00, -0.00 	13,22,56,320		33.38,0.00	1000,1 	0
3688    	32.01, -13.82, -7.85 	18.82, 23.23, -7.11 	0.00, -0.00 	13,22,56,330		14.36,9.62	1000,1 	0
3696    	32.14, -13.77, -7.86 	18.82, 23.23, -7.11 	0.00, -0.00 	13,22,56,339		inf,inf	1000,1 	0
3705    	32.09, -13.78, -7.85 	18.82, 23.23, -7.11 	0.00, -0.00 	13,22,56,349		58.78,9.62	1000,1 	0
3714    	32.12, -13.80, -7.84 	18.82, 23.24, -7.11 	0.00, -0.00 	13,22,56,359		44.02,10.69	1000,1 	0
3722    	32.12, -13.79, -7.83 	18.82, 23.23, -7.10 	0.00, -0.00 	13,22,56,368		inf,inf	1000,1 	0
3731    	32.12, -13.79, -7.83 	18.82, 23.23, -7.10 	0.00, -0.00 	13,22,56,378		0.00,9.62	1000,1 	0
3740    	32.12, -13.79, -7.83 	18.81, 23.23, -7.10 	0.00, -0.00 	13,22,56,388		0.00,9.62	1000,1 	0
3748    	32.06, -13.78, -7.84 	18.82, 23.23, -7.10 	0.00, -0.00 	13,22,56,397		inf,inf	1000,1 	0
3757    	32.05, -13.79, -7.84 	18.81, 23.22, -7.11 	0.00, -0.00 	13,22,56,407		14.37,14.28	1000,1 	0
3766    	32.05, -13.79, -7.84 	18.80, 23.22, -7.11 	0.00, -0.00 	13,22,56,417		0.00,9.62	1000,1 	0
3774    	32.08, -13.80, -7.85 	18.80, 23.22, -7.11 	0.00, -0.00 	13,22,56,426		inf,nan	1000,1 	0
3783    	32.08, -13.80, -7.85 	18.81, 23.22, -7.10 	0.00, -0.00 	13,22,56,436		0.00,9.62	1000,1 	0
3792    	32.12, -13.76, -7.86 	18.82, 23.22, -7.10 	0.00, -0.00 	13,22,56,446		57.47,9.62	1000,1 	0
3801    	32.12, -13.77, -7.87 	18.82, 23.21, -7.10 	0.00, -0.00 	13,22,56,456		inf,inf	1000,1 	0
3809    	32.13, -13.78, -7.84 	18.81, 23.22, -7.10 	0.00, -0.00 	13,22,56,465		inf,inf	1000,1 	0
3818    	32.08, -13.79, -7.84 	18.81, 23.22, -7.10 	0.00, -0.00 	13,22,56,475		58.78,0.00	1000,1 	0
3827    	32.11, -13.81, -7.84 	18.81, 23.22, -7.10 	0.00, -0.00 	13,22,56,485		35.89,0.00	1000,1 	0
3835    	32.11, -13.81, -7.84 	18.80, 23.21, -7.11 	0.00, -0.00 	13,22,56,494		nan,inf	1000,1 	0
3844    	32.06, -13.83, -7.84 	18.80, 23.20, -7.10 	0.00, -0.00 	13,22,56,504		52.68,10.69	1000,1 	0
3853    	32.05, -13.80, -7.84 	18.79, 23.21, -7.10 	0.00, -0.00 	13,22,56,514		33.38,14.49	1000,1 	0
3861    	32.07, -13.81, -7.85 	18.79, 23.21, -7.10 	0.00, -0.00 	13,22,56,523		inf,nan	1000,1 	0
3870    	32.10, -13.82, -7.86 	18.79, 23.22, -7.10 	0.00, -0.00 	13,22,56,533		30.79,10.69	1000,1 	0
3879    	32.12, -13.80, -7.86 	18.80, 23.23, -7.11 	0.00, -0.00 	13,22,56,543		35.92,14.28	1000,1 	0
3887    	32.16, -13.77, -7.87 	18.80, 23.23, -7.11 	0.00, -0.00 	13,22,56,552		inf,nan	1000,1 	0
3896    	32.12, -13.78, -7.84 	18.81, 23.22, -7.10 	0.00, -0.00 	13,22,56,562		49.34,14.49	1000,1 	0
3905    	32.12, -13.79, -7.84 	18.80, 23.22, -7.10 	0.00, -0.00 	13,22,56,572		10.65,9.62	1000,1 	0
3913    	32.10, -13.85, -7.83 	18.80, 23.22, -7.10 	0.00, -0.00 	13,22,56,581		inf,nan	1000,1 	0
3922    	32.12, -13.87, -7.84 	18.81, 23.21, -7.10 	0.00, -0.00 	13,22,56,591		35.89,14.49	1000,1 	0
3931    	32.12, -13.85, -7.84 	18.81, 23.21, -7.10 	0.00, -0.00 	13,22,56,601		23.38,0.00	1000,1 	0
3939    	32.08, -13.80, -7.85 	18.80, 23.22, -7.10 	0.00, -0.00 	13,22,56,610		inf,inf	1000,1 	0
3948    	32.07, -13.80, -7.85 	18.80, 23.22, -7.10 	0.00, -0.00 	13,22,56,620		9.64,0.00	1000,1 	0
3957    	32.12, -13.79, -7.84 	18.79, 23.21, -7.10 	0.00, -0.00 	13,22,56,630		49.34,14.28	0,0 	0
3966    	32.12, -13.78, -7.84 	18.79, 23.21, -7.10 	0.00, -0.00 	13,22,56,640		inf,nan	0,0 	0
3974    	32.15, -13.75, -7.84 	18.79, 23.21, -7.09 	0.00, -0.00 	13,22,56,649		inf,nan	0,0 	0
3983    	32.07, -13.80, -7.85 	18.79, 23.21, -7.09 	0.00, -0.00 	13,22,56,659		101.79,0.00	0,0 	0
3992    	32.09, -13.81, -7.84 	18.79, 23.21, -7.09 	0.00, -0.00 	13,22,56,669		inf,nan	0,0 	0
4000    	32.09, -13.81, -7.84 	18.79, 23.21, -7.09 	0.00, -0.00 	13,22,56,678		nan,nan	0,0 	0
4010    	32.12, -13.82, -7.82 	18.80, 23.22, -7.09 	0.00, -0.00 	13,22,56,689		30.80,14.28	0,0 	0
4018    	32.12, -13.80, -7.83 	18.80, 23.22, -7.09 	0.00, -0.00 	13,22,56,698		inf,nan	0,0 	0
4026    	32.09, -13.76, -7.85 	18.80, 23.22, -7.09 	0.00, -0.00 	13,22,56,707		inf,nan	0,0 	0
4035    	32.11, -13.73, -7.84 	18.80, 23.22, -7.09 	0.00, -0.00 	13,22,56,717		37.33,0.00	0,0 	0
4044    	32.11, -13.73, -7.84 	18.79, 23.21, -7.09 	0.00, -0.00 	13,22,56,727		0.00,14.28	0,0 	0
4052    	32.11, -13.73, -7.84 	18.79, 23.21, -7.09 	0.00, -0.00 	13,22,56,736		nan,nan	0,0 	0
4061    	32.11, -13.73, -7.84 	18.79, 23.22, -7.09 	0.00, -0.00 	13,22,56,746		0.00,10.69	0,0 	0
4070    	32.12, -13.72, -7.82 	18.79, 23.21, -7.09 	0.00, -0.00 	13,22,56,756		14.37,10.69	0,0 	0
4078    	32.12, -13.72, -7.82 	18.79, 23.22, -7.10 	0.00, -0.00 	13,22,56,765		nan,inf	0,0 	0
4087    	32.12, -13.72, -7.82 	18.79, 23.22, -7.10 	0.00, -0.00 	13,22,56,775		0.00,0.00	0,0 	0
4096    	32.08, -13.78, -7.85 	18.80, 23.22, -7.09 	0.00, -0.00 	13,22,56,785		74.67,9.62	0,0 	0
4107    	32.08, -13.79, -7.82 	18.78, 23.21, -7.10 	0.00, -0.00 	13,22,56,796		inf,inf	0,0 	0
4114    	32.11, -13.77, -7.81 	18.78, 23.21, -7.10 	0.00, -0.00 	13,22,56,804		0.00,0.00	0,0 	0
4123    	32.11, -13.77, -7.81 	18.79, 23.21, -7.09 	0.00, -0.00 	13,22,56,814		nan,inf	0,0 	0
4131    	32.11, -13.76, -7.81 	18.78, 23.21, -7.09 	0.00, -0.00 	13,22,56,823		0.00,0.00	0,0 	0
4140    	32.10, -13.76, -7.82 	18.78, 23.21, -7.10 	0.00, -0.00 	13,22,56,833		inf,nan	0,0 	0
4149    	32.11, -13.75, -7.82 	18.77, 23.21, -7.09 	0.00, -0.00 	13,22,56,843		inf,inf	0,0 	0
4158    	32.09, -13.75, -7.81 	18.78, 23.22, -7.09 	0.00, -0.00 	13,22,56,853		0.00,0.00	0,0 	0
4166    	32.09, -13.75, -7.81 	18.78, 23.22, -7.10 	0.00, -0.00 	13,22,56,862		0.00,0.00	0,0 	0
4175    	32.11, -13.75, -7.82 	18.78, 23.22, -7.10 	0.00, -0.00 	13,22,56,872		inf,nan	0,0 	0
4184    	32.05, -13.76, -7.82 	18.78, 23.23, -7.10 	0.00, -0.00 	13,22,56,882		0.00,0.00	0,0 	0
4192    	32.05, -13.77, -7.79 	18.78, 23.23, -7.10 	0.00, -0.00 	13,22,56,891		0.00,0.00	0,0 	0
4201    	32.04, -13.77, -7.80 	18.77, 23.22, -7.10 	0.00, -0.00 	13,22,56,901		inf,inf	0,0 	0
4210    	32.04, -13.77, -7.80 	18.77, 23.23, -7.09 	0.00, -0.00 	13,22,56,911		nan,inf	0,0 	0
4218    	32.04, -13.77, -7.80 	18.77, 23.22, -7.09 	0.00, -0.00 	13,22,56,920		0.00,0.00	0,0 	0
4227    	32.07, -13.73, -7.80 	18.77, 23.23, -7.09 	0.00, -0.00 	13,22,56,930		inf,inf	0,0 	0
4236    	32.06, -13.74, -7.80 	18.76, 23.24, -7.10 	0.00, -0.00 	13,22,56,940		inf,inf	0,0 	0
4244    	32.08, -13.74, -7.81 	18.76, 23.24, -7.10 	0.00, -0.00 	13,22,56,949		0.00,0.00	0,0 	0
4253    	32.08, -13.74, -7.81 	18.77, 23.24, -7.09 	0.00, -0.00 	13,22,56,959		nan,inf	0,0 	0
4262    	32.08, -13.74, -7.81 	18.76, 23.24, -7.09 	0.00, -0.00 	13,22,56,969		nan,inf	0,0 	0
4270    	32.08, -13.74, -7.81 	18.75, 23.24, -7.10 	0.00, -0.00 	13,22,56,978		0.00,0.00	0,0 	0
4279    	32.10, -13.75, -7.82 	18.76, 23.25, -7.09 	0.00, -0.00 	13,22,56,988		inf,inf	0,0 	0
4288    	32.04, -13.76, -7.82 	18.75, 23.24, -7.09 	0.00, -0.00 	13,22,56,998		inf,inf	0,0 	0
4296    	32.07, -13.78, -7.85 	18.75, 23.23, -7.09 	0.00, -0.00 	13,22,57,7		0.00,0.00	0,0 	0
4305    	32.07, -13.78, -7.84 	18.76, 23.25, -7.09 	0.00, -0.00 	13,22,57,17		nan,inf	0,0 	0
4314    	32.07, -13.78, -7.84 	18.75, 23.25, -7.10 	0.00, -0.00 	13,22,57,27		nan,inf	0,0 	0
4322    	32.07, -13.78, -7.84 	18.75, 23.26, -7.10 	0.00, -0.00 	13,22,57,36		0.00,0.00	0,0 	0
4331    	32.09, -13.79, -7.85 	18.74, 23.25, -7.10 	0.00, -0.00 	13,22,57,46		inf,inf	0,0 	0
4340    	32.10, -13.80, -7.82 	18.74, 23.25, -7.09 	0.00, -0.00 	13,22,57,56		inf,nan	0,0 	0
4349    	32.11, -13.83, -7.81 	18.74, 23.26, -7.09 	0.00, -0.00 	13,22,57,66		0.00,0.00	0,0 	0
4357    	32.11, -13.82, -7.81 	18.74, 23.26, -7.09 	0.00, -0.00 	13,22,57,75		0.00,0.00	0,0 	0
4366    	32.10, -13.80, -7.82 	18.74, 23.25, -7.09 	0.00, -0.00 	13,22,57,85		inf,inf	0,0 	0
4375    	32.05, -13.81, -7.82 	18.73, 23.26, -7.09 	0.00, -0.00 	13,22,57,95		0.00,0.00	0,0 	0
4383    	32.04, -13.81, -7.82 	18.73, 23.26, -7.09 	0.00, -0.00 	13,22,57,104		0.00,0.00	0,0 	0
4392    	32.06, -13.81, -7.83 	18.73, 23.26, -7.10 	0.00, -0.00 	13,22,57,114		inf,nan	0,0 	0
4401    	32.06, -13.82, -7.83 	18.73, 23.25, -7.10 	0.00, -0.00 	13,22,57,124		inf,inf	0,0 	0
4409    	32.06, -13.82, -7.83 	18.72, 23.26, -7.10 	0.00, -0.00 	13,22,57,133		0.00,0.00	0,0 	0
4418    	32.08, -13.79, -7.84 	18.72, 23.25, -7.10 	0.00, -0.00 	13,22,57,143		inf,inf	0,0 	0
4427    	32.08, -13.79, -7.84 	18.72, 23.25, -7.10 	0.00, -0.00 	13,22,57,153		nan,nan	0,0 	0
4435    	32.09, -13.81, -7.80 	18.72, 23.26, -7.10 	0.00, -0.00 	13,22,57,162		0.00,0.00	0,0 	0
4444    	32.07, -13.83, -7.80 	18.73, 23.26, -7.10 	0.00, -0.00 	13,22,57,172		inf,inf	0,0 	0
4453    	32.07, -13.83, -7.80 	18.72, 23.26, -7.10 	0.00, -0.00 	13,22,57,182		nan,inf	0,0 	0
4461    	32.08, -13.87, -7.79 	18.72, 23.25, -7.10 	0.00, -0.00 	13,22,57,191		0.00,0.00	0,0 	0
4470    	32.09, -13.87, -7.80 	18.73, 23.26, -7.10 	0.00, -0.00 	13,22,57,201		inf,inf	0,0 	0
4479    	32.09, -13.87, -7.80 	18.73, 23.25, -7.09 	0.00, -0.00 	13,22,57,211		nan,inf	0,0 	0
4487    	32.09, -13.85, -7.81 	18.74, 23.26, -7.09 	0.00, -0.00 	13,22,57,220		0.00,0.00	0,0 	0
4496    	32.08, -13.83, -7.81 	18.73, 23.26, -7.10 	0.00, -0.00 	13,22,57,230		inf,inf	0,0 	0
4505    	32.11, -13.85, -7.82 	18.73, 23.26, -7.10 	0.00, -0.00 	13,22,57,240		inf,nan	0,0 	0
4514    	32.11, -13.85, -7.82 	18.74, 23.27, -7.09 	0.00, -0.00 	13,22,57,250		0.00,0.00	0,0 	0
4522    	32.14, -13.87, -7.78 	18.73, 23.26, -7.09 	0.00, -0.00 	13,22,57,259		0.00,0.00	0,0 	0
4531    	32.08, -13.88, -7.78 	18.73, 23.27, -7.10 	0.00, -0.00 	13,22,57,268		inf,inf	0,0 	0
4540    	32.12, -13.90, -7.80 	18.72, 23.26, -7.09 	0.00, -0.00 	13,22,57,278		0.00,0.00	0,0 	0
4548    	32.09, -13.86, -7.79 	18.72, 23.26, -7.10 	0.00, -0.00 	13,22,57,288		0.00,0.00	0,0 	0
4557    	32.03, -13.88, -7.79 	18.72, 23.25, -7.10 	0.00, -0.00 	13,22,57,297		inf,inf	0,0 	0
4566    	32.02, -13.87, -7.79 	18.69, 23.23, -7.09 	0.00, -0.00 	13,22,57,307		0.00,0.00	0,0 	0
4574    	31.97, -13.88, -7.81 	18.66, 23.22, -7.09 	0.00, -0.00 	13,22,57,317		0.00,0.00	0,0 	0
4584    	32.03, -13.85, -7.80 	18.63, 23.19, -7.09 	0.00, -0.00 	13,22,57,327		inf,inf	0,0 	0
4592    	32.03, -13.86, -7.80 	18.60, 23.18, -7.08 	0.00, -0.00 	13,22,57,336		0.00,0.00	0,0 	0
4600    	32.09, -13.89, -7.80 	18.59, 23.16, -7.08 	0.00, -0.00 	13,22,57,345		0.00,0.00	0,0 	0
4609    	32.09, -13.89, -7.77 	18.55, 23.12, -7.08 	0.00, -0.00 	13,22,57,355		nan,inf	0,0 	0
4618    	32.12, -13.85, -7.76 	18.37, 22.92, -7.07 	0.00, -0.00 	13,22,57,365		inf,inf	0,0 	0
4626    	32.09, -13.86, -7.78 	17.89, 22.42, -7.02 	0.00, -0.00 	13,22,57,374		0.00,0.00	0,0 	0
4635    	32.10, -13.86, -7.78 	17.57, 22.05, -6.99 	0.00, -0.00 	13,22,57,384		inf,inf	0,0 	0
4644    	32.08, -13.92, -7.73 	17.33, 21.77, -6.97 	0.00, -0.00 	13,22,57,394		inf,inf	0,0 	0
4652    	32.12, -13.91, -7.78 	17.10, 21.48, -6.96 	0.00, -0.00 	13,22,57,403		0.00,0.00	0,0 	0
4661    	32.05, -13.93, -7.76 	16.88, 21.18, -6.94 	0.00, -0.00 	13,22,57,413		inf,inf	0,0 	0
4670    	32.07, -13.93, -7.74 	16.62, 20.84, -6.91 	0.00, -0.00 	13,22,57,423		1.75,38.77	0,0 	0
4678    	32.07, -13.86, -7.79 	16.34, 20.47, -6.88 	0.00, -0.00 	13,22,57,432		7.46,46.34	0,0 	0
4687    	32.04, -13.88, -7.77 	16.06, 20.09, -6.86 	0.00, -0.00 	13,22,57,442		3.27,43.42	0,0 	0
4696    	32.06, -13.72, -7.79 	15.78, 19.68, -6.87 	0.00, -0.00 	13,22,57,452		14.64,44.49	0,0 	0
4705    	32.11, -13.82, -7.77 	15.48, 19.27, -6.89 	0.00, -0.00 	13,22,57,462		11.69,50.90	0,0 	0
4713    	32.14, -13.81, -7.70 	15.15, 18.84, -6.93 	0.00, -0.00 	13,22,57,471		4.00,54.04	0,0 	0
4722    	32.03, -13.91, -7.72 	14.80, 18.42, -7.00 	0.00, -0.00 	13,22,57,481		12.52,46.03	0,0 	0
4731    	32.08, -13.91, -7.66 	14.41, 18.03, -7.09 	0.00, -0.00 	13,22,57,491		4.82,55.45	0,0 	0
4739    	31.99, -13.90, -7.66 	14.00, 17.68, -7.16 	0.00, -0.00 	13,22,57,500		8.73,53.25	0,0 	0
4749    	31.91, -13.96, -7.66 	13.62, 17.31, -7.23 	0.00, -0.00 	13,22,57,511		9.11,48.43	0,0 	0
4757    	31.87, -14.07, -7.67 	13.18, 16.96, -7.29 	0.00, -0.00 	13,22,57,520		12.59,62.43	0,0 	0
4765    	31.84, -14.18, -7.66 	12.75, 16.63, -7.34 	0.00, -0.00 	13,22,57,529		11.33,54.13	0,0 	0
4774    	31.84, -14.25, -7.66 	12.41, 16.36, -7.39 	0.00, -0.00 	13,22,57,539		6.84,39.49	0,0 	0
4783    	31.91, -14.26, -7.66 	12.09, 16.08, -7.42 	0.00, -0.00 	13,22,57,549		6.83,42.59	0,0 	0
4791    	31.84, -14.23, -7.69 	11.75, 15.72, -7.43 	0.00, -0.00 	13,22,57,558		7.46,49.84	0,0 	0
4800    	31.83, -14.35, -7.68 	11.43, 15.34, -7.43 	0.00, -0.00 	13,22,57,568		10.80,45.03	0,0 	0
4809    	31.84, -14.39, -7.64 	11.15, 14.96, -7.45 	0.00, -0.00 	13,22,57,578		4.68,46.92	0,0 	0
4817    	31.86, -14.50, -7.63 	10.87, 14.62, -7.48 	0.00, -0.00 	13,22,57,587		10.83,43.82	0,0 	0
4826    	31.80, -14.55, -7.60 	10.57, 14.28, -7.48 	0.00, -0.00 	13,22,57,597		7.82,40.96	0,0 	0
4835    	31.75, -14.56, -7.61 	10.31, 13.97, -7.52 	0.00, -0.00 	13,22,57,607		4.93,41.58	0,0 	0
4843    	31.69, -14.56, -7.65 	10.04, 13.73, -7.58 	0.00, -0.00 	13,22,57,616		5.78,35.50	0,0 	0
4852    	31.71, -14.51, -7.66 	9.76, 13.50, -7.62 	0.00, -0.00 	13,22,57,626		5.15,32.93	0,0 	0
4861    	31.74, -14.47, -7.70 	9.54, 13.27, -7.65 	0.00, -0.00 	13,22,57,636		3.92,29.14	0,0 	0
4870    	31.72, -14.40, -7.71 	9.25, 13.03, -7.66 	0.00, -0.00 	13,22,57,646		7.70,36.96	0,0 	0
4878    	31.76, -14.39, -7.76 	9.00, 12.80, -7.68 	0.00, -0.00 	13,22,57,655		4.00,34.78	0,0 	0
4887    	31.81, -14.41, -7.75 	8.77, 12.57, -7.71 	0.00, -0.00 	13,22,57,665		4.79,29.74	0,0 	0
4896    	31.81, -14.41, -7.77 	8.57, 12.34, -7.73 	0.00, -0.00 	13,22,57,675		0.00,29.98	0,0 	0
4904    	31.77, -14.45, -7.71 	8.32, 12.09, -7.73 	0.00, -0.00 	13,22,57,684		5.75,35.57	0,0 	0
4913    	31.67, -14.50, -7.67 	8.01, 11.85, -7.74 	0.00, -0.00 	13,22,57,694		8.78,32.60	0,0 	0
4922    	31.58, -14.48, -7.73 	7.73, 11.61, -7.77 	0.00, -0.00 	13,22,57,704		8.73,36.23	0,0 	0
4930    	31.49, -14.52, -7.70 	7.46, 11.34, -7.78 	0.00, -0.00 	13,22,57,713		10.15,39.09	0,0 	0
4939    	31.43, -14.48, -7.73 	7.16, 11.05, -7.78 	0.00, -0.00 	13,22,57,723		6.00,37.45	0,0 	0
4948    	31.46, -14.40, -7.72 	6.89, 10.75, -7.77 	0.00, -0.00 	13,22,57,733		9.00,39.97	0,0 	0
4956    	31.37, -14.39, -7.74 	6.66, 10.47, -7.77 	0.00, -0.00 	13,22,57,742		8.73,36.70	0,0 	0
4965    	31.42, -14.23, -7.76 	6.48, 10.22, -7.77 	0.00, -0.00 	13,22,57,752		15.18,27.66	0,0 	0
4974    	31.43, -14.24, -7.77 	6.34, 10.01, -7.77 	0.00, -0.00 	13,22,57,762		1.44,25.62	0,0 	0
4982    	31.40, -14.26, -7.75 	6.07, 9.72, -7.75 	0.00, -0.00 	13,22,57,771		3.59,39.19	0,0 	0
4991    	31.35, -14.38, -7.72 	5.78, 9.41, -7.72 	0.00, -0.00 	13,22,57,781		11.52,39.52	0,0 	0
5000    	31.38, -14.32, -7.75 	5.54, 9.11, -7.71 	0.00, -0.00 	13,22,57,791		5.51,34.66	0,0 	0
5008    	31.26, -14.30, -7.73 	5.33, 8.81, -7.72 	0.00, -0.00 	13,22,57,800		12.70,36.40	0,0 	0
5017    	31.20, -14.32, -7.71 	5.15, 8.54, -7.70 	0.00, -0.00 	13,22,57,810		5.60,29.23	0,0 	0
5026    	31.16, -14.25, -7.77 	4.94, 8.30, -7.69 	0.00, -0.00 	13,22,57,820		7.63,29.28	0,0 	0
5034    	31.14, -14.16, -7.78 	4.69, 8.05, -7.68 	0.00, -0.00 	13,22,57,829		8.74,35.57	0,0 	0
5043    	31.12, -14.15, -7.77 	4.49, 7.78, -7.68 	0.00, -0.00 	13,22,57,839		2.00,30.24	0,0 	0
5052    	31.07, -14.16, -7.75 	4.36, 7.48, -7.67 	0.00, -0.00 	13,22,57,849		6.17,40.34	0,0 	0
5061    	31.05, -14.12, -7.72 	4.17, 7.16, -7.64 	0.00, -0.00 	13,22,57,859		7.35,53.08	0,0 	0
5069    	30.98, -14.14, -7.74 	3.92, 6.85, -7.61 	0.00, -0.00 	13,22,57,868		10.11,57.36	0,0 	0
5078    	30.94, -14.22, -7.72 	3.71, 6.57, -7.62 	0.00, -0.00 	13,22,57,878		10.50,44.42	0,0 	0
5087    	30.99, -14.22, -7.68 	3.49, 6.26, -7.59 	0.00, -0.00 	13,22,57,888		6.02,47.28	0,0 	0
5095    	30.86, -14.28, -7.67 	3.28, 5.97, -7.60 	0.00, -0.00 	13,22,57,897		20.09,50.77	0,0 	0
5104    	30.80, -14.19, -7.76 	2.94, 5.63, -7.57 	0.00, -0.00 	13,22,57,907		13.99,59.56	0,0 	0
5113    	30.66, -14.14, -7.77 	2.67, 5.35, -7.57 	0.00, -0.00 	13,22,57,917		18.83,49.81	0,0 	0
5121    	30.61, -14.02, -7.78 	2.54, 5.13, -7.61 	0.00, -0.00 	13,22,57,926		19.51,35.16	0,0 	0
5131    	30.49, -13.95, -7.83 	2.44, 4.91, -7.65 	0.00, -0.00 	13,22,57,937		17.57,30.85	0,0 	0
5139    	30.49, -13.79, -7.83 	2.32, 4.67, -7.68 	0.00, -0.00 	13,22,57,946		22.83,39.17	0,0 	0
5147    	30.40, -13.80, -7.85 	2.04, 4.38, -7.69 	0.00, -0.00 	13,22,57,955		12.48,56.93	0,0 	0
5156    	30.41, -13.76, -7.86 	1.81, 4.08, -7.70 	0.00, -0.00 	13,22,57,965		5.46,46.92	0,0 	0
5165    	30.44, -13.75, -7.86 	1.60, 3.83, -7.71 	0.00, -0.00 	13,22,57,975		3.85,41.27	0,0 	0
5173    	30.38, -13.73, -7.84 	1.38, 3.53, -7.72 	0.00, -0.00 	13,22,57,984		8.80,52.80	0,0 	0
5182    	30.32, -13.72, -7.86 	1.17, 3.33, -7.71 	0.00, -0.00 	13,22,57,994		7.35,36.40	0,0 	0
5191    	30.22, -13.76, -7.87 	0.88, 3.11, -7.76 	0.00, -0.00 	13,22,58,4		14.28,45.38	0,0 	0
5199    	30.08, -13.76, -7.91 	0.70, 2.94, -7.79 	0.00, -0.00 	13,22,58,13		19.27,35.50	0,0 	0
5208    	30.02, -13.71, -7.95 	0.49, 2.71, -7.77 	0.00, -0.00 	13,22,58,23		10.74,38.28	0,0 	0
5217    	29.97, -13.54, -7.97 	0.31, 2.53, -7.76 	0.00, -0.00 	13,22,58,33		22.14,31.98	0,0 	0
5226    	29.90, -13.41, -8.00 	0.18, 2.33, -7.75 	0.00, -0.00 	13,22,58,43		20.64,34.58	0,0 	0
5234    	29.88, -13.29, -8.02 	0.07, 2.17, -7.76 	0.00, -0.00 	13,22,58,52		16.97,27.26	0,0 	0
5243    	29.89, -13.14, -8.07 	0.05, 2.02, -7.75 	0.00, -0.00 	13,22,58,62		18.68,18.83	0,0 	0
5252    	29.84, -13.09, -8.02 	-0.02, 1.88, -7.76 	0.00, -0.00 	13,22,58,72		8.97,19.73	0,0 	0
5260    	29.82, -13.15, -8.03 	-0.12, 1.76, -7.76 	0.00, -0.00 	13,22,58,81		9.54,22.74	0,0 	0
5269    	29.82, -13.14, -8.00 	-0.25, 1.64, -7.73 	0.00, -0.00 	13,22,58,91		1.33,22.19	0,0 	0
5278    	29.78, -13.07, -8.02 	-0.32, 1.49, -7.69 	0.00, -0.00 	13,22,58,101		11.09,20.40	0,0 	0
5286    	29.68, -13.05, -8.04 	-0.43, 1.37, -7.64 	0.00, -0.00 	13,22,58,110		14.09,23.37	0,0 	0
5295    	29.64, -13.01, -8.09 	-0.50, 1.28, -7.62 	0.00, -0.00 	13,22,58,120		6.26,14.58	0,0 	0
