#Time 	Sensor1         Sensor2         Target          Time            Vel             
#================================================================

17      	29.94, -15.38, -7.13 	-0.13, 1.05, -6.65 	8.66, 5.00 	13,21,19,826		0.00,0.00	0,0 	0
22      	29.91, -15.39, -7.13 	-0.09, 1.05, -6.64 	8.66, 5.00 	13,21,19,835		6.16,7.70	0,0 	0
31      	29.91, -15.39, -7.15 	-0.15, 1.05, -6.64 	8.66, 5.00 	13,21,19,845		0.00,6.42	0,0 	0
40      	29.93, -15.39, -7.15 	-0.09, 1.04, -6.63 	8.66, 5.00 	13,21,19,855		2.14,6.54	0,0 	0
48      	29.94, -15.38, -7.16 	-0.17, 1.03, -6.65 	8.66, 5.00 	13,21,19,864		1.80,9.70	0,0 	0
57      	29.93, -15.38, -7.15 	-0.11, 1.05, -6.65 	8.66, 5.00 	13,21,19,874		1.07,6.81	0,0 	0
65      	29.94, -15.37, -7.15 	-0.17, 1.04, -6.65 	8.66, 5.00 	13,21,19,883		1.80,7.32	0,0 	0
74      	29.95, -15.40, -7.15 	-0.11, 1.05, -6.65 	8.66, 5.00 	13,21,19,893		3.71,6.51	0,0 	0
83      	29.93, -15.42, -7.13 	-0.16, 1.05, -6.65 	8.66, 5.00 	13,21,19,903		3.19,5.35	0,0 	0
91      	29.95, -15.43, -7.12 	-0.14, 1.06, -6.65 	8.66, 5.00 	13,21,19,912		2.75,2.73	0,0 	0
100     	29.95, -15.46, -7.12 	-0.15, 1.04, -6.64 	8.66, 5.00 	13,21,19,922		3.55,2.59	0,0 	0
109     	29.95, -15.47, -7.11 	-0.14, 1.08, -6.65 	8.66, 5.00 	13,21,19,932		1.18,4.85	0,0 	0
117     	29.93, -15.51, -7.10 	-0.14, 1.06, -6.65 	8.66, 5.00 	13,21,19,941		4.67,2.67	0,0 	0
126     	29.93, -15.51, -7.10 	-0.19, 1.05, -6.65 	8.66, 5.00 	13,21,19,951		0.00,5.46	0,0 	0
135     	29.91, -15.51, -7.11 	-0.16, 1.05, -6.64 	8.66, 5.00 	13,21,19,961		2.14,3.21	0,0 	0
143     	29.94, -15.47, -7.11 	-0.14, 1.06, -6.64 	8.66, 5.00 	13,21,19,970		5.39,2.73	0,0 	0
152     	29.96, -15.45, -7.11 	-0.16, 1.06, -6.63 	8.66, 5.00 	13,21,19,980		3.99,2.14	0,0 	0
161     	29.95, -15.46, -7.11 	-0.14, 1.08, -6.64 	8.66, 5.00 	13,21,19,990		2.45,3.17	0,0 	0
170     	29.99, -15.47, -7.11 	-0.15, 1.07, -6.64 	8.66, 5.00 	13,21,20,0		5.48,1.59	0,0 	0
178     	29.97, -15.49, -7.11 	-0.16, 1.07, -6.64 	8.66, 5.00 	13,21,20,9		2.75,1.20	0,0 	0
187     	29.98, -15.51, -7.09 	-0.15, 1.07, -6.64 	8.66, 5.00 	13,21,20,19		2.60,1.07	0,0 	0
196     	29.96, -15.53, -7.08 	-0.17, 1.07, -6.64 	8.66, 5.00 	13,21,20,29		3.19,2.14	0,0 	0
204     	29.96, -15.53, -7.08 	-0.17, 1.07, -6.64 	8.66, 5.00 	13,21,20,38		0.00,0.00	0,0 	0
213     	29.96, -15.56, -7.09 	-0.16, 1.05, -6.64 	8.66, 5.00 	13,21,20,48		3.71,2.62	0,0 	0
222     	29.95, -15.56, -7.09 	-0.20, 1.05, -6.63 	8.66, 5.00 	13,21,20,58		1.07,4.28	0,0 	0
231     	29.94, -15.54, -7.08 	-0.20, 1.05, -6.63 	8.66, 5.00 	13,21,20,68		2.60,0.00	0,0 	0
239     	29.95, -15.54, -7.08 	-0.18, 1.06, -6.64 	8.66, 5.00 	13,21,20,77		1.20,2.73	0,0 	0
248     	29.99, -15.51, -7.08 	-0.19, 1.07, -6.64 	8.66, 5.00 	13,21,20,87		6.43,1.61	0,0 	0
256     	30.01, -15.50, -7.08 	-0.18, 1.07, -6.65 	8.66, 5.00 	13,21,20,96		2.75,1.20	0,0 	0
265     	30.01, -15.51, -7.08 	-0.19, 1.05, -6.64 	8.66, 5.00 	13,21,20,106		1.18,2.59	0,0 	0
274     	30.00, -15.51, -7.08 	-0.21, 1.06, -6.64 	8.66, 5.00 	13,21,20,116		1.07,2.46	0,0 	0
282     	30.04, -15.51, -7.08 	-0.19, 1.05, -6.64 	8.66, 5.00 	13,21,20,125		4.82,2.77	0,0 	0
291     	30.00, -15.54, -7.08 	-0.18, 1.07, -6.65 	8.66, 5.00 	13,21,20,135		5.56,2.59	0,0 	0
300     	30.00, -15.55, -7.08 	-0.20, 1.06, -6.64 	8.66, 5.00 	13,21,20,145		1.18,2.43	0,0 	0
308     	29.99, -15.55, -7.08 	-0.21, 1.07, -6.64 	8.66, 5.00 	13,21,20,154		1.20,1.81	0,0 	0
317     	30.01, -15.52, -7.07 	-0.20, 1.08, -6.65 	8.66, 5.00 	13,21,20,164		4.15,1.59	0,0 	0
326     	29.99, -15.51, -7.08 	-0.22, 1.08, -6.65 	8.66, 5.00 	13,21,20,174		2.45,2.14	0,0 	0
335     	29.99, -15.50, -7.08 	-0.19, 1.08, -6.64 	8.66, 5.00 	13,21,20,184		1.18,3.21	0,0 	0
343     	30.01, -15.50, -7.09 	-0.20, 1.08, -6.65 	8.66, 5.00 	13,21,20,193		2.41,1.20	0,0 	0
352     	30.01, -15.46, -7.08 	-0.19, 1.08, -6.65 	8.66, 5.00 	13,21,20,203		3.55,1.07	0,0 	0
361     	30.01, -15.46, -7.08 	-0.19, 1.08, -6.65 	8.66, 5.00 	13,21,20,213		0.00,0.00	0,0 	0
369     	30.02, -15.47, -7.08 	-0.19, 1.11, -6.66 	8.66, 5.00 	13,21,20,222		1.79,2.67	0,0 	0
378     	30.01, -15.46, -7.08 	-0.19, 1.09, -6.65 	8.66, 5.00 	13,21,20,232		1.60,1.19	0,0 	0
387     	29.98, -15.51, -7.07 	-0.19, 1.09, -6.65 	8.66, 5.00 	13,21,20,242		5.72,0.00	0,0 	0
396     	29.97, -15.50, -7.07 	-0.19, 1.09, -6.65 	8.66, 5.00 	13,21,20,252		1.60,0.00	0,0 	0
404     	29.97, -15.51, -7.07 	-0.18, 1.09, -6.64 	8.66, 5.00 	13,21,20,261		1.33,1.20	0,0 	0
413     	29.96, -15.52, -7.08 	-0.19, 1.11, -6.64 	8.66, 5.00 	13,21,20,271		1.60,1.61	0,0 	0
421     	29.98, -15.50, -7.08 	-0.19, 1.11, -6.64 	8.66, 5.00 	13,21,20,280		3.59,0.00	0,0 	0
430     	29.96, -15.51, -7.08 	-0.18, 1.09, -6.64 	8.66, 5.00 	13,21,20,290		3.42,1.61	0,0 	0
439     	29.96, -15.53, -7.08 	-0.19, 1.09, -6.64 	8.66, 5.00 	13,21,20,300		2.60,1.07	0,0 	0
447     	29.98, -15.54, -7.08 	-0.19, 1.11, -6.64 	8.66, 5.00 	13,21,20,309		2.75,1.34	0,0 	0
456     	29.96, -15.53, -7.08 	-0.18, 1.10, -6.63 	8.66, 5.00 	13,21,20,319		2.45,1.07	0,0 	0
465     	29.97, -15.54, -7.07 	-0.18, 1.10, -6.64 	8.66, 5.00 	13,21,20,329		1.60,0.00	0,0 	0
473     	29.97, -15.56, -7.06 	-0.22, 1.12, -6.64 	8.66, 5.00 	13,21,20,338		2.66,5.01	0,0 	0
482     	29.97, -15.57, -7.06 	-0.22, 1.11, -6.63 	8.66, 5.00 	13,21,20,348		1.18,1.19	0,0 	0
491     	29.97, -15.56, -7.05 	-0.22, 1.11, -6.63 	8.66, 5.00 	13,21,20,358		1.18,0.00	0,0 	0
499     	29.96, -15.58, -7.06 	-0.22, 1.11, -6.63 	8.66, 5.00 	13,21,20,367		2.92,0.00	0,0 	0
508     	29.97, -15.56, -7.06 	-0.22, 1.09, -6.64 	8.66, 5.00 	13,21,20,377		2.60,1.19	0,0 	0
517     	29.96, -15.55, -7.08 	-0.22, 1.09, -6.64 	8.66, 5.00 	13,21,20,387		2.45,0.00	0,0 	0
526     	29.96, -15.57, -7.07 	-0.21, 1.09, -6.63 	8.66, 5.00 	13,21,20,397		2.37,1.07	0,0 	0
534     	29.98, -15.55, -7.08 	-0.21, 1.09, -6.63 	8.66, 5.00 	13,21,20,406		4.49,0.00	0,0 	0
543     	29.99, -15.57, -7.08 	-0.21, 1.09, -6.63 	8.66, 5.00 	13,21,20,416		2.60,0.00	0,0 	0
552     	30.00, -15.59, -7.08 	-0.21, 1.09, -6.63 	8.66, 5.00 	13,21,20,426		2.60,0.00	0,0 	0
560     	30.00, -15.59, -7.06 	-0.22, 1.08, -6.62 	8.66, 5.00 	13,21,20,435		0.00,1.78	0,0 	0
569     	29.99, -15.61, -7.06 	-0.22, 1.09, -6.64 	8.66, 5.00 	13,21,20,445		2.60,1.19	0,0 	0
578     	29.99, -15.62, -7.06 	-0.22, 1.09, -6.64 	8.66, 5.00 	13,21,20,455		1.18,0.00	0,0 	0
587     	29.95, -15.64, -7.06 	-0.22, 1.09, -6.64 	8.66, 5.00 	13,21,20,465		4.89,0.00	0,0 	0
595     	29.96, -15.61, -7.07 	-0.20, 1.09, -6.63 	8.66, 5.00 	13,21,20,474		4.17,2.41	0,0 	0
604     	29.98, -15.60, -7.07 	-0.20, 1.11, -6.64 	8.66, 5.00 	13,21,20,484		2.45,1.19	0,0 	0
612     	29.97, -15.60, -7.08 	-0.20, 1.12, -6.64 	8.66, 5.00 	13,21,20,493		1.20,1.34	0,0 	0
621     	30.00, -15.60, -7.08 	-0.21, 1.11, -6.65 	8.66, 5.00 	13,21,20,503		3.21,1.59	0,0 	0
630     	30.00, -15.60, -7.08 	-0.25, 1.11, -6.65 	8.66, 5.00 	13,21,20,513		0.00,4.28	0,0 	0
638     	29.97, -15.61, -7.08 	-0.24, 1.11, -6.64 	8.66, 5.00 	13,21,20,522		3.85,1.20	0,0 	0
647     	29.95, -15.61, -7.06 	-0.26, 1.12, -6.64 	8.66, 5.00 	13,21,20,532		2.14,2.46	0,0 	0
656     	29.95, -15.61, -7.06 	-0.25, 1.12, -6.64 	8.66, 5.00 	13,21,20,542		0.00,1.07	0,0 	0
664     	29.95, -15.61, -7.06 	-0.25, 1.11, -6.64 	8.66, 5.00 	13,21,20,551		1.20,1.34	0,0 	0
673     	29.95, -15.61, -7.06 	-0.27, 1.11, -6.65 	8.66, 5.00 	13,21,20,561		0.00,2.14	0,0 	0
682     	29.95, -15.61, -7.06 	-0.26, 1.11, -6.64 	8.66, 5.00 	13,21,20,571		1.07,1.07	0,0 	0
690     	29.95, -15.61, -7.06 	-0.22, 1.13, -6.64 	8.66, 5.00 	13,21,20,580		1.20,5.47	0,0 	0
699     	29.95, -15.61, -7.06 	-0.22, 1.13, -6.64 	8.66, 5.00 	13,21,20,590		1.07,0.00	0,0 	0
708     	29.95, -15.63, -7.06 	-0.22, 1.14, -6.66 	8.66, 5.00 	13,21,20,600		2.37,1.19	0,0 	0
717     	29.94, -15.64, -7.06 	-0.24, 1.13, -6.66 	8.66, 5.00 	13,21,20,610		2.45,2.43	0,0 	0
725     	29.96, -15.66, -7.05 	-0.24, 1.13, -6.66 	8.66, 5.00 	13,21,20,619		3.85,0.00	0,0 	0
734     	29.95, -15.68, -7.04 	-0.22, 1.13, -6.65 	8.66, 5.00 	13,21,20,629		3.19,2.14	0,0 	0
743     	29.95, -15.69, -7.03 	-0.23, 1.12, -6.64 	8.66, 5.00 	13,21,20,639		1.60,1.59	0,0 	0
751     	29.94, -15.70, -7.03 	-0.23, 1.12, -6.64 	8.66, 5.00 	13,21,20,648		2.75,0.00	0,0 	0
760     	29.94, -15.70, -7.03 	-0.23, 1.13, -6.64 	8.66, 5.00 	13,21,20,658		0.00,1.19	0,0 	0
769     	29.94, -15.70, -7.03 	-0.24, 1.11, -6.64 	8.66, 5.00 	13,21,20,668		0.00,2.59	0,0 	0
777     	29.93, -15.68, -7.04 	-0.24, 1.12, -6.65 	8.66, 5.00 	13,21,20,677		2.92,1.34	0,0 	0
786     	29.91, -15.70, -7.06 	-0.22, 1.12, -6.64 	8.66, 5.00 	13,21,20,687		3.19,2.14	0,0 	0
795     	29.91, -15.66, -7.07 	-0.22, 1.12, -6.64 	8.66, 5.00 	13,21,20,697		4.74,0.00	0,0 	0
803     	29.92, -15.68, -7.07 	-0.23, 1.12, -6.65 	8.66, 5.00 	13,21,20,706		2.92,1.20	0,0 	0
812     	29.95, -15.67, -7.06 	-0.25, 1.15, -6.65 	8.66, 5.00 	13,21,20,716		4.44,4.18	0,0 	0
821     	29.96, -15.68, -7.05 	-0.24, 1.15, -6.65 	8.66, 5.00 	13,21,20,726		1.60,1.07	0,0 	0
829     	29.95, -15.70, -7.04 	-0.24, 1.15, -6.65 	8.66, 5.00 	13,21,20,735		3.59,0.00	0,0 	0
838     	29.97, -15.69, -7.04 	-0.24, 1.15, -6.64 	8.66, 5.00 	13,21,20,745		3.42,0.00	0,0 	0
847     	29.93, -15.71, -7.04 	-0.26, 1.16, -6.63 	8.66, 5.00 	13,21,20,755		5.85,2.46	0,0 	0
855     	29.94, -15.68, -7.04 	-0.23, 1.16, -6.63 	8.66, 5.00 	13,21,20,764		4.17,3.61	0,0 	0
864     	29.95, -15.70, -7.05 	-0.24, 1.15, -6.63 	8.66, 5.00 	13,21,20,774		2.60,1.59	0,0 	0
873     	29.94, -15.69, -7.05 	-0.24, 1.15, -6.64 	8.66, 5.00 	13,21,20,784		1.60,0.00	0,0 	0
882     	29.95, -15.68, -7.06 	-0.25, 1.16, -6.64 	8.66, 5.00 	13,21,20,794		1.60,1.61	0,0 	0
890     	29.95, -15.71, -7.04 	-0.26, 1.16, -6.65 	8.66, 5.00 	13,21,20,803		4.17,1.20	0,0 	0
899     	29.96, -15.72, -7.02 	-0.28, 1.14, -6.64 	8.66, 5.00 	13,21,20,813		1.60,3.17	0,0 	0
908     	29.96, -15.74, -7.02 	-0.25, 1.14, -6.64 	8.66, 5.00 	13,21,20,823		2.37,3.21	0,0 	0
916     	29.95, -15.78, -7.00 	-0.28, 1.14, -6.62 	8.66, 5.00 	13,21,20,832		5.46,3.61	0,0 	0
925     	29.99, -15.79, -7.00 	-0.30, 1.12, -6.62 	8.66, 5.00 	13,21,20,842		4.44,3.17	0,0 	0
934     	29.95, -15.83, -6.99 	-0.26, 1.13, -6.63 	8.66, 5.00 	13,21,20,852		5.56,4.42	0,0 	0
942     	29.95, -15.82, -7.00 	-0.28, 1.14, -6.63 	8.66, 5.00 	13,21,20,861		1.80,2.77	0,0 	0
951     	29.95, -15.87, -7.00 	-0.26, 1.13, -6.64 	8.66, 5.00 	13,21,20,871		6.01,2.46	0,0 	0
960     	29.92, -15.89, -6.98 	-0.32, 1.15, -6.65 	8.66, 5.00 	13,21,20,881		4.89,6.88	0,0 	0
968     	29.92, -15.90, -6.99 	-0.30, 1.16, -6.67 	8.66, 5.00 	13,21,20,890		1.33,2.73	0,0 	0
977     	29.91, -15.89, -6.98 	-0.28, 1.16, -6.66 	8.66, 5.00 	13,21,20,900		1.60,2.14	0,0 	0
986     	29.92, -15.94, -6.98 	-0.29, 1.16, -6.68 	8.66, 5.00 	13,21,20,910		6.01,1.07	0,0 	0
994     	29.94, -16.00, -6.96 	-0.31, 1.15, -6.66 	8.66, 5.00 	13,21,20,919		7.57,2.73	0,0 	0
1003    	29.93, -16.06, -6.94 	-0.35, 1.16, -6.66 	8.66, 5.00 	13,21,20,929		7.42,4.46	1000,1 	0
1012    	29.89, -16.12, -6.92 	-0.31, 1.16, -6.64 	8.66, 5.00 	13,21,20,939		8.30,4.28	1000,1 	0
1020    	29.88, -16.21, -6.86 	-0.31, 1.12, -6.64 	8.66, 5.00 	13,21,20,948		10.72,5.35	1000,1 	0
1029    	29.79, -16.28, -6.86 	-0.33, 1.13, -6.64 	8.66, 5.00 	13,21,20,958		12.71,2.46	1000,1 	0
1038    	29.77, -16.40, -6.79 	-0.32, 1.13, -6.64 	8.66, 5.00 	13,21,20,968		13.20,1.07	1000,1 	0
1046    	29.78, -16.47, -6.81 	-0.33, 1.15, -6.64 	8.66, 5.00 	13,21,20,977		8.08,2.95	1000,1 	0
1055    	29.78, -16.59, -6.79 	-0.32, 1.14, -6.64 	8.66, 5.00 	13,21,20,987		14.21,1.61	1000,1 	0
1064    	29.79, -16.67, -6.77 	-0.33, 1.14, -6.65 	8.66, 5.00 	13,21,20,997		8.35,1.07	1000,1 	0
1072    	29.83, -16.71, -6.75 	-0.32, 1.14, -6.64 	8.66, 5.00 	13,21,21,6		7.18,1.20	1000,1 	0
1081    	29.86, -16.75, -6.68 	-0.35, 1.15, -6.66 	8.66, 5.00 	13,21,21,16		5.72,4.46	1000,1 	0
1090    	29.86, -16.83, -6.63 	-0.38, 1.19, -6.66 	8.66, 5.00 	13,21,21,26		8.29,5.77	1000,1 	0
1099    	29.81, -16.91, -6.60 	-0.39, 1.15, -6.64 	8.66, 5.00 	13,21,21,36		10.88,4.85	1000,1 	0
1107    	29.78, -16.97, -6.57 	-0.42, 1.16, -6.64 	8.66, 5.00 	13,21,21,45		7.58,3.87	1000,1 	0
1116    	29.66, -17.07, -6.53 	-0.40, 1.14, -6.64 	8.66, 5.00 	13,21,21,55		17.47,3.22	1000,1 	0
1125    	29.61, -17.12, -6.53 	-0.41, 1.16, -6.64 	8.66, 5.00 	13,21,21,65		7.98,2.62	1000,1 	0
1133    	29.56, -17.20, -6.49 	-0.46, 1.15, -6.64 	8.66, 5.00 	13,21,21,74		12.24,6.14	1000,1 	0
1142    	29.53, -17.26, -6.51 	-0.48, 1.15, -6.65 	8.66, 5.00 	13,21,21,84		7.80,2.14	1000,1 	0
1151    	29.54, -17.30, -6.50 	-0.47, 1.15, -6.64 	8.66, 5.00 	13,21,21,94		3.71,1.07	1000,1 	0
1159    	29.54, -17.31, -6.46 	-0.44, 1.16, -6.65 	8.66, 5.00 	13,21,21,103		1.33,3.83	1000,1 	0
1168    	29.56, -17.27, -6.43 	-0.46, 1.17, -6.64 	8.66, 5.00 	13,21,21,113		4.15,2.46	1000,1 	0
1177    	29.59, -17.27, -6.41 	-0.50, 1.16, -6.64 	8.66, 5.00 	13,21,21,123		3.21,4.42	1000,1 	0
1186    	29.50, -17.31, -6.38 	-0.53, 1.13, -6.64 	8.66, 5.00 	13,21,21,133		10.27,4.76	1000,1 	0
1194    	29.47, -17.39, -6.35 	-0.55, 1.11, -6.63 	8.66, 5.00 	13,21,21,142		11.25,3.57	1000,1 	0
1203    	29.44, -17.46, -6.32 	-0.57, 1.13, -6.64 	8.66, 5.00 	13,21,21,152		7.80,3.22	1000,1 	0
1211    	29.37, -17.52, -6.31 	-0.60, 1.11, -6.64 	8.66, 5.00 	13,21,21,161		11.62,4.46	1000,1 	0
1220    	29.35, -17.56, -6.31 	-0.61, 1.09, -6.61 	8.66, 5.00 	13,21,21,171		5.72,3.17	1000,1 	0
1229    	29.35, -17.55, -6.31 	-0.61, 1.09, -6.63 	8.66, 5.00 	13,21,21,181		1.18,0.00	1000,1 	0
1237    	29.40, -17.56, -6.32 	-0.61, 1.08, -6.61 	8.66, 5.00 	13,21,21,190		7.35,1.34	1000,1 	0
1246    	29.36, -17.62, -6.30 	-0.62, 1.09, -6.62 	8.66, 5.00 	13,21,21,200		7.31,1.61	1000,1 	0
1255    	29.37, -17.62, -6.28 	-0.66, 1.09, -6.61 	8.66, 5.00 	13,21,21,210		1.07,4.28	1000,1 	0
1264    	29.36, -17.68, -6.26 	-0.65, 1.08, -6.61 	8.66, 5.00 	13,21,21,220		7.18,1.61	1000,1 	0
1272    	29.32, -17.73, -6.24 	-0.68, 1.08, -6.62 	8.66, 5.00 	13,21,21,229		8.98,3.61	1000,1 	0
1281    	29.27, -17.79, -6.21 	-0.70, 1.06, -6.62 	8.66, 5.00 	13,21,21,239		7.98,3.17	1000,1 	0
1290    	29.19, -17.88, -6.20 	-0.74, 1.05, -6.61 	8.66, 5.00 	13,21,21,249		13.67,4.42	1000,1 	0
1298    	29.14, -17.91, -6.17 	-0.74, 1.05, -6.60 	8.66, 5.00 	13,21,21,258		7.23,0.00	1000,1 	0
1307    	29.11, -17.97, -6.15 	-0.75, 1.06, -6.59 	8.66, 5.00 	13,21,21,268		6.74,1.61	1000,1 	0
1316    	29.06, -17.99, -6.16 	-0.73, 1.05, -6.59 	8.66, 5.00 	13,21,21,278		6.85,2.46	1000,1 	0
1324    	29.03, -17.97, -6.14 	-0.73, 1.06, -6.60 	8.66, 5.00 	13,21,21,287		4.49,1.34	1000,1 	0
1333    	29.04, -17.98, -6.16 	-0.73, 1.03, -6.59 	8.66, 5.00 	13,21,21,297		1.60,2.38	1000,1 	0
1342    	29.02, -17.98, -6.15 	-0.75, 1.02, -6.60 	8.66, 5.00 	13,21,21,307		2.14,2.43	1000,1 	0
1350    	29.09, -17.94, -6.14 	-0.77, 1.06, -6.62 	8.66, 5.00 	13,21,21,316		9.97,4.71	1000,1 	0
1359    	29.04, -17.99, -6.11 	-0.78, 1.05, -6.60 	8.66, 5.00 	13,21,21,326		7.98,1.59	1000,1 	0
1368    	29.02, -18.04, -6.07 	-0.71, 1.06, -6.61 	8.66, 5.00 	13,21,21,336		6.30,7.56	1000,1 	0
1377    	28.98, -18.09, -6.06 	-0.75, 1.05, -6.61 	8.66, 5.00 	13,21,21,346		7.31,4.42	1000,1 	0
1385    	28.98, -18.14, -6.01 	-0.80, 1.06, -6.61 	8.66, 5.00 	13,21,21,355		5.33,6.18	1000,1 	0
1394    	28.95, -18.15, -6.02 	-0.78, 1.05, -6.60 	8.66, 5.00 	13,21,21,365		3.42,2.46	1000,1 	0
1402    	28.95, -18.17, -5.99 	-0.77, 1.06, -6.61 	8.66, 5.00 	13,21,21,374		2.66,1.78	1000,1 	0
1411    	28.92, -18.20, -5.99 	-0.75, 1.03, -6.61 	8.66, 5.00 	13,21,21,384		4.79,3.22	1000,1 	0
1420    	28.94, -18.21, -6.01 	-0.73, 1.05, -6.63 	8.66, 5.00 	13,21,21,394		2.45,2.43	1000,1 	0
1428    	28.92, -18.22, -6.00 	-0.81, 1.04, -6.61 	8.66, 5.00 	13,21,21,403		2.75,9.70	1000,1 	0
1437    	28.95, -18.30, -5.97 	-0.77, 1.01, -6.60 	8.66, 5.00 	13,21,21,413		8.89,4.92	1000,1 	0
1446    	28.95, -18.36, -5.92 	-0.74, 1.00, -6.59 	8.66, 5.00 	13,21,21,423		7.10,3.44	1000,1 	0
1455    	28.95, -18.46, -5.87 	-0.76, 0.98, -6.59 	8.66, 5.00 	13,21,21,433		10.65,3.17	1000,1 	0
1463    	28.95, -18.50, -5.83 	-0.71, 0.99, -6.58 	8.66, 5.00 	13,21,21,442		5.33,6.14	1000,1 	0
1472    	28.92, -18.54, -5.81 	-0.71, 1.00, -6.61 	8.66, 5.00 	13,21,21,452		5.72,1.19	1000,1 	0
1481    	28.90, -18.59, -5.78 	-0.69, 0.98, -6.62 	8.66, 5.00 	13,21,21,462		5.20,3.22	1000,1 	0
1489    	28.83, -18.70, -5.74 	-0.69, 0.96, -6.60 	8.66, 5.00 	13,21,21,471		16.91,2.67	1000,1 	0
1498    	28.78, -18.78, -5.73 	-0.73, 0.93, -6.59 	8.66, 5.00 	13,21,21,481		10.49,5.53	1000,1 	0
1507    	28.76, -18.86, -5.68 	-0.72, 0.91, -6.59 	8.66, 5.00 	13,21,21,491		9.71,2.62	1000,1 	0
1515    	28.78, -18.90, -5.68 	-0.69, 0.91, -6.60 	8.66, 5.00 	13,21,21,500		5.84,3.61	1000,1 	0
1524    	28.81, -18.97, -5.63 	-0.67, 0.88, -6.61 	8.66, 5.00 	13,21,21,510		8.29,3.22	1000,1 	0
1533    	28.86, -19.05, -5.57 	-0.71, 0.85, -6.61 	8.66, 5.00 	13,21,21,520		10.87,5.53	1000,1 	0
1541    	28.88, -19.14, -5.51 	-0.64, 0.82, -6.62 	8.66, 5.00 	13,21,21,529		10.92,9.38	1000,1 	0
1550    	28.90, -19.28, -5.43 	-0.63, 0.81, -6.61 	8.66, 5.00 	13,21,21,539		15.54,1.61	1000,1 	0
1559    	28.79, -19.49, -5.38 	-0.58, 0.79, -6.59 	8.66, 5.00 	13,21,21,549		26.45,5.88	1000,1 	0
1568    	28.74, -19.65, -5.30 	-0.59, 0.71, -6.59 	8.66, 5.00 	13,21,21,559		18.89,8.37	1000,1 	0
1576    	28.66, -19.78, -5.31 	-0.59, 0.69, -6.59 	8.66, 5.00 	13,21,21,568		18.67,2.67	1000,1 	0
1585    	28.63, -19.85, -5.28 	-0.55, 0.65, -6.58 	8.66, 5.00 	13,21,21,578		8.89,6.44	1000,1 	0
1593    	28.63, -19.97, -5.27 	-0.53, 0.65, -6.58 	8.66, 5.00 	13,21,21,587		14.65,2.41	1000,1 	0
1602    	28.67, -20.00, -5.30 	-0.50, 0.59, -6.59 	8.66, 5.00 	13,21,21,597		5.56,6.79	1000,1 	0
1611    	28.74, -20.10, -5.26 	-0.48, 0.54, -6.59 	8.66, 5.00 	13,21,21,607		13.02,6.79	1000,1 	0
1619    	28.75, -20.13, -5.24 	-0.37, 0.55, -6.63 	8.66, 5.00 	13,21,21,616		4.66,13.28	1000,1 	0
1628    	28.81, -20.20, -5.21 	-0.35, 0.48, -6.60 	8.66, 5.00 	13,21,21,626		10.48,8.62	1000,1 	0
1637    	28.78, -20.25, -5.20 	-0.31, 0.42, -6.59 	8.66, 5.00 	13,21,21,636		5.72,7.37	1000,1 	0
1646    	28.76, -20.33, -5.17 	-0.26, 0.35, -6.57 	8.66, 5.00 	13,21,21,646		9.71,9.95	1000,1 	0
1654    	28.74, -20.42, -5.15 	-0.25, 0.26, -6.55 	8.66, 5.00 	13,21,21,655		10.92,10.78	1000,1 	0
1663    	28.75, -20.45, -5.15 	-0.21, 0.18, -6.52 	8.66, 5.00 	13,21,21,665		3.71,10.48	1000,1 	0
1672    	28.73, -20.51, -5.15 	-0.17, 0.09, -6.51 	8.66, 5.00 	13,21,21,675		7.80,10.48	1000,1 	0
1680    	28.71, -20.55, -5.15 	-0.15, 0.04, -6.51 	8.66, 5.00 	13,21,21,684		4.67,7.14	1000,1 	0
1689    	28.70, -20.61, -5.16 	-0.13, -0.03, -6.50 	8.66, 5.00 	13,21,21,694		7.18,7.47	1000,1 	0
1698    	28.75, -20.64, -5.16 	-0.05, -0.11, -6.52 	8.66, 5.00 	13,21,21,704		7.34,13.63	1000,1 	0
1706    	28.80, -20.67, -5.19 	-0.01, -0.25, -6.50 	8.66, 5.00 	13,21,21,713		7.22,18.10	1000,1 	0
1715    	28.79, -20.72, -5.19 	0.14, -0.37, -6.50 	8.66, 5.00 	13,21,21,723		4.86,20.84	1000,1 	0
1724    	28.91, -20.76, -5.19 	0.33, -0.50, -6.50 	8.66, 5.00 	13,21,21,733		13.69,25.88	1000,1 	0
1732    	28.94, -20.80, -5.19 	0.55, -0.74, -6.47 	8.66, 5.00 	13,21,21,742		6.43,40.68	1000,1 	0
1741    	28.91, -20.83, -5.20 	0.87, -1.01, -6.46 	8.66, 5.00 	13,21,21,752		4.79,46.47	1000,1 	0
1750    	28.99, -20.84, -5.22 	1.19, -1.33, -6.40 	8.66, 5.00 	13,21,21,762		8.64,50.53	1000,1 	0
1759    	28.96, -20.89, -5.26 	1.55, -1.62, -6.36 	8.66, 5.00 	13,21,21,772		5.72,51.31	1000,1 	0
1767    	29.04, -20.91, -5.31 	1.89, -1.84, -6.39 	8.66, 5.00 	13,21,21,781		11.16,50.21	1000,1 	0
1776    	29.13, -20.91, -5.39 	2.36, -1.90, -6.42 	8.66, 5.00 	13,21,21,791		9.63,52.82	1000,1 	0
1784    	29.30, -20.84, -5.46 	2.74, -2.01, -6.46 	8.66, 5.00 	13,21,21,800		23.11,48.98	1000,1 	0
1793    	29.41, -20.89, -5.52 	3.00, -2.14, -6.42 	8.66, 5.00 	13,21,21,810		12.69,32.39	1000,1 	0
1802    	29.57, -20.94, -5.56 	3.24, -2.28, -6.43 	8.66, 5.00 	13,21,21,820		19.13,31.08	1000,1 	0
1811    	29.73, -21.11, -5.57 	3.57, -2.31, -6.47 	8.66, 5.00 	13,21,21,830		25.53,36.59	1000,1 	0
1819    	29.78, -21.32, -5.59 	4.00, -2.36, -6.54 	8.66, 5.00 	13,21,21,839		27.59,54.48	1000,1 	0
1828    	29.89, -21.53, -5.64 	4.30, -2.33, -6.60 	8.66, 5.00 	13,21,21,849		25.38,33.29	1000,1 	0
1837    	29.81, -21.76, -5.74 	4.39, -2.27, -6.66 	8.66, 5.00 	13,21,21,859		27.42,12.76	1000,1 	0
1845    	29.86, -21.96, -5.81 	4.53, -2.21, -6.75 	8.66, 5.00 	13,21,21,868		26.01,18.54	1000,1 	0
1854    	29.91, -22.00, -5.91 	4.71, -2.12, -6.84 	8.66, 5.00 	13,21,21,878		6.42,22.30	1000,1 	0
1863    	29.99, -22.00, -6.01 	4.82, -2.03, -6.90 	8.66, 5.00 	13,21,21,888		8.56,15.78	1000,1 	0
1871    	30.08, -22.03, -6.05 	5.00, -1.90, -6.97 	8.66, 5.00 	13,21,21,896		12.68,27.72	1000,1 	0
1880    	30.29, -22.04, -6.11 	5.20, -1.79, -7.02 	8.66, 5.00 	13,21,21,906		23.58,25.25	1000,1 	0
1889    	30.45, -22.12, -6.13 	5.44, -1.64, -7.13 	8.66, 5.00 	13,21,21,916		19.56,31.90	1000,1 	0
1897    	30.63, -22.22, -6.16 	5.67, -1.54, -7.16 	8.66, 5.00 	13,21,21,926		25.82,31.11	1000,1 	0
1906    	30.66, -22.44, -6.16 	5.89, -1.38, -7.21 	8.66, 5.00 	13,21,21,935		25.06,30.15	1000,1 	0
1915    	30.65, -22.66, -6.10 	6.13, -1.25, -7.26 	8.66, 5.00 	13,21,21,945		23.70,30.67	1000,1 	0
1923    	30.67, -22.75, -6.17 	6.29, -1.02, -7.34 	8.66, 5.00 	13,21,21,954		12.22,34.47	1000,1 	0
1932    	30.65, -22.88, -6.17 	6.51, -0.90, -7.42 	8.66, 5.00 	13,21,21,965		14.37,28.24	1000,1 	0
1941    	30.67, -22.93, -6.15 	6.74, -0.67, -7.48 	8.66, 5.00 	13,21,21,974		6.29,35.52	1000,1 	0
1950    	30.64, -22.94, -6.17 	6.84, -0.48, -7.55 	8.66, 5.00 	13,21,21,984		3.42,23.76	1000,1 	0
1958    	30.69, -22.95, -6.19 	6.92, -0.32, -7.56 	8.66, 5.00 	13,21,21,993		6.17,22.64	1000,1 	0
1967    	30.80, -22.93, -6.22 	7.00, -0.20, -7.60 	8.66, 5.00 	13,21,22,3		13.06,15.51	1000,1 	0
1975    	30.89, -22.92, -6.24 	7.30, -0.06, -7.62 	8.66, 5.00 	13,21,22,12		10.92,42.55	1000,1 	0
1984    	31.00, -22.91, -6.23 	7.45, 0.04, -7.66 	8.66, 5.00 	13,21,22,22		11.83,19.14	1000,1 	0
1993    	31.02, -22.90, -6.22 	7.57, 0.14, -7.66 	8.66, 5.00 	13,21,22,32		2.45,18.15	1000,1 	0
2002    	31.15, -22.85, -6.23 	7.69, 0.22, -7.66 	8.66, 5.00 	13,21,22,42		16.12,15.18	1000,1 	0
2010    	31.17, -22.78, -6.21 	7.91, 0.32, -7.68 	8.66, 5.00 	13,21,22,51		8.35,30.54	1000,1 	0
2019    	31.18, -22.82, -6.19 	8.04, 0.42, -7.69 	8.66, 5.00 	13,21,22,61		3.71,18.26	1000,1 	0
2028    	31.20, -22.81, -6.19 	8.18, 0.50, -7.70 	8.66, 5.00 	13,21,22,71		2.45,17.61	1000,1 	0
2036    	31.18, -22.85, -6.19 	8.29, 0.65, -7.76 	8.66, 5.00 	13,21,22,80		5.85,23.46	1000,1 	0
2045    	31.19, -22.82, -6.22 	8.41, 0.71, -7.77 	8.66, 5.00 	13,21,22,90		3.71,15.53	1000,1 	0
2054    	31.18, -22.74, -6.21 	8.51, 0.79, -7.80 	8.66, 5.00 	13,21,22,100		8.35,13.45	1000,1 	0
2062    	31.29, -22.67, -6.24 	8.60, 0.86, -7.80 	8.66, 5.00 	13,21,22,109		16.20,14.20	1000,1 	0
2071    	31.33, -22.69, -6.21 	8.68, 0.93, -7.82 	8.66, 5.00 	13,21,22,119		5.85,11.89	1000,1 	0
2080    	31.39, -22.72, -6.20 	8.80, 1.02, -7.82 	8.66, 5.00 	13,21,22,129		7.34,16.58	1000,1 	0
2088    	31.40, -22.75, -6.17 	8.90, 1.07, -7.82 	8.66, 5.00 	13,21,22,138		4.17,14.73	1000,1 	0
2097    	31.40, -22.78, -6.12 	8.97, 1.17, -7.80 	8.66, 5.00 	13,21,22,148		3.55,12.96	1000,1 	0
2106    	31.39, -22.86, -6.08 	9.01, 1.19, -7.76 	8.66, 5.00 	13,21,22,158		8.36,4.86	1000,1 	0
2114    	31.38, -22.93, -6.08 	9.08, 1.24, -7.73 	8.66, 5.00 	13,21,22,167		9.40,11.63	1000,1 	0
2123    	31.35, -22.98, -6.07 	9.16, 1.40, -7.73 	8.66, 5.00 	13,21,22,177		5.72,19.65	1000,1 	0
2132    	31.34, -22.93, -6.07 	9.21, 1.49, -7.72 	8.66, 5.00 	13,21,22,187		4.85,10.83	1000,1 	0
2141    	31.30, -22.94, -6.06 	9.31, 1.58, -7.68 	8.66, 5.00 	13,21,22,197		4.44,15.78	1000,1 	0
2149    	31.32, -22.90, -6.05 	9.27, 1.62, -7.67 	8.66, 5.00 	13,21,22,206		5.85,7.28	1000,1 	0
2158    	31.34, -22.93, -6.03 	9.36, 1.70, -7.61 	8.66, 5.00 	13,21,22,216		4.15,14.20	1000,1 	0
2167    	31.35, -22.95, -5.99 	9.47, 1.78, -7.58 	8.66, 5.00 	13,21,22,226		2.60,15.01	1000,1 	0
2175    	31.34, -23.01, -5.95 	9.47, 1.84, -7.53 	8.66, 5.00 	13,21,22,235		6.77,6.68	1000,1 	0
2184    	31.35, -23.01, -5.91 	9.54, 1.92, -7.47 	8.66, 5.00 	13,21,22,245		1.07,12.69	1000,1 	0
2193    	31.31, -23.07, -5.88 	9.55, 2.05, -7.42 	8.66, 5.00 	13,21,22,255		8.30,14.28	1000,1 	0
2201    	31.31, -23.07, -5.84 	9.53, 2.13, -7.37 	8.66, 5.00 	13,21,22,264		0.00,9.69	1000,1 	0
2210    	31.27, -23.07, -5.81 	9.50, 2.17, -7.29 	8.66, 5.00 	13,21,22,274		5.35,5.77	1000,1 	0
2219    	31.18, -23.10, -5.82 	9.48, 2.24, -7.27 	8.66, 5.00 	13,21,22,284		10.27,8.62	1000,1 	0
2227    	31.16, -23.09, -5.81 	9.44, 2.32, -7.22 	8.66, 5.00 	13,21,22,293		2.75,10.58	1000,1 	0
2236    	31.16, -23.16, -5.77 	9.43, 2.37, -7.20 	8.66, 5.00 	13,21,22,303		7.10,6.05	1000,1 	0
2245    	31.13, -23.18, -5.76 	9.39, 2.45, -7.17 	8.66, 5.00 	13,21,22,313		3.99,9.41	1000,1 	0
2253    	31.08, -23.23, -5.71 	9.35, 2.57, -7.16 	8.66, 5.00 	13,21,22,322		8.98,15.54	1000,1 	0
2262    	31.04, -23.27, -5.66 	9.34, 2.62, -7.17 	8.66, 5.00 	13,21,22,332		6.39,6.34	1000,1 	0
2271    	31.05, -23.31, -5.62 	9.33, 2.69, -7.18 	8.66, 5.00 	13,21,22,342		3.71,8.40	1000,1 	0
2279    	31.03, -23.28, -5.62 	9.27, 2.76, -7.19 	8.66, 5.00 	13,21,22,351		3.59,10.87	1000,1 	0
2288    	30.96, -23.34, -5.58 	9.21, 2.77, -7.17 	8.66, 5.00 	13,21,22,361		10.41,6.54	1000,1 	0
2297    	30.90, -23.31, -5.55 	9.17, 2.80, -7.17 	8.66, 5.00 	13,21,22,371		7.34,5.61	1000,1 	0
2305    	30.79, -23.31, -5.50 	9.11, 2.85, -7.17 	8.66, 5.00 	13,21,22,380		13.25,9.05	1000,1 	0
2314    	30.79, -23.30, -5.48 	9.04, 2.88, -7.18 	8.66, 5.00 	13,21,22,390		1.18,9.32	1000,1 	0
2323    	30.75, -23.25, -5.49 	8.94, 2.94, -7.18 	8.66, 5.00 	13,21,22,400		6.38,12.94	1000,1 	0
2331    	30.71, -23.16, -5.48 	8.80, 3.02, -7.19 	8.66, 5.00 	13,21,22,409		13.41,19.39	1000,1 	0
2340    	30.69, -23.14, -5.47 	8.71, 3.10, -7.18 	8.66, 5.00 	13,21,22,419		3.19,13.65	1000,1 	0
2349    	30.69, -23.09, -5.43 	8.62, 3.15, -7.16 	8.66, 5.00 	13,21,22,429		4.74,11.39	1000,1 	0
2358    	30.70, -22.99, -5.43 	8.54, 3.22, -7.18 	8.66, 5.00 	13,21,22,439		11.89,12.02	1000,1 	0
2366    	30.63, -22.94, -5.34 	8.46, 3.31, -7.16 	8.66, 5.00 	13,21,22,448		9.97,14.49	1000,1 	0
2375    	30.53, -22.90, -5.34 	8.42, 3.38, -7.14 	8.66, 5.00 	13,21,22,458		11.70,8.97	1000,1 	0
2384    	30.46, -22.90, -5.33 	8.34, 3.45, -7.15 	8.66, 5.00 	13,21,22,468		8.56,12.02	1000,1 	0
2392    	30.39, -22.86, -5.29 	8.27, 3.57, -7.15 	8.66, 5.00 	13,21,22,477		9.97,17.05	1000,1 	0
2401    	30.29, -22.82, -5.28 	8.22, 3.67, -7.16 	8.66, 5.00 	13,21,22,487		11.70,12.03	1000,1 	0
2410    	30.23, -22.79, -5.24 	8.15, 3.76, -7.15 	8.66, 5.00 	13,21,22,497		7.86,13.14	1000,1 	0
2418    	30.18, -22.72, -5.23 	8.10, 3.84, -7.15 	8.66, 5.00 	13,21,22,506		11.09,11.20	1000,1 	0
2427    	30.22, -22.67, -5.22 	8.08, 3.89, -7.14 	8.66, 5.00 	13,21,22,516		7.31,6.79	1000,1 	0
2436    	30.18, -22.65, -5.15 	8.03, 3.99, -7.13 	8.66, 5.00 	13,21,22,526		4.89,12.03	1000,1 	0
2444    	30.18, -22.58, -5.11 	8.02, 4.03, -7.11 	8.66, 5.00 	13,21,22,535		7.99,5.50	1000,1 	0
2453    	30.17, -22.52, -5.04 	8.02, 4.12, -7.09 	8.66, 5.00 	13,21,22,545		7.18,9.50	1000,1 	0
2462    	30.09, -22.55, -5.00 	7.99, 4.18, -7.05 	8.66, 5.00 	13,21,22,555		9.27,7.86	1000,1 	0
2470    	30.01, -22.49, -4.95 	8.01, 4.27, -7.03 	8.66, 5.00 	13,21,22,564		12.51,11.23	1000,1 	0
2479    	29.98, -22.47, -4.92 	8.01, 4.36, -7.01 	8.66, 5.00 	13,21,22,574		4.44,10.69	1000,1 	0
2488    	29.86, -22.45, -4.91 	8.02, 4.47, -6.98 	8.66, 5.00 	13,21,22,584		13.06,11.91	1000,1 	0
2496    	29.79, -22.41, -4.94 	8.03, 4.55, -6.93 	8.66, 5.00 	13,21,22,593		9.97,10.74	1000,1 	0
2505    	29.79, -22.39, -4.92 	8.08, 4.69, -6.89 	8.66, 5.00 	13,21,22,603		2.37,16.27	1000,1 	0
2514    	29.74, -22.34, -4.94 	8.11, 4.79, -6.90 	8.66, 5.00 	13,21,22,613		7.98,11.12	1000,1 	0
2523    	29.78, -22.33, -4.94 	8.16, 4.86, -6.86 	8.66, 5.00 	13,21,22,623		4.44,9.82	1000,1 	0
2531    	29.76, -22.31, -4.93 	8.16, 4.87, -6.85 	8.66, 5.00 	13,21,22,632		2.75,1.34	1000,1 	0
2540    	29.78, -22.30, -4.91 	8.17, 4.90, -6.85 	8.66, 5.00 	13,21,22,642		2.45,3.17	1000,1 	0
2549    	29.77, -22.28, -4.90 	8.18, 4.90, -6.83 	8.66, 5.00 	13,21,22,652		2.60,1.07	1000,1 	0
2557    	29.76, -22.29, -4.90 	8.21, 4.88, -6.82 	8.66, 5.00 	13,21,22,661		1.80,3.87	1000,1 	0
2566    	29.76, -22.27, -4.87 	8.21, 4.88, -6.82 	8.66, 5.00 	13,21,22,671		2.37,0.00	1000,1 	0
2575    	29.72, -22.29, -4.86 	8.18, 4.86, -6.81 	8.66, 5.00 	13,21,22,681		5.85,3.96	1000,1 	0
2583    	29.72, -22.28, -4.89 	8.19, 4.88, -6.80 	8.66, 5.00 	13,21,22,690		1.33,2.91	1000,1 	0
2592    	29.72, -22.29, -4.89 	8.19, 4.90, -6.80 	8.66, 5.00 	13,21,22,700		1.18,1.19	1000,1 	0
2601    	29.71, -22.31, -4.86 	8.21, 4.91, -6.80 	8.66, 5.00 	13,21,22,710		2.60,2.43	1000,1 	0
2609    	29.69, -22.35, -4.87 	8.23, 4.88, -6.80 	8.66, 5.00 	13,21,22,719		4.67,3.62	1000,1 	0
2618    	29.68, -22.37, -4.85 	8.25, 4.93, -6.81 	8.66, 5.00 	13,21,22,729		2.60,5.18	1000,1 	0
2627    	29.71, -22.34, -4.85 	8.31, 4.95, -6.82 	8.66, 5.00 	13,21,22,739		4.79,6.81	1000,1 	0
2635    	29.73, -22.37, -4.84 	8.36, 5.00, -6.82 	8.66, 5.00 	13,21,22,748		5.38,8.92	1000,1 	0
2644    	29.67, -22.43, -4.82 	8.40, 5.00, -6.80 	8.66, 5.00 	13,21,22,758		10.33,5.35	1000,1 	0
2653    	29.66, -22.45, -4.82 	8.41, 4.99, -6.78 	8.66, 5.00 	13,21,22,768		2.60,1.61	1000,1 	0
2661    	29.64, -22.47, -4.79 	8.40, 4.95, -6.78 	8.66, 5.00 	13,21,22,777		3.59,5.83	1000,1 	0
2670    	29.60, -22.52, -4.77 	8.40, 4.96, -6.78 	8.66, 5.00 	13,21,22,787		6.39,1.59	1000,1 	0
2679    	29.64, -22.51, -4.77 	8.40, 4.96, -6.76 	8.66, 5.00 	13,21,22,797		4.44,0.00	1000,1 	0
2687    	29.61, -22.59, -4.76 	8.39, 5.00, -6.78 	8.66, 5.00 	13,21,22,806		11.25,5.50	1000,1 	0
2696    	29.61, -22.61, -4.75 	8.40, 5.01, -6.78 	8.66, 5.00 	13,21,22,816		2.37,1.59	1000,1 	0
2705    	29.63, -22.63, -4.73 	8.42, 5.02, -6.79 	8.66, 5.00 	13,21,22,826		3.19,2.43	1000,1 	0
2714    	29.65, -22.64, -4.74 	8.41, 4.99, -6.79 	8.66, 5.00 	13,21,22,836		2.45,3.71	1000,1 	0
2722    	29.67, -22.67, -4.72 	8.42, 5.01, -6.79 	8.66, 5.00 	13,21,22,845		3.59,2.91	1000,1 	0
2731    	29.72, -22.68, -4.69 	8.42, 4.99, -6.77 	8.66, 5.00 	13,21,22,855		6.53,2.38	1000,1 	0
2740    	29.71, -22.71, -4.68 	8.43, 5.01, -6.76 	8.66, 5.00 	13,21,22,865		3.71,2.59	1000,1 	0
2748    	29.70, -22.72, -4.66 	8.40, 5.00, -6.76 	8.66, 5.00 	13,21,22,874		2.75,3.83	1000,1 	0
2757    	29.64, -22.74, -4.65 	8.41, 5.00, -6.75 	8.66, 5.00 	13,21,22,884		6.85,1.07	1000,1 	0
2766    	29.62, -22.75, -4.64 	8.43, 5.03, -6.75 	8.66, 5.00 	13,21,22,894		2.45,4.13	1000,1 	0
2774    	29.65, -22.73, -4.66 	8.40, 5.02, -6.76 	8.66, 5.00 	13,21,22,903		4.49,3.83	1000,1 	0
2783    	29.64, -22.71, -4.66 	8.43, 5.04, -6.77 	8.66, 5.00 	13,21,22,913		2.60,3.96	1000,1 	0
2792    	29.63, -22.69, -4.67 	8.44, 5.02, -6.76 	8.66, 5.00 	13,21,22,923		2.60,2.62	1000,1 	0
2800    	29.64, -22.69, -4.66 	8.41, 5.02, -6.77 	8.66, 5.00 	13,21,22,932		1.20,3.61	1000,1 	0
2809    	29.64, -22.70, -4.66 	8.41, 5.02, -6.77 	8.66, 5.00 	13,21,22,942		1.18,0.00	1000,1 	0
2818    	29.69, -22.71, -4.65 	8.43, 5.04, -6.77 	8.66, 5.00 	13,21,22,952		5.48,3.17	1000,1 	0
2826    	29.68, -22.72, -4.63 	8.43, 5.04, -6.78 	8.66, 5.00 	13,21,22,961		1.80,0.00	1000,1 	0
2835    	29.68, -22.73, -4.61 	8.43, 5.04, -6.77 	8.66, 5.00 	13,21,22,971		1.18,0.00	1000,1 	0
2844    	29.67, -22.76, -4.59 	8.41, 5.04, -6.77 	8.66, 5.00 	13,21,22,981		3.71,2.14	1000,1 	0
2852    	29.65, -22.77, -4.61 	8.41, 5.03, -6.76 	8.66, 5.00 	13,21,22,990		2.75,1.34	1000,1 	0
2861    	29.63, -22.77, -4.59 	8.41, 5.04, -6.77 	8.66, 5.00 	13,21,23,0		2.14,1.19	1000,1 	0
2870    	29.65, -22.78, -4.60 	8.42, 5.06, -6.77 	8.66, 5.00 	13,21,23,10		2.45,2.59	1000,1 	0
2878    	29.67, -22.75, -4.60 	8.39, 5.04, -6.76 	8.66, 5.00 	13,21,23,19		4.67,4.46	1000,1 	0
2887    	29.70, -22.75, -4.58 	8.38, 5.06, -6.76 	8.66, 5.00 	13,21,23,29		3.21,3.22	1000,1 	0
2896    	29.75, -22.72, -4.58 	8.42, 5.09, -6.78 	8.66, 5.00 	13,21,23,39		7.34,5.82	1000,1 	0
2904    	29.71, -22.74, -4.58 	8.42, 5.06, -6.77 	0.00, -0.00 	13,21,23,58		5.85,2.38	1000,1 	0
2913    	29.71, -22.77, -4.59 	8.43, 5.09, -6.76 	0.00, -0.00 	13,21,23,68		10.65,7.77	1000,1 	0
2922    	29.70, -22.83, -4.55 	8.40, 5.11, -6.76 	0.00, -0.00 	13,21,23,78		18.05,12.06	1000,1 	0
2930    	29.67, -22.84, -4.57 	8.38, 5.09, -6.76 	0.00, -0.00 	13,21,23,87		10.27,9.52	1000,1 	0
2939    	29.70, -22.83, -4.55 	8.38, 5.09, -6.76 	0.00, -0.00 	13,21,23,97		10.27,0.00	1000,1 	0
2948    	29.64, -22.84, -4.57 	8.37, 5.09, -6.75 	0.00, -0.00 	13,21,23,107		19.59,3.21	1000,1 	0
2956    	29.64, -22.83, -4.58 	8.39, 5.10, -6.76 	0.00, -0.00 	13,21,23,116		3.55,7.29	1000,1 	0
2965    	29.68, -22.82, -4.57 	8.38, 5.10, -6.76 	0.00, -0.00 	13,21,23,126		13.33,3.21	1000,1 	0
2974    	29.68, -22.79, -4.58 	8.41, 5.11, -6.76 	0.00, -0.00 	13,21,23,136		7.10,10.21	1000,1 	0
2982    	29.69, -22.80, -4.56 	8.39, 5.11, -6.77 	0.00, -0.00 	13,21,23,145		4.79,6.42	1000,1 	0
2991    	29.69, -22.79, -4.56 	8.37, 5.12, -6.76 	0.00, -0.00 	13,21,23,155		3.55,7.39	1000,1 	0
3000    	29.71, -22.83, -4.55 	8.40, 5.13, -6.76 	0.00, -0.00 	13,21,23,165		12.44,10.21	1000,1 	0
3008    	29.71, -22.87, -4.53 	8.39, 5.14, -6.77 	0.00, -0.00 	13,21,23,174		14.56,4.83	1000,1 	0
3017    	29.73, -22.86, -4.53 	8.37, 5.12, -6.77 	0.00, -0.00 	13,21,23,184		7.34,9.52	1000,1 	0
3026    	29.69, -22.88, -4.53 	8.41, 5.13, -6.76 	0.00, -0.00 	13,21,23,194		17.56,13.27	1000,1 	0
3034    	29.66, -22.89, -4.53 	8.39, 5.13, -6.75 	0.00, -0.00 	13,21,23,203		10.27,6.42	1000,1 	0
3043    	29.66, -22.90, -4.52 	8.39, 5.14, -6.76 	0.00, -0.00 	13,21,23,213		2.66,2.67	1000,1 	0
3052    	29.67, -22.89, -4.54 	8.38, 5.14, -6.76 	0.00, -0.00 	13,21,23,223		4.79,3.21	1000,1 	0
3060    	29.66, -22.87, -4.54 	8.38, 5.15, -6.75 	0.00, -0.00 	13,21,23,232		7.79,3.56	1000,1 	0
3069    	29.68, -22.87, -4.53 	8.38, 5.15, -6.76 	0.00, -0.00 	13,21,23,242		4.82,0.00	1000,1 	0
3078    	29.69, -22.88, -4.53 	8.37, 5.15, -6.76 	0.00, -0.00 	13,21,23,252		4.79,3.21	1000,1 	0
3087    	29.71, -22.90, -4.53 	8.38, 5.15, -6.76 	0.00, -0.00 	13,21,23,262		11.96,3.21	1000,1 	0
3095    	29.73, -22.92, -4.50 	8.37, 5.13, -6.75 	0.00, -0.00 	13,21,23,271		9.57,7.77	1000,1 	0
3104    	29.70, -22.94, -4.49 	8.36, 5.12, -6.75 	0.00, -0.00 	13,21,23,281		14.68,7.29	1000,1 	0
3113    	29.69, -23.01, -4.47 	8.36, 5.13, -6.75 	0.00, -0.00 	13,21,23,291		21.55,3.56	1000,1 	0
3121    	29.71, -22.98, -4.47 	8.36, 5.12, -6.74 	0.00, -0.00 	13,21,23,300		14.37,3.56	1000,1 	0
3130    	29.71, -23.00, -4.46 	8.36, 5.12, -6.75 	0.00, -0.00 	13,21,23,310		7.10,0.00	1000,1 	0
3139    	29.71, -23.01, -4.46 	8.37, 5.12, -6.75 	0.00, -0.00 	13,21,23,320		3.55,3.21	1000,1 	0
3147    	29.69, -23.03, -4.46 	8.37, 5.12, -6.75 	0.00, -0.00 	13,21,23,329		11.97,0.00	1000,1 	0
3156    	29.70, -23.00, -4.46 	8.37, 5.12, -6.75 	0.00, -0.00 	13,21,23,339		12.44,0.00	1000,1 	0
3165    	29.67, -23.03, -4.46 	8.36, 5.12, -6.75 	0.00, -0.00 	13,21,23,349		16.69,3.21	1000,1 	0
3173    	29.68, -23.04, -4.46 	8.37, 5.12, -6.74 	0.00, -0.00 	13,21,23,358		4.79,3.21	1000,1 	0
3182    	29.69, -23.05, -4.47 	8.37, 5.13, -6.75 	0.00, -0.00 	13,21,23,368		4.79,3.56	1000,1 	0
3191    	29.68, -23.07, -4.47 	8.37, 5.13, -6.75 	0.00, -0.00 	13,21,23,378		7.80,0.00	1000,1 	0
3199    	29.69, -23.03, -4.46 	8.37, 5.13, -6.74 	0.00, -0.00 	13,21,23,387		14.57,0.00	1000,1 	0
3208    	29.70, -23.04, -4.46 	8.36, 5.14, -6.75 	0.00, -0.00 	13,21,23,397		4.79,3.56	1000,1 	0
3217    	29.68, -23.05, -4.45 	8.36, 5.13, -6.74 	0.00, -0.00 	13,21,23,407		7.34,4.76	1000,1 	0
3225    	29.64, -23.03, -4.46 	8.36, 5.13, -6.73 	0.00, -0.00 	13,21,23,416		14.67,0.00	1000,1 	0
3234    	29.63, -23.03, -4.47 	8.36, 5.13, -6.74 	0.00, -0.00 	13,21,23,426		2.41,0.00	1000,1 	0
3243    	29.70, -23.07, -4.46 	8.34, 5.12, -6.74 	0.00, -0.00 	13,21,23,436		26.58,7.29	1000,1 	0
3251    	29.69, -23.06, -4.45 	8.34, 5.12, -6.74 	0.00, -0.00 	13,21,23,445		4.79,0.00	1000,1 	0
3260    	29.68, -23.09, -4.45 	8.35, 5.12, -6.75 	0.00, -0.00 	13,21,23,455		8.35,2.41	1000,1 	0
3269    	29.70, -23.07, -4.44 	8.35, 5.12, -6.75 	0.00, -0.00 	13,21,23,465		5.99,0.00	1000,1 	0
3278    	29.69, -23.09, -4.42 	8.37, 5.11, -6.74 	0.00, -0.00 	13,21,23,475		7.18,5.54	1000,1 	0
3286    	29.66, -23.09, -4.41 	8.37, 5.11, -6.74 	0.00, -0.00 	13,21,23,484		7.23,2.41	1000,1 	0
3295    	29.66, -23.08, -4.43 	8.37, 5.11, -6.73 	0.00, -0.00 	13,21,23,494		2.66,2.41	1000,1 	0
3304    	29.67, -23.08, -4.43 	8.37, 5.10, -6.72 	0.00, -0.00 	13,21,23,504		2.41,2.67	1000,1 	0
3312    	29.66, -23.11, -4.43 	8.36, 5.09, -6.73 	0.00, -0.00 	13,21,23,513		8.35,3.57	1000,1 	0
3321    	29.70, -23.06, -4.42 	8.37, 5.09, -6.73 	0.00, -0.00 	13,21,23,523		17.96,2.41	1000,1 	0
3330    	29.69, -23.07, -4.42 	8.37, 5.10, -6.73 	0.00, -0.00 	13,21,23,533		5.51,2.67	1000,1 	0
3338    	29.70, -23.09, -4.42 	8.37, 5.10, -6.73 	0.00, -0.00 	13,21,23,542		5.85,0.00	1000,1 	0
3347    	29.72, -23.08, -4.40 	8.37, 5.10, -6.74 	0.00, -0.00 	13,21,23,552		7.70,0.00	1000,1 	0
3356    	29.72, -23.10, -4.39 	8.37, 5.10, -6.74 	0.00, -0.00 	13,21,23,562		5.33,0.00	1000,1 	0
3364    	29.71, -23.09, -4.39 	8.37, 5.10, -6.74 	0.00, -0.00 	13,21,23,571		3.59,0.00	1000,1 	0
3373    	29.72, -23.10, -4.39 	8.36, 5.09, -6.73 	0.00, -0.00 	13,21,23,581		3.59,3.57	1000,1 	0
3382    	29.70, -23.11, -4.39 	8.36, 5.09, -6.74 	0.00, -0.00 	13,21,23,591		5.51,0.00	1000,1 	0
3390    	29.71, -23.12, -4.39 	8.37, 5.09, -6.73 	0.00, -0.00 	13,21,23,600		3.59,2.41	1000,1 	0
3399    	29.70, -23.08, -4.37 	8.36, 5.09, -6.72 	0.00, -0.00 	13,21,23,610		11.69,2.41	1000,1 	0
3408    	29.68, -23.09, -4.38 	8.36, 5.09, -6.73 	0.00, -0.00 	13,21,23,620		5.51,0.00	1000,1 	0
3416    	29.67, -23.12, -4.40 	8.36, 5.09, -6.72 	0.00, -0.00 	13,21,23,629		8.35,0.00	1000,1 	0
3425    	29.71, -23.09, -4.41 	8.36, 5.09, -6.72 	0.00, -0.00 	13,21,23,639		11.57,0.00	1000,1 	0
3434    	29.72, -23.09, -4.40 	8.35, 5.10, -6.72 	0.00, -0.00 	13,21,23,649		2.41,3.62	1000,1 	0
3443    	29.75, -23.09, -4.41 	8.36, 5.09, -6.73 	0.00, -0.00 	13,21,23,659		7.23,3.62	1000,1 	0
3451    	29.71, -23.09, -4.42 	8.36, 5.09, -6.73 	0.00, -0.00 	13,21,23,668		9.63,0.00	1000,1 	0
3460    	29.71, -23.10, -4.40 	8.35, 5.09, -6.72 	0.00, -0.00 	13,21,23,678		2.66,2.41	1000,1 	0
3469    	29.71, -23.11, -4.39 	8.35, 5.10, -6.73 	0.00, -0.00 	13,21,23,688		2.66,2.67	1000,1 	0
3477    	29.68, -23.12, -4.40 	8.33, 5.10, -6.73 	0.00, -0.00 	13,21,23,697		10.00,4.81	1000,1 	0
3486    	29.68, -23.15, -4.38 	8.32, 5.10, -6.73 	0.00, -0.00 	13,21,23,707		5.33,2.41	1000,1 	0
3495    	29.66, -23.16, -4.38 	8.32, 5.11, -6.73 	0.00, -0.00 	13,21,23,717		5.51,2.67	1000,1 	0
3503    	29.67, -23.11, -4.39 	8.33, 5.11, -6.72 	0.00, -0.00 	13,21,23,726		10.93,2.41	1000,1 	0
3512    	29.71, -23.12, -4.39 	8.33, 5.11, -6.73 	0.00, -0.00 	13,21,23,736		12.33,0.00	1000,1 	0
3521    	29.70, -23.09, -4.39 	8.34, 5.12, -6.73 	0.00, -0.00 	13,21,23,746		8.34,3.57	1000,1 	0
3529    	29.75, -23.11, -4.39 	8.33, 5.13, -6.73 	0.00, -0.00 	13,21,23,755		13.16,3.62	1000,1 	0
3538    	29.77, -23.09, -4.39 	8.32, 5.11, -6.74 	0.00, -0.00 	13,21,23,765		7.18,5.83	1000,1 	0
3547    	29.74, -23.09, -4.39 	8.32, 5.12, -6.73 	0.00, -0.00 	13,21,23,775		7.23,2.67	1000,1 	0
3555    	29.75, -23.12, -4.36 	8.33, 5.13, -6.74 	0.00, -0.00 	13,21,23,784		8.34,3.57	1000,1 	0
3564    	29.72, -23.15, -4.36 	8.32, 5.12, -6.73 	0.00, -0.00 	13,21,23,794		8.98,3.57	1000,1 	0
3573    	29.72, -23.16, -4.36 	8.34, 5.12, -6.73 	0.00, -0.00 	13,21,23,804		2.66,4.81	1000,1 	0
3581    	29.70, -23.20, -4.36 	8.33, 5.12, -6.73 	0.00, -0.00 	13,21,23,813		11.70,2.41	1000,1 	0
3590    	29.68, -23.20, -4.36 	8.34, 5.12, -6.73 	0.00, -0.00 	13,21,23,823		7.23,2.41	1000,1 	0
3599    	29.70, -23.19, -4.36 	8.33, 5.13, -6.73 	0.00, -0.00 	13,21,23,833		7.70,3.62	1000,1 	0
3607    	29.71, -23.18, -4.38 	8.33, 5.13, -6.73 	0.00, -0.00 	13,21,23,842		3.59,0.00	1000,1 	0
3616    	29.75, -23.16, -4.38 	8.33, 5.14, -6.73 	0.00, -0.00 	13,21,23,852		8.81,2.14	1000,1 	0
3625    	29.75, -23.17, -4.36 	8.32, 5.14, -6.73 	0.00, -0.00 	13,21,23,862		2.66,2.41	1000,1 	0
3634    	29.75, -23.16, -4.35 	8.32, 5.14, -6.73 	0.00, -0.00 	13,21,23,872		2.66,0.00	1000,1 	0
3642    	29.74, -23.21, -4.35 	8.30, 5.14, -6.74 	0.00, -0.00 	13,21,23,881		13.54,4.81	1000,1 	0
3651    	29.75, -23.22, -4.33 	8.30, 5.14, -6.74 	0.00, -0.00 	13,21,23,891		3.59,0.00	1000,1 	0
3660    	29.72, -23.22, -4.33 	8.32, 5.16, -6.73 	0.00, -0.00 	13,21,23,901		7.23,7.14	1000,1 	0
3668    	29.68, -23.24, -4.33 	8.32, 5.15, -6.74 	0.00, -0.00 	13,21,23,910		13.17,2.67	1000,1 	0
3677    	29.67, -23.22, -4.34 	8.32, 5.15, -6.75 	0.00, -0.00 	13,21,23,920		5.84,0.00	1000,1 	0
3686    	29.69, -23.19, -4.36 	8.33, 5.16, -6.73 	0.00, -0.00 	13,21,23,930		9.33,3.57	1000,1 	0
3694    	29.66, -23.19, -4.36 	8.33, 5.17, -6.74 	0.00, -0.00 	13,21,23,939		7.23,2.67	1000,1 	0
3703    	29.72, -23.19, -4.35 	8.33, 5.18, -6.75 	0.00, -0.00 	13,21,23,949		16.86,2.67	1000,1 	0
3712    	29.74, -23.21, -4.34 	8.32, 5.18, -6.74 	0.00, -0.00 	13,21,23,959		7.18,2.41	1000,1 	0
3720    	29.74, -23.25, -4.34 	8.32, 5.18, -6.74 	0.00, -0.00 	13,21,23,968		10.65,0.00	1000,1 	0
3729    	29.75, -23.28, -4.33 	8.30, 5.18, -6.74 	0.00, -0.00 	13,21,23,978		8.34,4.81	1000,1 	0
3738    	29.70, -23.28, -4.33 	8.31, 5.18, -6.73 	0.00, -0.00 	13,21,23,988		12.04,2.41	1000,1 	0
3746    	29.69, -23.28, -4.34 	8.30, 5.17, -6.72 	0.00, -0.00 	13,21,23,997		2.41,3.57	1000,1 	0
3755    	29.70, -23.31, -4.34 	8.30, 5.17, -6.73 	0.00, -0.00 	13,21,24,7		5.84,0.00	1000,1 	0
3764    	29.70, -23.31, -4.35 	8.30, 5.17, -6.73 	0.00, -0.00 	13,21,24,17		0.00,0.00	1000,1 	0
3772    	29.71, -23.33, -4.35 	8.30, 5.17, -6.73 	0.00, -0.00 	13,21,24,26		5.84,0.00	1000,1 	0
3781    	29.71, -23.31, -4.35 	8.29, 5.18, -6.74 	0.00, -0.00 	13,21,24,36		5.33,3.62	1000,1 	0
3790    	29.74, -23.28, -4.35 	8.27, 5.17, -6.74 	0.00, -0.00 	13,21,24,46		8.98,5.47	1000,1 	0
3799    	29.74, -23.29, -4.35 	8.30, 5.19, -6.74 	0.00, -0.00 	13,21,24,56		2.66,8.92	1000,1 	0
3807    	29.80, -23.24, -4.35 	8.29, 5.19, -6.74 	0.00, -0.00 	13,21,24,65		19.66,2.41	1000,1 	0
3816    	29.80, -23.25, -4.35 	8.28, 5.20, -6.75 	0.00, -0.00 	13,21,24,75		2.66,3.62	1000,1 	0
3825    	29.76, -23.28, -4.36 	8.28, 5.22, -6.74 	0.00, -0.00 	13,21,24,85		12.52,2.67	1000,1 	0
3833    	29.72, -23.27, -4.36 	8.26, 5.22, -6.75 	0.00, -0.00 	13,21,24,94		9.99,4.81	1000,1 	0
3842    	29.69, -23.27, -4.38 	8.22, 5.23, -6.74 	0.00, -0.00 	13,21,24,104		7.23,10.03	1000,1 	0
3851    	29.69, -23.27, -4.38 	8.21, 5.23, -6.75 	0.00, -0.00 	13,21,24,114		0.00,2.41	1000,1 	0
3859    	29.68, -23.27, -4.39 	8.18, 5.26, -6.75 	0.00, -0.00 	13,21,24,123		4.82,10.87	1000,1 	0
3868    	29.69, -23.24, -4.39 	8.13, 5.29, -6.76 	0.00, -0.00 	13,21,24,133		9.33,14.56	1000,1 	0
3877    	29.68, -23.22, -4.40 	8.07, 5.30, -6.76 	0.00, -0.00 	13,21,24,143		7.18,17.09	1000,1 	0
3885    	29.70, -23.19, -4.40 	8.00, 5.32, -6.77 	0.00, -0.00 	13,21,24,152		10.78,17.75	1000,1 	0
3894    	29.70, -23.19, -4.42 	7.85, 5.32, -6.75 	0.00, -0.00 	13,21,24,162		0.00,36.15	1000,1 	0
3903    	29.70, -23.18, -4.43 	7.73, 5.29, -6.75 	0.00, -0.00 	13,21,24,172		2.66,31.65	1000,1 	0
3911    	29.66, -23.18, -4.42 	7.60, 5.25, -6.72 	0.00, -0.00 	13,21,24,181		12.04,32.90	1000,1 	0
3920    	29.71, -23.16, -4.42 	7.44, 5.18, -6.68 	0.00, -0.00 	13,21,24,191		15.40,44.72	1000,1 	0
3929    	29.68, -23.16, -4.43 	7.24, 5.05, -6.65 	0.00, -0.00 	13,21,24,201		9.63,59.44	1000,1 	0
3937    	29.68, -23.12, -4.43 	7.02, 4.93, -6.61 	0.00, -0.00 	13,21,24,210		7.99,63.54	1000,1 	0
3946    	29.56, -23.15, -4.46 	6.79, 4.74, -6.57 	0.00, -0.00 	13,21,24,220		29.39,74.60	1000,1 	0
3955    	29.50, -23.07, -4.55 	6.47, 4.50, -6.53 	0.00, -0.00 	13,21,24,230		23.58,98.08	0,0 	0
3963    	29.48, -22.94, -4.62 	6.17, 4.26, -6.53 	0.00, -0.00 	13,21,24,239		32.32,97.79	0,0 	0
3972    	29.60, -22.74, -4.69 	5.98, 4.05, -6.53 	0.00, -0.00 	13,21,24,249		58.30,71.38	0,0 	0
3981    	29.63, -22.48, -4.78 	5.85, 3.87, -6.53 	0.00, -0.00 	13,21,24,259		64.34,54.77	0,0 	0
3990    	29.61, -22.37, -4.82 	5.69, 3.64, -6.51 	0.00, -0.00 	13,21,24,269		29.69,68.95	0,0 	0
3998    	29.54, -22.24, -4.84 	5.42, 3.40, -6.52 	0.00, -0.00 	13,21,24,278		36.13,90.51	0,0 	0
4007    	29.44, -22.11, -4.88 	5.22, 3.15, -6.53 	0.00, -0.00 	13,21,24,288		41.50,81.05	0,0 	0
4016    	29.29, -22.01, -4.94 	5.01, 2.88, -6.56 	0.00, -0.00 	13,21,24,298		44.87,84.62	0,0 	0
4024    	29.09, -21.90, -5.01 	4.79, 2.59, -6.57 	0.00, -0.00 	13,21,24,307		57.14,90.27	0,0 	0
4033    	28.98, -21.79, -5.10 	4.50, 2.30, -6.59 	0.00, -0.00 	13,21,24,317		37.55,104.86	0,0 	0
4043    	28.86, -21.62, -5.21 	4.18, 2.00, -6.64 	0.00, -0.00 	13,21,24,328		52.87,108.28	0,0 	0
4050    	28.75, -21.30, -5.26 	3.97, 1.77, -6.72 	0.00, -0.00 	13,21,24,336		112.22,104.69	0,0 	0
4059    	28.72, -21.04, -5.32 	3.75, 1.49, -6.76 	0.00, -0.00 	13,21,24,346		67.28,88.18	0,0 	0
4068    	28.75, -20.77, -5.41 	3.60, 1.23, -6.81 	0.00, -0.00 	13,21,24,356		67.29,74.31	0,0 	0
4076    	28.80, -20.53, -5.50 	3.44, 1.02, -6.88 	0.00, -0.00 	13,21,24,365		59.83,66.82	0,0 	0
4085    	28.92, -20.20, -5.59 	3.37, 0.89, -7.02 	0.00, -0.00 	13,21,24,375		87.50,36.00	0,0 	0
4094    	28.82, -20.04, -5.68 	3.18, 0.68, -7.11 	0.00, -0.00 	13,21,24,385		46.64,71.38	0,0 	0
4102    	28.76, -20.07, -5.73 	2.91, 0.47, -7.14 	0.00, -0.00 	13,21,24,394		15.40,85.36	0,0 	0
4111    	28.59, -20.13, -5.77 	2.62, 0.28, -7.18 	0.00, -0.00 	13,21,24,404		46.21,86.14	0,0 	0
4120    	28.44, -20.16, -5.81 	2.43, 0.21, -7.30 	0.00, -0.00 	13,21,24,414		39.36,51.36	0,0 	0
4128    	28.36, -19.98, -5.90 	2.34, 0.15, -7.42 	0.00, -0.00 	13,21,24,423		49.20,27.35	0,0 	0
4137    	28.24, -19.68, -6.03 	2.27, 0.07, -7.53 	0.00, -0.00 	13,21,24,433		80.87,27.02	0,0 	0
4146    	28.27, -19.31, -6.20 	2.13, 0.01, -7.63 	0.00, -0.00 	13,21,24,443		93.73,39.27	0,0 	0
4154    	28.33, -19.04, -6.27 	1.97, -0.08, -7.68 	0.00, -0.00 	13,21,24,452		68.15,43.75	0,0 	0
4163    	28.40, -18.85, -6.34 	1.76, -0.14, -7.80 	0.00, -0.00 	13,21,24,462		33.89,36.72	0,0 	0
4172    	28.35, -18.73, -6.32 	1.60, -0.18, -7.90 	0.00, -0.00 	13,21,24,472		25.34,33.70	0,0 	0
4181    	28.21, -18.72, -6.34 	1.33, -0.28, -7.95 	0.00, -0.00 	13,21,24,482		28.98,56.95	0,0 	0
