#Time 	Sensor1         Sensor2         Target          Time            Vel             
#================================================================

16      	31.10, -14.10, -7.78 	0.10, 0.81, -6.67 	-16.07, 19.15 	13,22,11,693		0.00,0.00	0,0 	0
24      	31.12, -14.09, -7.78 	0.09, 0.80, -6.68 	-16.07, 19.15 	13,22,11,703		2.75,1.78	0,0 	0
33      	31.10, -14.12, -7.78 	0.10, 0.81, -6.67 	-16.07, 19.15 	13,22,11,713		4.15,1.59	0,0 	0
41      	31.09, -14.11, -7.78 	0.10, 0.81, -6.67 	-16.07, 19.15 	13,22,11,722		1.79,0.00	0,0 	0
50      	31.10, -14.09, -7.77 	0.08, 0.85, -6.68 	-16.07, 19.15 	13,22,11,732		2.60,4.18	0,0 	0
60      	31.09, -14.09, -7.78 	0.10, 0.85, -6.68 	-16.07, 19.15 	13,22,11,743		0.96,1.92	0,0 	0
67      	31.10, -14.09, -7.78 	0.11, 0.85, -6.68 	-16.07, 19.15 	13,22,11,751		1.38,1.37	0,0 	0
76      	31.11, -14.11, -7.77 	0.09, 0.84, -6.68 	-16.07, 19.15 	13,22,11,761		2.60,2.43	0,0 	0
86      	31.12, -14.11, -7.77 	0.11, 0.85, -6.68 	-16.07, 19.15 	13,22,11,771		0.96,2.19	0,0 	0
95      	31.12, -14.12, -7.76 	0.10, 0.87, -6.69 	-16.07, 19.15 	13,22,11,781		1.18,2.62	0,0 	0
103     	31.11, -14.15, -7.76 	0.08, 0.86, -6.69 	-16.07, 19.15 	13,22,11,790		4.17,2.73	0,0 	0
112     	31.08, -14.18, -7.76 	0.07, 0.89, -6.69 	-16.07, 19.15 	13,22,11,800		3.99,3.74	0,0 	0
121     	31.11, -14.19, -7.73 	0.05, 0.89, -6.70 	-16.07, 19.15 	13,22,11,810		3.42,2.14	0,0 	0
129     	31.10, -14.18, -7.74 	0.06, 0.89, -6.69 	-16.07, 19.15 	13,22,11,819		1.80,1.20	0,0 	0
138     	31.12, -14.19, -7.74 	0.09, 0.88, -6.68 	-16.07, 19.15 	13,22,11,829		2.45,3.44	0,0 	0
147     	31.12, -14.18, -7.74 	0.09, 0.89, -6.69 	-16.07, 19.15 	13,22,11,838		1.18,1.19	0,0 	0
155     	31.14, -14.16, -7.73 	0.07, 0.90, -6.71 	-16.07, 19.15 	13,22,11,848		2.75,2.77	0,0 	0
164     	31.15, -14.14, -7.73 	0.10, 0.90, -6.71 	-16.07, 19.15 	13,22,11,858		2.60,3.21	0,0 	0
173     	31.16, -14.13, -7.74 	0.12, 0.90, -6.70 	-16.07, 19.15 	13,22,11,867		1.60,2.14	0,0 	0
181     	31.15, -14.18, -7.74 	0.09, 0.89, -6.70 	-16.07, 19.15 	13,22,11,877		5.46,3.83	0,0 	0
190     	31.13, -14.19, -7.74 	0.08, 0.89, -6.70 	-16.07, 19.15 	13,22,11,887		2.45,1.07	0,0 	0
199     	31.15, -14.19, -7.73 	0.06, 0.88, -6.68 	-16.07, 19.15 	13,22,11,896		2.14,2.43	0,0 	0
207     	31.13, -14.20, -7.73 	0.07, 0.90, -6.68 	-16.07, 19.15 	13,22,11,906		2.75,2.91	0,0 	0
216     	31.11, -14.22, -7.74 	0.04, 0.90, -6.68 	-16.07, 19.15 	13,22,11,915		3.19,3.21	0,0 	0
225     	31.10, -14.22, -7.74 	0.05, 0.90, -6.67 	-16.07, 19.15 	13,22,11,925		1.07,1.07	0,0 	0
233     	31.11, -14.18, -7.74 	0.01, 0.89, -6.67 	-16.07, 19.15 	13,22,11,935		5.46,4.97	0,0 	0
242     	31.14, -14.20, -7.74 	0.03, 0.88, -6.67 	-16.07, 19.15 	13,22,11,944		3.99,2.46	0,0 	0
252     	31.15, -14.18, -7.74 	0.05, 0.89, -6.67 	-16.07, 19.15 	13,22,11,955		2.34,2.19	0,0 	0
260     	31.14, -14.18, -7.74 	0.05, 0.89, -6.67 	-16.07, 19.15 	13,22,11,964		1.20,0.00	0,0 	0
268     	31.14, -14.18, -7.73 	0.06, 0.89, -6.67 	-16.07, 19.15 	13,22,11,973		0.00,1.20	0,0 	0
277     	31.17, -14.19, -7.71 	0.03, 0.88, -6.66 	-16.07, 19.15 	13,22,11,983		3.42,3.40	0,0 	0
286     	31.17, -14.22, -7.70 	0.03, 0.87, -6.67 	-16.07, 19.15 	13,22,11,993		3.55,1.19	0,0 	0
294     	31.15, -14.23, -7.71 	0.05, 0.89, -6.67 	-16.07, 19.15 	13,22,12,2		2.75,3.57	0,0 	0
303     	31.17, -14.23, -7.71 	0.05, 0.90, -6.68 	-16.07, 19.15 	13,22,12,12		2.14,1.19	0,0 	0
312     	31.17, -14.22, -7.72 	0.02, 0.89, -6.68 	-16.07, 19.15 	13,22,12,22		1.18,3.40	0,0 	0
320     	31.13, -14.23, -7.72 	0.02, 0.91, -6.67 	-16.07, 19.15 	13,22,12,31		5.00,2.67	0,0 	0
329     	31.14, -14.22, -7.74 	0.03, 0.90, -6.66 	-16.07, 19.15 	13,22,12,41		1.60,1.61	0,0 	0
338     	31.16, -14.21, -7.73 	0.04, 0.92, -6.67 	-16.07, 19.15 	13,22,12,51		2.45,2.59	0,0 	0
346     	31.17, -14.21, -7.74 	0.04, 0.92, -6.67 	-16.07, 19.15 	13,22,12,60		1.20,0.00	0,0 	0
355     	31.20, -14.19, -7.74 	0.02, 0.91, -6.66 	-16.07, 19.15 	13,22,12,70		3.99,2.43	0,0 	0
364     	31.20, -14.18, -7.74 	0.02, 0.91, -6.66 	-16.07, 19.15 	13,22,12,80		1.18,0.00	0,0 	0
372     	31.21, -14.20, -7.74 	0.02, 0.92, -6.66 	-16.07, 19.15 	13,22,12,89		2.92,1.34	0,0 	0
381     	31.19, -14.23, -7.73 	0.02, 0.90, -6.67 	-16.07, 19.15 	13,22,12,99		4.15,2.38	0,0 	0
390     	31.20, -14.24, -7.72 	0.03, 0.90, -6.66 	-16.07, 19.15 	13,22,12,109		1.60,1.07	0,0 	0
398     	31.17, -14.23, -7.73 	0.03, 0.90, -6.65 	-16.07, 19.15 	13,22,12,118		3.85,0.00	0,0 	0
407     	31.15, -14.26, -7.71 	0.05, 0.91, -6.66 	-16.07, 19.15 	13,22,12,128		4.15,2.43	0,0 	0
416     	31.15, -14.27, -7.72 	0.02, 0.91, -6.66 	-16.07, 19.15 	13,22,12,138		1.18,3.21	0,0 	0
424     	31.16, -14.27, -7.72 	0.02, 0.91, -6.66 	-16.07, 19.15 	13,22,12,147		1.20,0.00	0,0 	0
433     	31.15, -14.27, -7.72 	0.02, 0.91, -6.66 	-16.07, 19.15 	13,22,12,157		1.07,0.00	0,0 	0
443     	31.17, -14.26, -7.72 	0.02, 0.93, -6.65 	-16.07, 19.15 	13,22,12,168		2.20,2.14	0,0 	0
451     	31.18, -14.28, -7.71 	0.02, 0.93, -6.65 	-16.07, 19.15 	13,22,12,177		2.92,0.00	0,0 	0
459     	31.16, -14.31, -7.69 	0.02, 0.94, -6.66 	-16.07, 19.15 	13,22,12,186		4.67,1.34	0,0 	0
468     	31.18, -14.30, -7.69 	0.02, 0.94, -6.67 	-16.07, 19.15 	13,22,12,196		2.45,0.00	0,0 	0
477     	31.19, -14.30, -7.69 	0.03, 0.95, -6.66 	-16.07, 19.15 	13,22,12,206		1.07,1.59	0,0 	0
485     	31.16, -14.32, -7.68 	0.03, 0.95, -6.66 	-16.07, 19.15 	13,22,12,215		4.49,0.00	0,0 	0
494     	31.16, -14.31, -7.68 	0.04, 0.95, -6.67 	-16.07, 19.15 	13,22,12,225		1.18,1.07	0,0 	0
503     	31.15, -14.32, -7.70 	0.05, 0.95, -6.66 	-16.07, 19.15 	13,22,12,235		1.60,1.07	0,0 	0
511     	31.17, -14.30, -7.71 	0.05, 0.95, -6.66 	-16.07, 19.15 	13,22,12,244		3.59,0.00	0,0 	0
520     	31.16, -14.30, -7.70 	0.05, 0.96, -6.66 	-16.07, 19.15 	13,22,12,254		1.07,1.19	0,0 	0
529     	31.18, -14.30, -7.70 	0.05, 0.95, -6.65 	-16.07, 19.15 	13,22,12,264		2.14,1.19	0,0 	0
537     	31.19, -14.29, -7.69 	0.01, 0.95, -6.65 	-16.07, 19.15 	13,22,12,273		1.80,4.81	0,0 	0
546     	31.20, -14.30, -7.68 	0.01, 0.95, -6.65 	-16.07, 19.15 	13,22,12,283		1.60,0.00	0,0 	0
555     	31.19, -14.32, -7.68 	0.05, 0.94, -6.66 	-16.07, 19.15 	13,22,12,293		2.60,4.46	0,0 	0
563     	31.19, -14.34, -7.69 	0.05, 0.94, -6.66 	-16.07, 19.15 	13,22,12,302		1.33,0.00	0,0 	0
572     	31.15, -14.34, -7.69 	0.05, 0.94, -6.66 	-16.07, 19.15 	13,22,12,312		4.28,0.00	0,0 	0
581     	31.16, -14.31, -7.69 	0.04, 0.94, -6.67 	-16.07, 19.15 	13,22,12,322		2.60,1.07	0,0 	0
589     	31.16, -14.28, -7.72 	0.02, 0.95, -6.66 	-16.07, 19.15 	13,22,12,331		4.00,2.77	0,0 	0
598     	31.16, -14.28, -7.70 	0.02, 0.94, -6.66 	-16.07, 19.15 	13,22,12,341		0.00,1.19	0,0 	0
607     	31.17, -14.30, -7.70 	0.00, 0.96, -6.68 	-16.07, 19.15 	13,22,12,351		2.60,3.22	0,0 	0
616     	31.18, -14.29, -7.72 	-0.01, 0.96, -6.68 	-16.07, 19.15 	13,22,12,361		1.60,1.07	0,0 	0
624     	31.22, -14.27, -7.72 	0.00, 0.98, -6.67 	-16.07, 19.15 	13,22,12,370		5.51,1.78	0,0 	0
634     	31.21, -14.25, -7.71 	0.02, 0.96, -6.68 	-16.07, 19.15 	13,22,12,381		2.34,2.22	0,0 	0
642     	31.19, -14.28, -7.71 	0.02, 0.96, -6.67 	-16.07, 19.15 	13,22,12,390		4.67,0.00	0,0 	0
650     	31.20, -14.28, -7.71 	0.02, 0.96, -6.67 	-16.07, 19.15 	13,22,12,399		1.20,0.00	0,0 	0
659     	31.19, -14.27, -7.71 	-0.01, 0.95, -6.67 	-16.07, 19.15 	13,22,12,409		1.60,3.40	0,0 	0
668     	31.19, -14.28, -7.71 	-0.01, 0.96, -6.67 	-16.07, 19.15 	13,22,12,419		1.18,1.19	0,0 	0
676     	31.21, -14.27, -7.72 	-0.01, 0.95, -6.66 	-16.07, 19.15 	13,22,12,428		2.75,1.34	0,0 	0
685     	31.20, -14.27, -7.72 	-0.01, 0.96, -6.66 	-16.07, 19.15 	13,22,12,438		1.07,1.19	0,0 	0
694     	31.19, -14.26, -7.73 	-0.01, 0.96, -6.66 	-16.07, 19.15 	13,22,12,448		1.60,0.00	0,0 	0
702     	31.20, -14.25, -7.71 	0.00, 0.98, -6.66 	-16.07, 19.15 	13,22,12,457		1.80,1.78	0,0 	0
711     	31.19, -14.28, -7.71 	-0.01, 0.99, -6.65 	-16.07, 19.15 	13,22,12,467		3.71,1.61	0,0 	0
720     	31.20, -14.27, -7.72 	0.00, 0.99, -6.65 	-16.07, 19.15 	13,22,12,477		1.60,1.07	0,0 	0
728     	31.20, -14.27, -7.70 	0.00, 0.99, -6.65 	-16.07, 19.15 	13,22,12,486		0.00,0.00	0,0 	0
737     	31.20, -14.28, -7.70 	-0.04, 0.99, -6.65 	-16.07, 19.15 	13,22,12,496		1.18,4.28	0,0 	0
746     	31.19, -14.29, -7.70 	-0.04, 0.99, -6.66 	-16.07, 19.15 	13,22,12,506		1.60,0.00	0,0 	0
754     	31.21, -14.28, -7.71 	-0.04, 1.00, -6.67 	-16.07, 19.15 	13,22,12,515		2.75,1.34	0,0 	0
763     	31.20, -14.28, -7.71 	-0.04, 1.00, -6.67 	-16.07, 19.15 	13,22,12,525		1.07,0.00	0,0 	0
772     	31.20, -14.26, -7.71 	-0.05, 1.01, -6.67 	-16.07, 19.15 	13,22,12,535		2.37,1.61	0,0 	0
780     	31.23, -14.23, -7.71 	-0.05, 1.01, -6.68 	-16.07, 19.15 	13,22,12,544		5.39,0.00	0,0 	0
789     	31.22, -14.24, -7.72 	-0.05, 1.01, -6.68 	-16.07, 19.15 	13,22,12,554		1.60,0.00	0,0 	0
798     	31.22, -14.23, -7.71 	-0.04, 1.00, -6.67 	-16.07, 19.15 	13,22,12,564		1.18,1.61	0,0 	0
806     	31.22, -14.24, -7.71 	-0.03, 0.99, -6.67 	-16.07, 19.15 	13,22,12,573		1.33,1.81	0,0 	0
815     	31.22, -14.24, -7.70 	-0.03, 0.99, -6.67 	-16.07, 19.15 	13,22,12,583		0.00,0.00	0,0 	0
825     	31.20, -14.25, -7.70 	-0.06, 0.98, -6.66 	-16.07, 19.15 	13,22,12,594		2.20,3.06	0,0 	0
833     	31.21, -14.28, -7.70 	-0.07, 1.00, -6.66 	-16.07, 19.15 	13,22,12,603		4.17,2.95	0,0 	0
841     	31.20, -14.26, -7.70 	-0.06, 1.00, -6.66 	-16.07, 19.15 	13,22,12,612		2.92,1.20	0,0 	0
850     	31.22, -14.25, -7.70 	-0.06, 1.00, -6.66 	-16.07, 19.15 	13,22,12,622		2.45,0.00	0,0 	0
859     	31.20, -14.25, -7.70 	-0.07, 1.00, -6.65 	-16.07, 19.15 	13,22,12,632		2.14,1.07	0,0 	0
867     	31.20, -14.24, -7.69 	-0.07, 1.00, -6.65 	-16.07, 19.15 	13,22,12,641		1.33,0.00	0,0 	0
876     	31.22, -14.24, -7.71 	-0.07, 1.02, -6.65 	-16.07, 19.15 	13,22,12,651		2.14,2.38	0,0 	0
885     	31.22, -14.24, -7.71 	-0.07, 1.01, -6.65 	-16.07, 19.15 	13,22,12,661		0.00,1.19	0,0 	0
893     	31.21, -14.28, -7.69 	-0.07, 1.02, -6.65 	-16.07, 19.15 	13,22,12,670		5.46,1.34	0,0 	0
902     	31.21, -14.30, -7.68 	-0.05, 0.99, -6.64 	-16.07, 19.15 	13,22,12,680		2.37,4.18	0,0 	0
911     	31.17, -14.31, -7.69 	-0.05, 1.00, -6.64 	-16.07, 19.15 	13,22,12,690		4.44,1.19	0,0 	0
919     	31.16, -14.32, -7.69 	-0.06, 1.01, -6.64 	-16.07, 19.15 	13,22,12,699		1.80,1.81	0,0 	0
928     	31.16, -14.32, -7.69 	-0.06, 1.01, -6.64 	-16.07, 19.15 	13,22,12,709		0.00,0.00	0,0 	0
937     	31.16, -14.32, -7.69 	-0.05, 1.01, -6.65 	-16.07, 19.15 	13,22,12,719		0.00,1.07	0,0 	0
945     	31.16, -14.32, -7.69 	-0.05, 1.02, -6.67 	-16.07, 19.15 	13,22,12,728		0.00,1.34	0,0 	0
954     	31.16, -14.34, -7.69 	-0.05, 1.02, -6.67 	-16.07, 19.15 	13,22,12,738		1.18,0.00	0,0 	0
963     	31.18, -14.32, -7.69 	-0.06, 1.04, -6.66 	-16.07, 19.15 	13,22,12,748		2.45,2.62	0,0 	0
971     	31.19, -14.30, -7.70 	-0.06, 1.04, -6.66 	-16.07, 19.15 	13,22,12,757		2.92,0.00	0,0 	0
980     	31.18, -14.30, -7.70 	-0.05, 1.03, -6.66 	-16.07, 19.15 	13,22,12,767		1.07,1.61	0,0 	0
989     	31.20, -14.27, -7.69 	-0.05, 1.03, -6.66 	-16.07, 19.15 	13,22,12,777		4.15,0.00	0,0 	0
998     	31.21, -14.28, -7.68 	-0.05, 1.03, -6.66 	-16.07, 19.15 	13,22,12,787		1.60,0.00	0,0 	0
1006    	31.17, -14.31, -7.66 	-0.04, 1.05, -6.67 	-16.07, 19.15 	13,22,12,796		6.26,2.91	1000,1 	0
1015    	31.16, -14.30, -7.66 	-0.04, 1.04, -6.67 	-16.07, 19.15 	13,22,12,806		1.60,1.19	1000,1 	0
1024    	31.14, -14.31, -7.66 	-0.08, 1.05, -6.67 	-16.07, 19.15 	13,22,12,816		2.45,4.46	1000,1 	0
1032    	31.14, -14.32, -7.66 	-0.07, 1.06, -6.66 	-16.07, 19.15 	13,22,12,825		1.33,1.78	1000,1 	0
1041    	31.13, -14.34, -7.66 	-0.07, 1.04, -6.66 	-16.07, 19.15 	13,22,12,835		1.60,2.38	1000,1 	0
1050    	31.12, -14.35, -7.67 	-0.07, 1.05, -6.66 	-16.07, 19.15 	13,22,12,845		1.60,1.19	1000,1 	0
1058    	31.12, -14.35, -7.67 	-0.07, 1.04, -6.66 	-16.07, 19.15 	13,22,12,854		0.00,1.34	1000,1 	0
1067    	31.12, -14.32, -7.66 	-0.07, 1.04, -6.65 	-16.07, 19.15 	13,22,12,864		2.37,0.00	1000,1 	0
1076    	31.12, -14.31, -7.66 	-0.09, 1.06, -6.65 	-16.07, 19.15 	13,22,12,874		1.18,4.02	1000,1 	0
1084    	31.12, -14.32, -7.66 	-0.09, 1.06, -6.65 	-16.07, 19.15 	13,22,12,883		1.33,0.00	1000,1 	0
1093    	31.12, -14.31, -7.66 	-0.08, 1.06, -6.65 	-16.07, 19.15 	13,22,12,893		1.18,1.07	1000,1 	0
1102    	31.11, -14.35, -7.67 	-0.08, 1.07, -6.65 	-16.07, 19.15 	13,22,12,903		3.71,1.19	1000,1 	0
1110    	31.07, -14.36, -7.66 	-0.08, 1.07, -6.65 	-16.07, 19.15 	13,22,12,912		5.00,0.00	1000,1 	0
1119    	31.10, -14.34, -7.66 	-0.11, 1.06, -6.64 	-16.07, 19.15 	13,22,12,922		3.99,3.40	1000,1 	0
1128    	31.10, -14.35, -7.67 	-0.12, 1.07, -6.64 	-16.07, 19.15 	13,22,12,932		1.18,1.61	1000,1 	0
1136    	31.07, -14.32, -7.68 	-0.08, 1.08, -6.65 	-16.07, 19.15 	13,22,12,941		4.49,6.14	1000,1 	0
1145    	31.06, -14.32, -7.68 	-0.14, 1.08, -6.65 	-16.07, 19.15 	13,22,12,951		1.07,7.49	1000,1 	0
1154    	31.12, -14.29, -7.69 	-0.10, 1.06, -6.65 	-16.07, 19.15 	13,22,12,961		7.34,4.92	1000,1 	0
1163    	31.12, -14.30, -7.69 	-0.13, 1.08, -6.66 	-16.07, 19.15 	13,22,12,971		1.18,4.02	1000,1 	0
1171    	31.11, -14.30, -7.68 	-0.08, 1.09, -6.65 	-16.07, 19.15 	13,22,12,980		1.20,6.14	1000,1 	0
1180    	31.12, -14.30, -7.68 	-0.16, 1.08, -6.65 	-16.07, 19.15 	13,22,12,990		1.07,8.62	1000,1 	0
1189    	31.10, -14.29, -7.68 	-0.09, 1.10, -6.64 	-16.07, 19.15 	13,22,13,0		2.45,7.82	1000,1 	0
1197    	31.10, -14.26, -7.69 	-0.18, 1.10, -6.64 	-16.07, 19.15 	13,22,13,9		4.00,10.83	1000,1 	0
1206    	31.10, -14.27, -7.69 	-0.12, 1.12, -6.64 	-16.07, 19.15 	13,22,13,19		1.18,6.51	1000,1 	0
1215    	31.08, -14.26, -7.69 	-0.19, 1.12, -6.65 	-16.07, 19.15 	13,22,13,29		2.45,7.49	1000,1 	0
1223    	31.05, -14.26, -7.69 	-0.18, 1.13, -6.64 	-16.07, 19.15 	13,22,13,38		3.61,1.78	1000,1 	0
1232    	31.05, -14.26, -7.69 	-0.18, 1.12, -6.64 	-16.07, 19.15 	13,22,13,48		0.00,1.19	1000,1 	0
1241    	31.06, -14.25, -7.69 	-0.17, 1.13, -6.65 	-16.07, 19.15 	13,22,13,58		1.60,1.59	1000,1 	0
1249    	31.07, -14.23, -7.69 	-0.17, 1.13, -6.65 	-16.07, 19.15 	13,22,13,67		2.92,0.00	1000,1 	0
1258    	31.07, -14.23, -7.68 	-0.20, 1.14, -6.65 	-16.07, 19.15 	13,22,13,77		0.00,3.44	1000,1 	0
1267    	31.06, -14.23, -7.69 	-0.21, 1.15, -6.66 	-16.07, 19.15 	13,22,13,87		1.07,1.61	1000,1 	0
1275    	31.08, -14.22, -7.69 	-0.19, 1.13, -6.65 	-16.07, 19.15 	13,22,13,96		2.75,3.62	1000,1 	0
1284    	31.08, -14.22, -7.69 	-0.19, 1.15, -6.67 	-16.07, 19.15 	13,22,13,106		0.00,2.38	1000,1 	0
1293    	31.06, -14.24, -7.68 	-0.19, 1.14, -6.67 	-16.07, 19.15 	13,22,13,116		3.19,1.19	1000,1 	0
1301    	31.05, -14.24, -7.68 	-0.19, 1.15, -6.67 	-16.07, 19.15 	13,22,13,125		2.41,1.34	1000,1 	0
1310    	31.04, -14.22, -7.69 	-0.19, 1.16, -6.66 	-16.07, 19.15 	13,22,13,135		2.60,1.19	1000,1 	0
1319    	31.06, -14.20, -7.69 	-0.19, 1.16, -6.67 	-16.07, 19.15 	13,22,13,145		3.19,0.00	1000,1 	0
1327    	31.06, -14.18, -7.68 	-0.19, 1.18, -6.68 	-16.07, 19.15 	13,22,13,154		2.66,2.67	1000,1 	0
1336    	31.06, -14.18, -7.68 	-0.21, 1.18, -6.68 	-16.07, 19.15 	13,22,13,164		0.00,2.14	1000,1 	0
1345    	31.07, -14.18, -7.68 	-0.20, 1.19, -6.67 	-16.07, 19.15 	13,22,13,174		2.14,1.59	1000,1 	0
1354    	31.07, -14.18, -7.68 	-0.20, 1.18, -6.67 	-16.07, 19.15 	13,22,13,184		0.00,1.19	1000,1 	0
1362    	31.09, -14.19, -7.68 	-0.19, 1.19, -6.68 	-16.07, 19.15 	13,22,13,193		2.75,1.78	1000,1 	0
1371    	31.08, -14.21, -7.68 	-0.19, 1.19, -6.67 	-16.07, 19.15 	13,22,13,203		2.60,0.00	1000,1 	0
1380    	31.05, -14.18, -7.69 	-0.19, 1.19, -6.67 	-16.07, 19.15 	13,22,13,213		5.56,0.00	1000,1 	0
1388    	31.06, -14.16, -7.69 	-0.21, 1.19, -6.66 	-16.07, 19.15 	13,22,13,222		2.75,2.41	1000,1 	0
1397    	31.06, -14.16, -7.69 	-0.21, 1.19, -6.67 	-16.07, 19.15 	13,22,13,232		0.00,0.00	1000,1 	0
1406    	31.06, -14.18, -7.69 	-0.21, 1.18, -6.66 	-16.07, 19.15 	13,22,13,242		1.18,1.19	1000,1 	0
1414    	31.01, -14.19, -7.69 	-0.21, 1.19, -6.68 	-16.07, 19.15 	13,22,13,251		7.35,1.34	1000,1 	0
1423    	31.00, -14.21, -7.69 	-0.21, 1.21, -6.68 	-16.07, 19.15 	13,22,13,261		2.60,2.38	1000,1 	0
1432    	31.04, -14.19, -7.69 	-0.20, 1.19, -6.67 	-16.07, 19.15 	13,22,13,271		4.89,2.62	1000,1 	0
1440    	31.04, -14.20, -7.69 	-0.20, 1.19, -6.67 	-16.07, 19.15 	13,22,13,280		1.33,0.00	1000,1 	0
1449    	31.03, -14.18, -7.70 	-0.20, 1.19, -6.66 	-16.07, 19.15 	13,22,13,290		2.60,0.00	1000,1 	0
1458    	31.01, -14.18, -7.70 	-0.23, 1.20, -6.66 	-16.07, 19.15 	13,22,13,300		2.14,3.44	1000,1 	0
1466    	31.02, -14.14, -7.70 	-0.23, 1.20, -6.66 	-16.07, 19.15 	13,22,13,309		4.17,0.00	1000,1 	0
1475    	30.98, -14.15, -7.70 	-0.25, 1.19, -6.66 	-16.07, 19.15 	13,22,13,319		4.44,2.43	1000,1 	0
1484    	30.98, -14.15, -7.70 	-0.27, 1.21, -6.67 	-16.07, 19.15 	13,22,13,329		0.00,3.22	1000,1 	0
1492    	30.98, -14.15, -7.72 	-0.27, 1.23, -6.67 	-16.07, 19.15 	13,22,13,338		0.00,2.67	1000,1 	0
1501    	31.01, -14.12, -7.75 	-0.28, 1.26, -6.68 	-16.07, 19.15 	13,22,13,348		4.79,2.62	1000,1 	0
1510    	31.01, -14.11, -7.74 	-0.33, 1.25, -6.67 	-16.07, 19.15 	13,22,13,358		1.18,5.46	1000,1 	0
1518    	31.02, -14.05, -7.76 	-0.30, 1.24, -6.66 	-16.07, 19.15 	13,22,13,367		8.08,3.61	1000,1 	0
1527    	31.00, -14.08, -7.76 	-0.38, 1.28, -6.68 	-16.07, 19.15 	13,22,13,377		4.15,10.31	1000,1 	0
1536    	30.99, -14.05, -7.79 	-0.45, 1.29, -6.68 	-16.07, 19.15 	13,22,13,387		3.71,7.60	1000,1 	0
1545    	30.99, -13.99, -7.80 	-0.49, 1.30, -6.67 	-16.07, 19.15 	13,22,13,397		5.92,4.46	1000,1 	0
1553    	30.98, -13.99, -7.80 	-0.60, 1.34, -6.69 	-16.07, 19.15 	13,22,13,406		1.20,14.35	1000,1 	0
1562    	30.90, -13.93, -7.84 	-0.69, 1.37, -6.70 	-16.07, 19.15 	13,22,13,416		11.12,10.99	1000,1 	0
1571    	30.86, -13.80, -7.90 	-0.83, 1.41, -6.72 	-16.07, 19.15 	13,22,13,426		14.83,15.78	1000,1 	0
1579    	30.83, -13.66, -7.95 	-0.94, 1.44, -6.73 	-16.07, 19.15 	13,22,13,435		17.68,15.04	1000,1 	0
1589    	30.72, -13.46, -8.05 	-1.02, 1.52, -6.78 	-16.07, 19.15 	13,22,13,446		23.30,10.82	1000,1 	0
1597    	30.61, -13.34, -8.13 	-1.08, 1.51, -6.79 	-16.07, 19.15 	13,22,13,455		19.74,7.32	1000,1 	0
1605    	30.51, -13.23, -8.28 	-1.15, 1.51, -6.78 	-16.07, 19.15 	13,22,13,464		19.74,8.42	1000,1 	0
1614    	30.45, -13.00, -8.41 	-1.15, 1.47, -6.75 	-16.07, 19.15 	13,22,13,474		25.67,4.75	1000,1 	0
1623    	30.37, -12.70, -8.54 	-1.21, 1.47, -6.75 	-16.07, 19.15 	13,22,13,484		34.23,7.49	1000,1 	0
1631    	30.17, -12.47, -8.62 	-1.19, 1.46, -6.72 	-16.07, 19.15 	13,22,13,493		38.69,2.77	1000,1 	0
1640    	29.90, -12.34, -8.68 	-1.27, 1.42, -6.70 	-16.07, 19.15 	13,22,13,503		33.16,9.22	1000,1 	0
1649    	29.66, -12.19, -8.80 	-1.39, 1.37, -6.64 	-16.07, 19.15 	13,22,13,513		31.47,14.06	1000,1 	0
1657    	29.49, -11.85, -8.95 	-1.42, 1.33, -6.64 	-16.07, 19.15 	13,22,13,522		47.80,7.14	1000,1 	0
1666    	29.27, -11.36, -9.13 	-1.37, 1.31, -6.63 	-16.07, 19.15 	13,22,13,532		59.75,6.88	1000,1 	0
1675    	29.07, -10.89, -9.29 	-1.26, 1.27, -6.64 	-16.07, 19.15 	13,22,13,542		56.72,12.34	1000,1 	0
1683    	28.96, -10.60, -9.40 	-1.12, 1.22, -6.66 	-16.07, 19.15 	13,22,13,551		38.31,19.34	1000,1 	0
1692    	28.87, -10.48, -9.47 	-0.86, 1.27, -6.72 	-16.07, 19.15 	13,22,13,561		17.16,29.39	1000,1 	0
1701    	28.86, -10.27, -9.52 	-0.69, 1.34, -6.81 	-16.07, 19.15 	13,22,13,571		22.52,19.88	1000,1 	0
1709    	28.80, -10.01, -9.60 	-0.68, 1.44, -6.87 	-16.07, 19.15 	13,22,13,580		34.34,12.07	1000,1 	0
1718    	28.68, -9.78, -9.66 	-0.84, 1.51, -6.89 	-16.07, 19.15 	13,22,13,590		27.97,18.63	1000,1 	0
1727    	28.59, -9.61, -9.74 	-0.99, 1.54, -6.90 	-16.07, 19.15 	13,22,13,600		21.24,17.53	1000,1 	0
1736    	28.47, -9.45, -9.80 	-1.20, 1.65, -6.97 	-16.07, 19.15 	13,22,13,610		22.55,25.56	1000,1 	0
1744    	28.25, -9.20, -9.87 	-1.36, 1.75, -7.03 	-16.07, 19.15 	13,22,13,619		42.28,23.88	1000,1 	0
1753    	27.95, -8.91, -9.98 	-1.60, 1.88, -7.11 	-16.07, 19.15 	13,22,13,629		46.06,30.49	1000,1 	0
1762    	27.72, -8.47, -10.12 	-1.91, 2.02, -7.18 	-16.07, 19.15 	13,22,13,639		54.90,37.76	1000,1 	0
1770    	27.61, -7.98, -10.25 	-2.19, 2.22, -7.30 	-16.07, 19.15 	13,22,13,648		62.67,43.46	1000,1 	0
1779    	27.51, -7.62, -10.33 	-2.48, 2.43, -7.45 	-16.07, 19.15 	13,22,13,658		41.93,39.50	1000,1 	0
1788    	27.35, -7.44, -10.38 	-2.81, 2.62, -7.59 	-16.07, 19.15 	13,22,13,668		26.42,42.46	1000,1 	0
1796    	27.19, -7.36, -10.40 	-3.13, 2.76, -7.70 	-16.07, 19.15 	13,22,13,677		22.49,43.58	1000,1 	0
1806    	26.99, -7.27, -10.40 	-3.42, 2.81, -7.75 	-16.07, 19.15 	13,22,13,688		22.38,29.25	1000,1 	0
1814    	26.80, -7.15, -10.40 	-3.65, 2.84, -7.79 	-16.07, 19.15 	13,22,13,697		28.18,29.21	1000,1 	0
1822    	26.55, -6.98, -10.39 	-3.85, 2.90, -7.84 	-16.07, 19.15 	13,22,13,706		37.86,26.23	1000,1 	0
1831    	26.30, -6.78, -10.40 	-4.17, 2.88, -7.88 	-16.07, 19.15 	13,22,13,716		35.77,35.33	1000,1 	0
1840    	26.06, -6.55, -10.45 	-4.43, 2.94, -7.94 	-16.07, 19.15 	13,22,13,726		36.51,29.56	1000,1 	0
1848    	25.87, -6.29, -10.49 	-4.71, 2.96, -8.03 	-16.07, 19.15 	13,22,13,735		40.39,35.03	1000,1 	0
1857    	25.66, -6.01, -10.49 	-4.95, 3.07, -8.16 	-16.07, 19.15 	13,22,13,745		38.74,29.42	1000,1 	0
1866    	25.46, -5.83, -10.48 	-5.29, 3.17, -8.27 	-16.07, 19.15 	13,22,13,755		30.16,39.08	1000,1 	0
1874    	25.25, -5.66, -10.47 	-5.62, 3.28, -8.38 	-16.07, 19.15 	13,22,13,764		33.99,44.37	1000,1 	0
1883    	25.11, -5.37, -10.45 	-5.89, 3.32, -8.47 	-16.07, 19.15 	13,22,13,774		35.29,30.39	1000,1 	0
1892    	24.94, -5.05, -10.45 	-6.12, 3.36, -8.56 	-16.07, 19.15 	13,22,13,784		40.39,24.91	1000,1 	0
1900    	24.66, -4.82, -10.40 	-6.38, 3.43, -8.65 	-16.07, 19.15 	13,22,13,793		45.57,33.94	1000,1 	0
1909    	24.23, -4.68, -10.35 	-6.73, 3.50, -8.74 	-16.07, 19.15 	13,22,13,803		50.56,40.31	1000,1 	0
1918    	23.84, -4.53, -10.33 	-7.09, 3.55, -8.81 	-16.07, 19.15 	13,22,13,813		45.90,39.92	1000,1 	0
1928    	23.50, -4.27, -10.31 	-7.43, 3.63, -8.89 	-16.07, 19.15 	13,22,13,823		43.07,34.88	1000,1 	0
1936    	23.13, -4.04, -10.29 	-7.76, 3.73, -8.95 	-16.07, 19.15 	13,22,13,832		54.32,43.96	1000,1 	0
1945    	22.73, -3.89, -10.26 	-8.11, 3.82, -9.02 	-16.07, 19.15 	13,22,13,842		46.90,39.79	1000,1 	0
1954    	22.44, -3.74, -10.23 	-8.45, 3.88, -9.09 	-16.07, 19.15 	13,22,13,852		37.08,37.98	1000,1 	0
1962    	22.24, -3.51, -10.18 	-8.84, 3.98, -9.18 	-16.07, 19.15 	13,22,13,861		37.91,50.95	1000,1 	0
1972    	22.12, -3.29, -10.11 	-9.15, 4.09, -9.28 	-16.07, 19.15 	13,22,13,872		24.71,32.75	1000,1 	0
1980    	21.93, -3.13, -10.06 	-9.50, 4.14, -9.31 	-16.07, 19.15 	13,22,13,881		31.28,43.92	1000,1 	0
1988    	21.69, -3.01, -10.02 	-9.89, 4.29, -9.36 	-16.07, 19.15 	13,22,13,890		33.47,52.54	1000,1 	0
1997    	21.45, -2.87, -9.98 	-10.26, 4.44, -9.41 	-16.07, 19.15 	13,22,13,900		31.47,44.14	1000,1 	0
2006    	21.22, -2.63, -9.94 	-10.60, 4.56, -9.49 	-16.07, 19.15 	13,22,13,910		35.83,39.83	1000,1 	0
2014    	20.97, -2.44, -9.92 	-10.82, 4.71, -9.56 	-16.07, 19.15 	13,22,13,919		39.42,33.64	1000,1 	0
2023    	20.64, -2.33, -9.91 	-11.08, 4.78, -9.58 	-16.07, 19.15 	13,22,13,929		39.28,29.84	1000,1 	0
2032    	20.31, -2.28, -9.87 	-11.38, 4.98, -9.64 	-16.07, 19.15 	13,22,13,939		36.87,40.39	1000,1 	0
2040    	20.07, -2.10, -9.86 	-11.60, 5.12, -9.66 	-16.07, 19.15 	13,22,13,948		37.66,32.89	1000,1 	0
2049    	19.91, -1.87, -9.83 	-11.77, 5.28, -9.69 	-16.07, 19.15 	13,22,13,958		30.80,25.65	1000,1 	0
2058    	19.76, -1.74, -9.80 	-11.95, 5.42, -9.71 	-16.07, 19.15 	13,22,13,968		22.23,25.71	1000,1 	0
2066    	19.62, -1.64, -9.79 	-12.14, 5.57, -9.72 	-16.07, 19.15 	13,22,13,977		21.67,28.92	1000,1 	0
2075    	19.48, -1.61, -9.77 	-12.28, 5.73, -9.71 	-16.07, 19.15 	13,22,13,987		15.40,24.16	1000,1 	0
2084    	19.37, -1.55, -9.75 	-12.45, 5.96, -9.74 	-16.07, 19.15 	13,22,13,997		14.14,32.06	1000,1 	0
2092    	19.21, -1.50, -9.71 	-12.55, 6.11, -9.76 	-16.07, 19.15 	13,22,14,6		20.38,23.08	1000,1 	0
2101    	19.05, -1.48, -9.68 	-12.76, 6.33, -9.78 	-16.07, 19.15 	13,22,14,16		18.35,32.94	1000,1 	0
2110    	18.91, -1.39, -9.66 	-12.90, 6.52, -9.77 	-16.07, 19.15 	13,22,14,26		17.72,26.92	1000,1 	0
2119    	18.79, -1.28, -9.65 	-13.08, 6.78, -9.74 	-16.07, 19.15 	13,22,14,36		19.05,34.64	1000,1 	0
2127    	18.70, -1.18, -9.63 	-13.25, 7.00, -9.70 	-16.07, 19.15 	13,22,14,45		16.15,34.65	1000,1 	0
2136    	18.60, -1.07, -9.63 	-13.41, 7.26, -9.67 	-16.07, 19.15 	13,22,14,55		16.69,34.50	1000,1 	0
2145    	18.51, -0.99, -9.63 	-13.56, 7.55, -9.64 	-16.07, 19.15 	13,22,14,65		13.50,36.58	1000,1 	0
2153    	18.45, -0.94, -9.63 	-13.67, 7.81, -9.59 	-16.07, 19.15 	13,22,14,74		9.82,34.88	1000,1 	0
2162    	18.39, -0.89, -9.62 	-13.79, 8.10, -9.57 	-16.07, 19.15 	13,22,14,84		7.98,34.73	1000,1 	0
2171    	18.32, -0.84, -9.61 	-13.89, 8.33, -9.53 	-16.07, 19.15 	13,22,14,94		10.41,27.29	1000,1 	0
2179    	18.20, -0.83, -9.61 	-14.00, 8.54, -9.48 	-16.07, 19.15 	13,22,14,103		14.51,30.57	1000,1 	0
2188    	18.11, -0.81, -9.60 	-14.15, 8.74, -9.40 	-16.07, 19.15 	13,22,14,113		10.96,26.92	1000,1 	0
2197    	18.01, -0.79, -9.58 	-14.22, 8.93, -9.39 	-16.07, 19.15 	13,22,14,123		10.96,22.76	1000,1 	0
2205    	17.93, -0.76, -9.58 	-14.31, 9.09, -9.38 	-16.07, 19.15 	13,22,14,132		9.99,22.93	1000,1 	0
2214    	17.86, -0.74, -9.57 	-14.36, 9.26, -9.36 	-16.07, 19.15 	13,22,14,142		7.86,19.82	1000,1 	0
2223    	17.79, -0.71, -9.57 	-14.40, 9.38, -9.33 	-16.07, 19.15 	13,22,14,152		9.27,14.19	1000,1 	0
2231    	17.74, -0.68, -9.56 	-14.46, 9.53, -9.34 	-16.07, 19.15 	13,22,14,161		7.22,20.16	1000,1 	0
2240    	17.68, -0.65, -9.55 	-14.48, 9.68, -9.35 	-16.07, 19.15 	13,22,14,171		7.34,16.80	1000,1 	0
2249    	17.64, -0.65, -9.54 	-14.46, 9.80, -9.35 	-16.07, 19.15 	13,22,14,181		4.28,13.21	1000,1 	0
2258    	17.58, -0.66, -9.51 	-14.50, 9.90, -9.34 	-16.07, 19.15 	13,22,14,191		7.59,12.69	1000,1 	0
2266    	17.50, -0.66, -9.51 	-14.57, 10.02, -9.32 	-16.07, 19.15 	13,22,14,200		9.63,17.05	1000,1 	0
2275    	17.43, -0.65, -9.49 	-14.62, 10.12, -9.31 	-16.07, 19.15 	13,22,14,210		7.58,12.03	1000,1 	0
2284    	17.34, -0.66, -9.47 	-14.66, 10.20, -9.31 	-16.07, 19.15 	13,22,14,220		9.71,10.48	1000,1 	0
2292    	17.22, -0.65, -9.46 	-14.73, 10.31, -9.30 	-16.07, 19.15 	13,22,14,229		15.71,15.90	1000,1 	0
2301    	17.13, -0.60, -9.45 	-14.82, 10.41, -9.30 	-16.07, 19.15 	13,22,14,239		10.73,15.24	1000,1 	0
2310    	17.04, -0.56, -9.45 	-14.87, 10.54, -9.30 	-16.07, 19.15 	13,22,14,249		11.70,15.30	1000,1 	0
2318    	16.99, -0.49, -9.44 	-14.92, 10.64, -9.32 	-16.07, 19.15 	13,22,14,258		11.09,14.74	1000,1 	0
2328    	16.91, -0.43, -9.43 	-15.01, 10.73, -9.32 	-16.07, 19.15 	13,22,14,269		9.37,12.27	1000,1 	0
2336    	16.84, -0.41, -9.41 	-15.08, 10.81, -9.33 	-16.07, 19.15 	13,22,14,278		8.84,12.68	1000,1 	0
2344    	16.79, -0.44, -9.39 	-15.15, 10.92, -9.35 	-16.07, 19.15 	13,22,14,287		8.26,17.05	1000,1 	0
2353    	16.74, -0.47, -9.37 	-15.20, 11.09, -9.37 	-16.07, 19.15 	13,22,14,297		5.85,19.03	1000,1 	0
2362    	16.66, -0.49, -9.34 	-15.27, 11.26, -9.40 	-16.07, 19.15 	13,22,14,307		8.89,20.53	1000,1 	0
2370    	16.56, -0.50, -9.32 	-15.39, 11.39, -9.41 	-16.07, 19.15 	13,22,14,316		12.12,21.74	1000,1 	0
2379    	16.49, -0.47, -9.31 	-15.49, 11.53, -9.41 	-16.07, 19.15 	13,22,14,326		9.27,18.92	1000,1 	0
2388    	16.39, -0.43, -9.31 	-15.58, 11.63, -9.40 	-16.07, 19.15 	13,22,14,336		11.28,16.10	1000,1 	0
2396    	16.33, -0.39, -9.30 	-15.68, 11.77, -9.40 	-16.07, 19.15 	13,22,14,345		8.97,21.28	1000,1 	0
2405    	16.26, -0.36, -9.28 	-15.76, 11.90, -9.40 	-16.07, 19.15 	13,22,14,355		9.27,16.74	1000,1 	0
2414    	16.17, -0.36, -9.27 	-15.80, 11.98, -9.40 	-16.07, 19.15 	13,22,14,365		9.63,9.41	1000,1 	0
2422    	16.12, -0.34, -9.26 	-15.88, 12.10, -9.38 	-16.07, 19.15 	13,22,14,374		6.58,17.69	1000,1 	0
2431    	16.10, -0.32, -9.24 	-15.91, 12.19, -9.37 	-16.07, 19.15 	13,22,14,384		3.19,11.21	1000,1 	0
2440    	16.05, -0.33, -9.22 	-15.96, 12.31, -9.39 	-16.07, 19.15 	13,22,14,394		5.48,14.64	1000,1 	0
2448    	15.98, -0.37, -9.20 	-16.02, 12.40, -9.36 	-16.07, 19.15 	13,22,14,403		11.01,12.99	1000,1 	0
2457    	15.91, -0.38, -9.18 	-16.13, 12.51, -9.35 	-16.07, 19.15 	13,22,14,413		7.59,17.71	1000,1 	0
2466    	15.83, -0.38, -9.18 	-16.19, 12.62, -9.33 	-16.07, 19.15 	13,22,14,423		8.56,13.59	1000,1 	0
2475    	15.77, -0.35, -9.16 	-16.25, 12.73, -9.30 	-16.07, 19.15 	13,22,14,433		7.34,13.59	1000,1 	0
2483    	15.71, -0.33, -9.16 	-16.29, 12.84, -9.30 	-16.07, 19.15 	13,22,14,442		8.84,14.27	1000,1 	0
2492    	15.66, -0.31, -9.16 	-16.31, 12.99, -9.29 	-16.07, 19.15 	13,22,14,452		5.85,16.80	1000,1 	0
2501    	15.64, -0.29, -9.16 	-16.39, 13.14, -9.27 	-16.07, 19.15 	13,22,14,462		2.45,19.34	1000,1 	0
2509    	15.62, -0.24, -9.15 	-16.41, 13.29, -9.25 	-16.07, 19.15 	13,22,14,471		7.08,18.90	1000,1 	0
2518    	15.60, -0.21, -9.15 	-16.47, 13.44, -9.22 	-16.07, 19.15 	13,22,14,481		4.15,17.92	1000,1 	0
2527    	15.57, -0.20, -9.15 	-16.51, 13.58, -9.17 	-16.07, 19.15 	13,22,14,491		3.42,16.09	1000,1 	0
2535    	15.57, -0.20, -9.14 	-16.48, 13.75, -9.12 	-16.07, 19.15 	13,22,14,500		0.00,21.63	1000,1 	0
2545    	15.55, -0.20, -9.14 	-16.47, 13.94, -9.07 	-16.07, 19.15 	13,22,14,511		1.93,19.31	1000,1 	0
2553    	15.52, -0.20, -9.13 	-16.45, 14.14, -9.01 	-16.07, 19.15 	13,22,14,520		3.61,25.47	1000,1 	0
2561    	15.49, -0.19, -9.14 	-16.44, 14.39, -8.94 	-16.07, 19.15 	13,22,14,529		5.00,30.74	1000,1 	0
2570    	15.48, -0.18, -9.14 	-16.46, 14.60, -8.88 	-16.07, 19.15 	13,22,14,539		1.60,23.89	1000,1 	0
2579    	15.46, -0.18, -9.14 	-16.48, 14.89, -8.84 	-16.07, 19.15 	13,22,14,549		2.14,32.18	1000,1 	0
2587    	15.44, -0.17, -9.14 	-16.43, 15.08, -8.82 	-16.07, 19.15 	13,22,14,558		2.75,25.01	1000,1 	0
2596    	15.43, -0.16, -9.14 	-16.40, 15.28, -8.77 	-16.07, 19.15 	13,22,14,568		1.60,21.57	1000,1 	0
2605    	15.42, -0.16, -9.14 	-16.39, 15.49, -8.73 	-16.07, 19.15 	13,22,14,578		1.07,23.77	1000,1 	0
2613    	15.43, -0.15, -9.14 	-16.36, 15.65, -8.71 	-16.07, 19.15 	13,22,14,587		1.80,20.32	1000,1 	0
2622    	15.41, -0.15, -9.13 	-16.35, 15.87, -8.70 	-16.07, 19.15 	13,22,14,597		2.14,24.95	1000,1 	0
2631    	15.39, -0.17, -9.12 	-16.29, 16.04, -8.67 	-16.07, 19.15 	13,22,14,607		3.19,20.32	1000,1 	0
2639    	15.38, -0.17, -9.12 	-16.27, 16.26, -8.66 	-16.07, 19.15 	13,22,14,616		1.20,26.80	1000,1 	0
2648    	15.36, -0.18, -9.11 	-16.24, 16.50, -8.65 	-16.07, 19.15 	13,22,14,626		2.45,27.46	1000,1 	0
2657    	15.35, -0.20, -9.11 	-16.22, 16.70, -8.62 	-16.07, 19.15 	13,22,14,636		2.60,21.57	1000,1 	0
2666    	15.34, -0.21, -9.10 	-16.17, 16.88, -8.60 	-16.07, 19.15 	13,22,14,646		1.60,20.81	1000,1 	0
2674    	15.33, -0.21, -9.10 	-16.09, 17.09, -8.57 	-16.07, 19.15 	13,22,14,655		1.20,28.27	1000,1 	0
2683    	15.31, -0.19, -9.10 	-16.01, 17.28, -8.55 	-16.07, 19.15 	13,22,14,665		3.19,23.32	1000,1 	0
2692    	15.30, -0.16, -9.10 	-15.99, 17.50, -8.52 	-16.07, 19.15 	13,22,14,675		3.71,23.82	1000,1 	0
2700    	15.29, -0.15, -9.09 	-15.94, 17.69, -8.48 	-16.07, 19.15 	13,22,14,684		1.79,24.71	1000,1 	0
2709    	15.29, -0.15, -9.08 	-15.89, 17.86, -8.43 	-16.07, 19.15 	13,22,14,694		0.00,19.97	1000,1 	0
2718    	15.27, -0.16, -9.07 	-15.88, 18.03, -8.40 	-16.07, 19.15 	13,22,14,704		2.45,19.02	1000,1 	0
2726    	15.24, -0.17, -9.07 	-15.86, 18.20, -8.36 	-16.07, 19.15 	13,22,14,713		5.00,21.48	1000,1 	0
2735    	15.23, -0.18, -9.07 	-15.85, 18.33, -8.30 	-16.07, 19.15 	13,22,14,723		1.60,14.28	1000,1 	0
2744    	15.21, -0.17, -9.07 	-15.82, 18.41, -8.24 	-16.07, 19.15 	13,22,14,733		2.45,9.98	1000,1 	0
2752    	15.18, -0.17, -9.07 	-15.80, 18.49, -8.17 	-16.07, 19.15 	13,22,14,742		3.61,9.98	1000,1 	0
2761    	15.15, -0.16, -9.07 	-15.78, 18.60, -8.13 	-16.07, 19.15 	13,22,14,752		3.42,12.04	1000,1 	0
2770    	15.14, -0.15, -9.06 	-15.73, 18.68, -8.09 	-16.07, 19.15 	13,22,14,762		1.60,10.83	1000,1 	0
2778    	15.12, -0.12, -9.07 	-15.72, 18.76, -8.05 	-16.07, 19.15 	13,22,14,771		3.59,9.41	1000,1 	0
2788    	15.11, -0.10, -9.07 	-15.74, 18.81, -7.99 	-16.07, 19.15 	13,22,14,782		2.34,5.71	1000,1 	0
2796    	15.10, -0.09, -9.07 	-15.78, 18.88, -7.95 	-16.07, 19.15 	13,22,14,791		1.79,10.58	1000,1 	0
2804    	15.09, -0.08, -9.07 	-15.79, 18.93, -7.89 	-16.07, 19.15 	13,22,14,800		1.79,5.50	1000,1 	0
2813    	15.09, -0.09, -9.06 	-15.77, 18.97, -7.84 	-16.07, 19.15 	13,22,14,810		1.18,5.18	1000,1 	0
2822    	15.07, -0.08, -9.05 	-15.78, 19.00, -7.79 	-16.07, 19.15 	13,22,14,820		2.45,3.74	1000,1 	0
2831    	15.05, -0.10, -9.05 	-15.79, 19.02, -7.73 	-16.07, 19.15 	13,22,14,830		3.19,2.62	1000,1 	0
2839    	15.02, -0.09, -9.05 	-15.82, 19.03, -7.66 	-16.07, 19.15 	13,22,14,839		3.85,3.87	1000,1 	0
2848    	15.01, -0.08, -9.06 	-15.84, 19.04, -7.62 	-16.07, 19.15 	13,22,14,849		1.60,2.46	1000,1 	0
2857    	14.99, -0.07, -9.06 	-15.83, 19.08, -7.57 	-16.07, 19.15 	13,22,14,859		2.45,3.71	1000,1 	0
2865    	15.00, -0.05, -9.07 	-15.83, 19.11, -7.51 	-16.07, 19.15 	13,22,14,868		2.92,4.01	1000,1 	0
2874    	14.98, -0.04, -9.07 	-15.82, 19.10, -7.44 	-16.07, 19.15 	13,22,14,878		2.45,1.61	1000,1 	0
2883    	14.97, -0.03, -9.07 	-15.84, 19.10, -7.36 	-16.07, 19.15 	13,22,14,888		2.45,2.14	1000,1 	0
2891    	14.95, -0.04, -9.07 	-15.85, 19.08, -7.29 	-16.07, 19.15 	13,22,14,897		2.75,2.91	1000,1 	0
2900    	14.95, -0.05, -9.07 	-15.86, 19.04, -7.20 	-16.07, 19.15 	13,22,14,907		1.18,3.71	1000,1 	0
2909    	14.93, -0.05, -9.06 	-15.86, 19.04, -7.15 	-16.07, 19.15 	13,22,14,917		2.14,0.00	1000,1 	0
2917    	14.92, -0.07, -9.06 	-15.84, 19.04, -7.11 	-16.07, 19.15 	13,22,14,926		2.92,2.41	1000,1 	0
2927    	14.90, -0.08, -9.05 	-15.85, 19.09, -7.10 	-16.07, 19.15 	13,22,14,937		2.20,4.40	1000,1 	0
2935    	14.89, -0.08, -9.05 	-15.84, 19.13, -7.08 	-16.07, 19.15 	13,22,14,946		1.20,5.46	1000,1 	0
2943    	14.86, -0.08, -9.05 	-15.87, 19.16, -7.07 	-16.07, 19.15 	13,22,14,955		3.61,5.44	1000,1 	0
2952    	14.85, -0.08, -9.06 	-15.87, 19.18, -7.04 	-16.07, 19.15 	13,22,14,965		1.07,2.38	1000,1 	0
2961    	14.84, -0.08, -9.06 	-15.89, 19.23, -7.00 	-16.07, 19.15 	13,22,14,975		1.07,5.24	1000,1 	0
2969    	14.83, -0.07, -9.06 	-15.94, 19.24, -6.96 	-16.07, 19.15 	13,22,14,984		1.79,6.18	1000,1 	0
2978    	14.83, -0.06, -9.07 	-15.95, 19.26, -6.92 	-16.07, 19.15 	13,22,14,994		1.18,3.22	1000,1 	0
2987    	14.80, -0.07, -9.06 	-15.96, 19.28, -6.89 	-16.07, 19.15 	13,22,15,4		3.42,2.62	1000,1 	0
2995    	14.79, -0.07, -9.06 	-15.98, 19.30, -6.86 	-16.07, 19.15 	13,22,15,13		1.20,3.62	1000,1 	0
3004    	14.77, -0.07, -9.07 	-15.98, 19.33, -6.85 	-16.07, 19.15 	13,22,15,23		2.14,3.56	1000,1 	0
3013    	14.76, -0.07, -9.06 	-15.98, 19.37, -6.83 	-16.07, 19.15 	13,22,15,33		1.07,3.56	1000,1 	0
3022    	14.76, -0.06, -9.06 	-15.97, 19.38, -6.83 	-16.07, 19.15 	13,22,15,43		1.18,1.59	1000,1 	0
3030    	14.73, -0.06, -9.06 	-15.98, 19.41, -6.84 	-16.07, 19.15 	13,22,15,52		3.61,4.20	1000,1 	0
3039    	14.72, -0.05, -9.07 	-15.98, 19.43, -6.84 	-16.07, 19.15 	13,22,15,62		1.60,2.38	1000,1 	0
3048    	14.73, -0.06, -9.07 	-15.98, 19.45, -6.83 	-16.07, 19.15 	13,22,15,72		1.60,2.38	1000,1 	0
3056    	14.71, -0.08, -9.07 	-15.97, 19.45, -6.84 	-16.07, 19.15 	13,22,15,81		4.49,2.41	1000,1 	0
3065    	14.71, -0.09, -9.07 	-15.95, 19.45, -6.85 	-16.07, 19.15 	13,22,15,91		1.18,2.14	1000,1 	0
3074    	14.70, -0.11, -9.07 	-15.94, 19.46, -6.86 	-16.07, 19.15 	13,22,15,101		2.60,1.59	1000,1 	0
3082    	14.67, -0.12, -9.07 	-15.93, 19.46, -6.86 	-16.07, 19.15 	13,22,15,110		3.85,1.20	1000,1 	0
3091    	14.64, -0.14, -9.07 	-15.95, 19.47, -6.86 	-16.07, 19.15 	13,22,15,120		3.99,2.46	1000,1 	0
3100    	14.62, -0.19, -9.06 	-15.95, 19.48, -6.86 	-16.07, 19.15 	13,22,15,130		5.20,1.19	1000,1 	0
3108    	14.59, -0.21, -9.06 	-15.97, 19.48, -6.87 	-16.07, 19.15 	13,22,15,139		4.49,2.41	1000,1 	0
3118    	14.57, -0.24, -9.06 	-15.98, 19.48, -6.88 	-16.07, 19.15 	13,22,15,150		3.73,0.96	1000,1 	0
3126    	14.56, -0.25, -9.07 	-15.97, 19.48, -6.88 	-16.07, 19.15 	13,22,15,159		1.80,1.20	1000,1 	0
3134    	14.55, -0.23, -9.07 	-15.97, 19.48, -6.88 	-16.07, 19.15 	13,22,15,168		2.92,0.00	1000,1 	0
3143    	14.56, -0.22, -9.08 	-15.95, 19.48, -6.88 	-16.07, 19.15 	13,22,15,178		1.60,2.14	1000,1 	0
3152    	14.55, -0.24, -9.08 	-15.96, 19.48, -6.88 	-16.07, 19.15 	13,22,15,188		2.60,1.07	1000,1 	0
3160    	14.55, -0.24, -9.10 	-15.97, 19.48, -6.88 	-16.07, 19.15 	13,22,15,197		0.00,1.20	1000,1 	0
3169    	14.54, -0.27, -9.10 	-15.97, 19.48, -6.88 	-16.07, 19.15 	13,22,15,207		3.71,0.00	1000,1 	0
3178    	14.54, -0.30, -9.10 	-15.98, 19.48, -6.88 	-16.07, 19.15 	13,22,15,217		3.55,2.14	1000,1 	0
3187    	14.53, -0.36, -9.09 	-15.99, 19.46, -6.87 	-16.07, 19.15 	13,22,15,227		6.02,2.59	1000,1 	0
3195    	14.49, -0.38, -9.10 	-16.03, 19.46, -6.86 	-16.07, 19.15 	13,22,15,236		5.51,4.81	1000,1 	0
3204    	14.49, -0.41, -9.09 	-16.04, 19.46, -6.86 	-16.07, 19.15 	13,22,15,246		3.55,1.07	1000,1 	0
3213    	14.49, -0.43, -9.10 	-16.03, 19.46, -6.87 	-16.07, 19.15 	13,22,15,256		2.37,1.07	1000,1 	0
3221    	14.47, -0.46, -9.10 	-16.02, 19.46, -6.87 	-16.07, 19.15 	13,22,15,265		4.67,1.20	1000,1 	0
3230    	14.45, -0.47, -9.11 	-16.05, 19.47, -6.87 	-16.07, 19.15 	13,22,15,275		2.45,3.44	1000,1 	0
3239    	14.48, -0.50, -9.11 	-16.07, 19.46, -6.87 	-16.07, 19.15 	13,22,15,285		3.99,2.43	1000,1 	0
3247    	14.49, -0.51, -9.11 	-16.03, 19.44, -6.87 	-16.07, 19.15 	13,22,15,294		1.79,5.54	1000,1 	0
3256    	14.49, -0.53, -9.11 	-16.04, 19.46, -6.89 	-16.07, 19.15 	13,22,15,304		2.37,2.62	1000,1 	0
3265    	14.49, -0.57, -9.08 	-16.06, 19.46, -6.87 	-16.07, 19.15 	13,22,15,314		4.74,2.14	1000,1 	0
3273    	14.50, -0.58, -9.08 	-16.08, 19.46, -6.88 	-16.07, 19.15 	13,22,15,323		1.79,2.41	1000,1 	0
3282    	14.51, -0.59, -9.09 	-16.09, 19.47, -6.88 	-16.07, 19.15 	13,22,15,333		1.60,1.61	1000,1 	0
3290    	14.51, -0.60, -9.09 	-16.08, 19.45, -6.86 	0.00, -0.00 	13,22,15,352		1.18,2.62	1000,1 	0
3300    	14.51, -0.59, -9.11 	-16.10, 19.46, -6.86 	0.00, -0.00 	13,22,15,363		1.78,3.69	1000,1 	0
3308    	14.52, -0.59, -9.11 	-16.10, 19.46, -6.86 	0.00, -0.00 	13,22,15,372		2.41,0.00	1000,1 	0
3316    	14.53, -0.59, -9.11 	-16.07, 19.45, -6.87 	0.00, -0.00 	13,22,15,381		1.93,6.19	1000,1 	0
3325    	14.56, -0.59, -9.11 	-16.07, 19.45, -6.88 	0.00, -0.00 	13,22,15,391		4.82,0.00	1000,1 	0
3334    	14.57, -0.58, -9.12 	-16.05, 19.44, -6.87 	0.00, -0.00 	13,22,15,401		2.87,4.43	1000,1 	0
3342    	14.60, -0.58, -9.11 	-16.06, 19.43, -6.86 	0.00, -0.00 	13,22,15,410		5.78,2.86	1000,1 	0
3351    	14.60, -0.58, -9.12 	-16.07, 19.42, -6.86 	0.00, -0.00 	13,22,15,420		0.00,2.38	1000,1 	0
3360    	14.60, -0.58, -9.12 	-16.04, 19.43, -6.86 	0.00, -0.00 	13,22,15,430		0.00,6.13	1000,1 	0
3369    	14.59, -0.59, -9.12 	-16.06, 19.42, -6.86 	0.00, -0.00 	13,22,15,440		2.87,4.38	1000,1 	0
3377    	14.59, -0.60, -9.12 	-16.06, 19.42, -6.86 	0.00, -0.00 	13,22,15,449		2.13,0.00	1000,1 	0
3386    	14.59, -0.61, -9.12 	-16.06, 19.42, -6.86 	0.00, -0.00 	13,22,15,459		2.13,0.00	1000,1 	0
3395    	14.59, -0.61, -9.12 	-16.04, 19.42, -6.87 	0.00, -0.00 	13,22,15,469		0.00,3.85	1000,1 	0
3403    	14.59, -0.62, -9.12 	-16.04, 19.41, -6.87 	0.00, -0.00 	13,22,15,478		2.13,2.14	1000,1 	0
3412    	14.60, -0.62, -9.12 	-16.04, 19.42, -6.87 	0.00, -0.00 	13,22,15,488		1.93,2.14	1000,1 	0
3421    	14.61, -0.63, -9.12 	-16.05, 19.42, -6.86 	0.00, -0.00 	13,22,15,498		2.87,1.92	1000,1 	0
3429    	14.62, -0.65, -9.12 	-16.04, 19.43, -6.87 	0.00, -0.00 	13,22,15,507		2.87,2.85	1000,1 	0
3438    	14.63, -0.65, -9.12 	-16.04, 19.42, -6.87 	0.00, -0.00 	13,22,15,517		1.93,2.14	1000,1 	0
3447    	14.64, -0.66, -9.11 	-16.04, 19.42, -6.87 	0.00, -0.00 	13,22,15,527		2.87,0.00	1000,1 	0
3455    	14.62, -0.66, -9.11 	-16.03, 19.42, -6.87 	0.00, -0.00 	13,22,15,536		3.85,1.92	1000,1 	0
3464    	14.63, -0.67, -9.11 	-16.03, 19.42, -6.86 	0.00, -0.00 	13,22,15,546		2.39,0.00	1000,1 	0
3473    	14.63, -0.67, -9.12 	-16.05, 19.41, -6.86 	0.00, -0.00 	13,22,15,556		0.00,4.37	1000,1 	0
3481    	14.63, -0.68, -9.11 	-16.04, 19.42, -6.86 	0.00, -0.00 	13,22,15,565		2.13,2.86	1000,1 	0
3491    	14.63, -0.69, -9.12 	-16.04, 19.41, -6.86 	0.00, -0.00 	13,22,15,576		1.52,1.53	1000,1 	0
3499    	14.64, -0.68, -9.12 	-16.04, 19.41, -6.86 	0.00, -0.00 	13,22,15,585		3.59,0.00	1000,1 	0
3507    	14.64, -0.68, -9.12 	-16.05, 19.41, -6.86 	0.00, -0.00 	13,22,15,594		0.00,1.92	1000,1 	0
3516    	14.65, -0.68, -9.12 	-16.05, 19.42, -6.86 	0.00, -0.00 	13,22,15,604		1.61,1.78	1000,1 	0
3525    	14.64, -0.69, -9.12 	-16.05, 19.42, -6.86 	0.00, -0.00 	13,22,15,614		2.87,0.00	1000,1 	0
3533    	14.64, -0.69, -9.11 	-16.03, 19.42, -6.87 	0.00, -0.00 	13,22,15,623		0.00,3.85	1000,1 	0
3542    	14.65, -0.69, -9.12 	-16.05, 19.41, -6.86 	0.00, -0.00 	13,22,15,633		1.61,3.65	1000,1 	0
3551    	14.65, -0.71, -9.11 	-16.05, 19.42, -6.86 	0.00, -0.00 	13,22,15,643		4.26,2.14	1000,1 	0
3560    	14.66, -0.69, -9.12 	-16.05, 19.42, -6.86 	0.00, -0.00 	13,22,15,653		4.68,0.00	1000,1 	0
3568    	14.65, -0.70, -9.12 	-16.05, 19.42, -6.86 	0.00, -0.00 	13,22,15,662		2.87,0.00	1000,1 	0
3577    	14.64, -0.71, -9.12 	-16.05, 19.42, -6.86 	0.00, -0.00 	13,22,15,672		2.87,0.00	1000,1 	0
3586    	14.63, -0.71, -9.12 	-16.05, 19.42, -6.86 	0.00, -0.00 	13,22,15,682		1.93,0.00	1000,1 	0
3594    	14.64, -0.72, -9.12 	-16.05, 19.41, -6.87 	0.00, -0.00 	13,22,15,691		2.87,2.14	1000,1 	0
3603    	14.64, -0.72, -9.12 	-16.04, 19.42, -6.87 	0.00, -0.00 	13,22,15,701		0.00,2.86	1000,1 	0
3612    	14.64, -0.72, -9.12 	-16.05, 19.41, -6.86 	0.00, -0.00 	13,22,15,711		0.00,2.86	1000,1 	0
3620    	14.65, -0.72, -9.12 	-16.05, 19.41, -6.86 	0.00, -0.00 	13,22,15,720		1.93,0.00	1000,1 	0
3629    	14.65, -0.72, -9.12 	-16.05, 19.41, -6.86 	0.00, -0.00 	13,22,15,730		0.00,0.00	1000,1 	0
3638    	14.65, -0.73, -9.12 	-16.05, 19.41, -6.86 	0.00, -0.00 	13,22,15,740		2.13,0.00	1000,1 	0
3646    	14.65, -0.74, -9.12 	-16.05, 19.42, -6.86 	0.00, -0.00 	13,22,15,749		2.13,2.14	1000,1 	0
3655    	14.65, -0.73, -9.12 	-16.04, 19.41, -6.86 	0.00, -0.00 	13,22,15,759		1.78,2.42	1000,1 	0
3664    	14.65, -0.74, -9.12 	-16.06, 19.42, -6.86 	0.00, -0.00 	13,22,15,769		2.13,4.43	1000,1 	0
3672    	14.65, -0.74, -9.11 	-16.05, 19.42, -6.86 	0.00, -0.00 	13,22,15,778		0.00,1.92	1000,1 	0
3682    	14.66, -0.75, -9.11 	-16.05, 19.42, -6.86 	0.00, -0.00 	13,22,15,789		2.05,0.00	1000,1 	0
3690    	14.66, -0.74, -9.11 	-16.04, 19.40, -6.86 	0.00, -0.00 	13,22,15,798		2.66,5.90	1000,1 	0
3698    	14.66, -0.75, -9.12 	-16.03, 19.41, -6.86 	0.00, -0.00 	13,22,15,807		2.13,2.86	1000,1 	0
3707    	14.67, -0.73, -9.12 	-16.05, 19.42, -6.86 	0.00, -0.00 	13,22,15,817		4.68,4.43	1000,1 	0
3716    	14.67, -0.75, -9.11 	-16.04, 19.41, -6.86 	0.00, -0.00 	13,22,15,827		4.26,2.90	1000,1 	0
3725    	14.68, -0.76, -9.11 	-16.02, 19.42, -6.86 	0.00, -0.00 	13,22,15,837		2.87,4.38	1000,1 	0
3733    	14.68, -0.76, -9.12 	-16.03, 19.43, -6.86 	0.00, -0.00 	13,22,15,846		0.00,3.62	1000,1 	0
3742    	14.68, -0.76, -9.12 	-16.03, 19.44, -6.87 	0.00, -0.00 	13,22,15,856		0.00,2.14	1000,1 	0
3752    	14.67, -0.77, -9.12 	-16.03, 19.43, -6.87 	0.00, -0.00 	13,22,15,866		2.87,2.14	1000,1 	0
3760    	14.69, -0.76, -9.12 	-16.03, 19.43, -6.86 	0.00, -0.00 	13,22,15,875		7.34,0.00	1000,1 	0
3769    	14.69, -0.78, -9.12 	-16.04, 19.43, -6.86 	0.00, -0.00 	13,22,15,885		5.33,2.41	1000,1 	0
3778    	14.69, -0.76, -9.12 	-16.03, 19.44, -6.86 	0.00, -0.00 	13,22,15,895		5.85,3.57	1000,1 	0
3786    	14.69, -0.78, -9.12 	-16.03, 19.45, -6.86 	0.00, -0.00 	13,22,15,904		7.10,3.56	1000,1 	0
3795    	14.69, -0.77, -9.12 	-16.02, 19.43, -6.86 	0.00, -0.00 	13,22,15,914		3.59,5.90	1000,1 	0
3804    	14.69, -0.79, -9.12 	-16.02, 19.43, -6.86 	0.00, -0.00 	13,22,15,924		5.84,0.00	1000,1 	0
3812    	14.69, -0.79, -9.12 	-16.02, 19.44, -6.86 	0.00, -0.00 	13,22,15,933		3.21,3.56	1000,1 	0
3821    	14.69, -0.81, -9.12 	-16.02, 19.44, -6.86 	0.00, -0.00 	13,22,15,943		2.66,0.00	1000,1 	0
3830    	14.69, -0.81, -9.12 	-16.01, 19.44, -6.87 	0.00, -0.00 	13,22,15,953		0.00,2.41	1000,1 	0
3838    	14.69, -0.82, -9.12 	-16.02, 19.44, -6.86 	0.00, -0.00 	13,22,15,962		2.66,2.41	1000,1 	0
3847    	14.68, -0.82, -9.12 	-16.02, 19.45, -6.86 	0.00, -0.00 	13,22,15,972		2.41,2.67	1000,1 	0
3856    	14.69, -0.82, -9.12 	-16.02, 19.44, -6.87 	0.00, -0.00 	13,22,15,982		4.82,2.67	1000,1 	0
3864    	14.69, -0.82, -9.12 	-16.00, 19.44, -6.87 	0.00, -0.00 	13,22,15,991		0.00,3.85	1000,1 	0
3873    	14.69, -0.83, -9.12 	-16.01, 19.43, -6.87 	0.00, -0.00 	13,22,16,1		2.66,3.57	1000,1 	0
3882    	14.69, -0.84, -9.12 	-16.01, 19.44, -6.86 	0.00, -0.00 	13,22,16,11		2.66,2.67	1000,1 	0
3890    	14.70, -0.84, -9.12 	-16.01, 19.44, -6.86 	0.00, -0.00 	13,22,16,20		2.41,0.00	1000,1 	0
3899    	14.71, -0.86, -9.11 	-16.00, 19.43, -6.87 	0.00, -0.00 	13,22,16,30		5.84,3.62	1000,1 	0
3908    	14.70, -0.86, -9.11 	-16.00, 19.44, -6.86 	0.00, -0.00 	13,22,16,40		2.41,2.67	1000,1 	0
3917    	14.71, -0.86, -9.12 	-16.01, 19.44, -6.86 	0.00, -0.00 	13,22,16,50		2.41,2.41	1000,1 	0
3925    	14.70, -0.86, -9.12 	-16.01, 19.44, -6.86 	0.00, -0.00 	13,22,16,59		3.21,0.00	1000,1 	0
3934    	14.69, -0.86, -9.12 	-16.01, 19.44, -6.86 	0.00, -0.00 	13,22,16,69		2.41,0.00	1000,1 	0
3943    	14.71, -0.87, -9.11 	-15.99, 19.45, -6.86 	0.00, -0.00 	13,22,16,79		5.50,5.47	1000,1 	0
3951    	14.71, -0.87, -9.12 	-15.99, 19.44, -6.86 	0.00, -0.00 	13,22,16,88		0.00,3.56	1000,1 	0
3960    	14.73, -0.87, -9.12 	-15.99, 19.45, -6.86 	0.00, -0.00 	13,22,16,98		4.82,2.67	0,0 	0
3969    	14.72, -0.89, -9.12 	-15.98, 19.45, -6.86 	0.00, -0.00 	13,22,16,108		5.85,2.41	0,0 	0
3977    	14.73, -0.89, -9.12 	-15.98, 19.45, -6.86 	0.00, -0.00 	13,22,16,117		3.21,0.00	0,0 	0
3986    	14.73, -0.89, -9.12 	-15.98, 19.45, -6.86 	0.00, -0.00 	13,22,16,127		0.00,0.00	0,0 	0
3995    	14.73, -0.90, -9.12 	-15.98, 19.46, -6.86 	0.00, -0.00 	13,22,16,137		2.66,3.57	0,0 	0
4003    	14.72, -0.89, -9.12 	-15.98, 19.46, -6.86 	0.00, -0.00 	13,22,16,146		3.59,2.41	0,0 	0
4012    	14.73, -0.90, -9.12 	-15.98, 19.46, -6.86 	0.00, -0.00 	13,22,16,156		3.59,0.00	0,0 	0
4021    	14.72, -0.90, -9.12 	-15.98, 19.45, -6.86 	0.00, -0.00 	13,22,16,166		2.41,3.62	0,0 	0
4029    	14.73, -0.92, -9.12 	-15.98, 19.45, -6.86 	0.00, -0.00 	13,22,16,175		5.84,2.41	0,0 	0
4038    	14.73, -0.92, -9.12 	-15.98, 19.46, -6.86 	0.00, -0.00 	13,22,16,185		0.00,3.57	0,0 	0
4047    	14.73, -0.92, -9.12 	-15.97, 19.47, -6.86 	0.00, -0.00 	13,22,16,195		0.00,3.57	0,0 	0
4055    	14.74, -0.93, -9.12 	-15.97, 19.47, -6.86 	0.00, -0.00 	13,22,16,204		2.87,0.00	0,0 	0
4064    	14.74, -0.94, -9.11 	-15.96, 19.47, -6.87 	0.00, -0.00 	13,22,16,214		2.66,2.41	0,0 	0
4073    	14.73, -0.94, -9.12 	-15.97, 19.47, -6.86 	0.00, -0.00 	13,22,16,224		2.41,2.41	0,0 	0
4082    	14.74, -0.93, -9.12 	-15.97, 19.46, -6.86 	0.00, -0.00 	13,22,16,234		3.59,2.67	0,0 	0
4091    	14.74, -0.94, -9.12 	-15.97, 19.47, -6.86 	0.00, -0.00 	13,22,16,244		3.55,3.56	0,0 	0
4099    	14.74, -0.95, -9.11 	-15.96, 19.47, -6.86 	0.00, -0.00 	13,22,16,253		3.55,3.21	0,0 	0
4108    	14.74, -0.95, -9.11 	-15.96, 19.47, -6.86 	0.00, -0.00 	13,22,16,263		0.00,0.00	0,0 	0
4116    	14.74, -0.97, -9.11 	-15.96, 19.47, -6.86 	0.00, -0.00 	13,22,16,272		3.55,0.00	0,0 	0
4125    	14.75, -0.98, -9.11 	-15.96, 19.47, -6.86 	0.00, -0.00 	13,22,16,282		3.59,0.00	0,0 	0
4134    	14.77, -0.98, -9.11 	-15.96, 19.47, -6.86 	0.00, -0.00 	13,22,16,292		4.82,0.00	0,0 	0
4142    	14.76, -0.98, -9.11 	-15.95, 19.46, -6.86 	0.00, -0.00 	13,22,16,301		3.21,4.83	0,0 	0
4151    	14.77, -1.00, -9.11 	-15.94, 19.46, -6.86 	0.00, -0.00 	13,22,16,311		5.84,2.41	0,0 	0
4160    	14.78, -1.00, -9.11 	-15.93, 19.47, -6.86 	0.00, -0.00 	13,22,16,321		2.41,3.57	0,0 	0
4168    	14.78, -1.01, -9.11 	-15.91, 19.46, -6.86 	0.00, -0.00 	13,22,16,330		1.78,3.69	0,0 	0
4177    	14.80, -1.03, -9.11 	-15.88, 19.46, -6.86 	0.00, -0.00 	13,22,16,340		5.74,5.77	0,0 	0
4186    	14.78, -1.07, -9.10 	-15.83, 19.45, -6.85 	0.00, -0.00 	13,22,16,350		9.36,9.89	0,0 	0
4194    	14.82, -1.10, -9.10 	-15.75, 19.46, -6.86 	0.00, -0.00 	13,22,16,359		10.01,15.51	0,0 	0
4203    	14.85, -1.16, -9.09 	-15.66, 19.45, -6.87 	0.00, -0.00 	13,22,16,369		12.12,19.40	0,0 	0
4212    	14.87, -1.21, -9.08 	-15.55, 19.43, -6.87 	0.00, -0.00 	13,22,16,379		11.33,21.66	0,0 	0
4220    	14.93, -1.28, -9.07 	-15.45, 19.37, -6.86 	0.00, -0.00 	13,22,16,388		18.87,22.16	0,0 	0
4230    	15.00, -1.37, -9.06 	-15.38, 19.29, -6.85 	0.00, -0.00 	13,22,16,399		22.97,23.19	0,0 	0
4238    	15.13, -1.48, -9.06 	-15.29, 19.24, -6.85 	0.00, -0.00 	13,22,16,407		41.09,24.29	0,0 	0
4246    	15.28, -1.58, -9.04 	-15.21, 19.18, -6.86 	0.00, -0.00 	13,22,16,417		31.22,16.83	0,0 	0
4255    	15.41, -1.75, -9.02 	-15.13, 19.12, -6.86 	0.00, -0.00 	13,22,16,427		42.29,20.49	0,0 	0
4264    	15.55, -1.97, -8.96 	-15.05, 19.07, -6.86 	0.00, -0.00 	13,22,16,436		51.48,18.88	0,0 	0
4273    	15.68, -2.16, -8.93 	-14.98, 19.01, -6.85 	0.00, -0.00 	13,22,16,446		45.80,18.75	0,0 	0
4281    	15.80, -2.29, -8.91 	-14.89, 18.93, -6.84 	0.00, -0.00 	13,22,16,455		44.73,28.83	0,0 	0
4290    	15.87, -2.40, -8.91 	-14.79, 18.84, -6.83 	0.00, -0.00 	13,22,16,465		27.03,27.42	0,0 	0
4299    	15.94, -2.49, -8.91 	-14.66, 18.75, -6.83 	0.00, -0.00 	13,22,16,475		22.97,31.80	0,0 	0
4307    	16.04, -2.59, -8.92 	-14.51, 18.62, -6.84 	0.00, -0.00 	13,22,16,484		33.97,50.48	0,0 	0
4316    	16.20, -2.64, -8.92 	-14.29, 18.47, -6.85 	0.00, -0.00 	13,22,16,494		34.44,52.23	0,0 	0
4325    	16.41, -2.68, -8.92 	-14.08, 18.30, -6.84 	0.00, -0.00 	13,22,16,504		41.34,53.51	0,0 	0
4333    	16.59, -2.76, -8.91 	-13.88, 18.15, -6.82 	0.00, -0.00 	13,22,16,513		49.40,63.33	0,0 	0
4342    	16.77, -2.84, -8.92 	-13.67, 18.02, -6.82 	0.00, -0.00 	13,22,16,523		40.37,48.21	0,0 	0
4351    	16.98, -2.98, -8.89 	-13.47, 17.87, -6.82 	0.00, -0.00 	13,22,16,533		50.62,50.66	0,0 	0
4359    	17.17, -3.15, -8.86 	-13.25, 17.67, -6.81 	0.00, -0.00 	13,22,16,542		62.51,75.68	0,0 	0
4368    	17.36, -3.36, -8.82 	-13.04, 17.47, -6.79 	0.00, -0.00 	13,22,16,552		57.44,57.65	0,0 	0
4377    	17.52, -3.59, -8.80 	-12.77, 17.29, -6.79 	0.00, -0.00 	13,22,16,562		55.44,65.46	0,0 	0
4385    	17.75, -3.78, -8.81 	-12.48, 17.09, -6.82 	0.00, -0.00 	13,22,16,571		60.06,68.28	0,0 	0
4394    	18.06, -3.92, -8.83 	-12.19, 16.90, -6.82 	0.00, -0.00 	13,22,16,581		67.57,69.88	0,0 	0
4403    	18.39, -4.01, -8.85 	-11.90, 16.67, -6.81 	0.00, -0.00 	13,22,16,591		68.25,73.69	0,0 	0
4411    	18.76, -4.07, -8.89 	-11.59, 16.44, -6.81 	0.00, -0.00 	13,22,16,600		73.98,78.34	0,0 	0
4420    	19.14, -4.19, -8.89 	-11.29, 16.20, -6.82 	0.00, -0.00 	13,22,16,610		80.54,77.90	0,0 	0
4429    	19.58, -4.43, -8.85 	-10.97, 15.94, -6.81 	0.00, -0.00 	13,22,16,620		101.25,82.26	0,0 	0
4437    	19.95, -4.69, -8.80 	-10.65, 15.63, -6.79 	0.00, -0.00 	13,22,16,629		89.28,87.95	0,0 	0
4447    	20.14, -4.94, -8.77 	-10.32, 15.34, -6.77 	0.00, -0.00 	13,22,16,640		64.01,87.93	0,0 	0
4455    	20.30, -5.22, -8.75 	-10.02, 15.06, -6.74 	0.00, -0.00 	13,22,16,649		79.23,102.71	0,0 	0
4464    	20.48, -5.45, -8.79 	-9.69, 14.77, -6.72 	0.00, -0.00 	13,22,16,659		59.46,87.92	0,0 	0
4472    	20.78, -5.61, -8.81 	-9.32, 14.50, -6.72 	0.00, -0.00 	13,22,16,668		84.65,114.06	0,0 	0
4481    	21.04, -5.73, -8.85 	-8.92, 14.23, -6.74 	0.00, -0.00 	13,22,16,678		57.04,95.99	0,0 	0
4490    	21.28, -5.88, -8.90 	-8.53, 13.97, -6.75 	0.00, -0.00 	13,22,16,688		56.64,94.79	0,0 	0
4498    	21.60, -5.96, -8.99 	-8.19, 13.73, -6.77 	0.00, -0.00 	13,22,16,697		81.62,103.44	0,0 	0
4507    	21.99, -5.96, -9.09 	-7.78, 13.52, -6.77 	0.00, -0.00 	13,22,16,707		79.00,92.03	0,0 	0
4516    	22.34, -6.05, -9.12 	-7.36, 13.26, -6.78 	0.00, -0.00 	13,22,16,717		71.95,99.69	0,0 	0
4524    	22.61, -6.32, -9.09 	-6.97, 13.03, -6.77 	0.00, -0.00 	13,22,16,726		94.74,112.15	0,0 	0
4533    	22.79, -6.61, -9.07 	-6.69, 12.77, -6.76 	0.00, -0.00 	13,22,16,736		68.17,76.40	0,0 	0
4542    	23.05, -6.72, -9.09 	-6.41, 12.55, -6.77 	0.00, -0.00 	13,22,16,746		57.04,70.83	0,0 	0
4550    	23.29, -6.77, -9.12 	-6.07, 12.36, -6.80 	0.00, -0.00 	13,22,16,755		48.91,78.09	0,0 	0
4559    	23.42, -6.87, -9.13 	-5.73, 12.14, -6.82 	0.00, -0.00 	13,22,16,765		34.36,80.34	0,0 	0
4568    	23.54, -7.04, -9.13 	-5.47, 11.95, -6.83 	0.00, -0.00 	13,22,16,775		41.18,65.14	0,0 	0
4576    	23.69, -7.15, -9.15 	-5.22, 11.74, -6.86 	0.00, -0.00 	13,22,16,784		37.46,64.94	0,0 	0
4585    	23.99, -7.24, -9.20 	-4.96, 11.51, -6.88 	0.00, -0.00 	13,22,16,794		62.10,69.20	0,0 	0
4594    	24.29, -7.22, -9.26 	-4.71, 11.32, -6.92 	0.00, -0.00 	13,22,16,804		59.77,63.60	0,0 	0
4602    	24.54, -7.34, -9.29 	-4.43, 11.09, -6.93 	0.00, -0.00 	13,22,16,813		55.29,72.17	0,0 	0
4611    	24.71, -7.56, -9.30 	-4.17, 10.83, -6.94 	0.00, -0.00 	13,22,16,823		54.93,73.59	0,0 	0
4620    	24.93, -7.78, -9.29 	-3.95, 10.52, -6.93 	0.00, -0.00 	13,22,16,833		61.62,75.62	0,0 	0
4628    	25.12, -7.97, -9.29 	-3.74, 10.22, -6.95 	0.00, -0.00 	13,22,16,842		45.29,61.55	0,0 	0
4638    	25.26, -8.13, -9.29 	-3.52, 9.92, -6.95 	0.00, -0.00 	13,22,16,853		43.08,73.86	0,0 	0
4646    	25.40, -8.27, -9.28 	-3.33, 9.61, -6.98 	0.00, -0.00 	13,22,16,862		48.31,91.85	0,0 	0
4655    	25.53, -8.37, -9.29 	-3.19, 9.30, -7.00 	0.00, -0.00 	13,22,16,872		33.09,67.99	0,0 	0
4663    	25.66, -8.43, -9.32 	-2.97, 8.99, -7.02 	0.00, -0.00 	13,22,16,881		35.14,95.92	0,0 	0
4672    	25.80, -8.58, -9.30 	-2.76, 8.68, -7.04 	0.00, -0.00 	13,22,16,891		41.52,73.86	0,0 	0
4681    	25.94, -8.73, -9.32 	-2.55, 8.36, -7.09 	0.00, -0.00 	13,22,16,901		40.21,76.34	0,0 	0
4689    	26.13, -8.88, -9.33 	-2.42, 8.04, -7.15 	0.00, -0.00 	13,22,16,910		60.90,86.51	0,0 	0
4698    	26.35, -9.01, -9.33 	-2.27, 7.69, -7.18 	0.00, -0.00 	13,22,16,920		51.15,77.42	0,0 	0
4707    	26.53, -9.15, -9.32 	-2.11, 7.31, -7.20 	0.00, -0.00 	13,22,16,930		47.21,81.36	0,0 	0
4715    	26.72, -9.38, -9.28 	-1.98, 6.94, -7.22 	0.00, -0.00 	13,22,16,939		72.24,99.09	0,0 	0
4724    	26.82, -9.66, -9.25 	-1.93, 6.53, -7.21 	0.00, -0.00 	13,22,16,949		59.31,81.97	0,0 	0
4733    	26.92, -9.92, -9.22 	-1.90, 6.17, -7.22 	0.00, -0.00 	13,22,16,959		56.64,73.02	0,0 	0
4741    	27.08, -10.03, -9.22 	-1.84, 5.78, -7.23 	0.00, -0.00 	13,22,16,968		48.83,97.52	0,0 	0
4750    	27.22, -10.07, -9.22 	-1.70, 5.43, -7.28 	0.00, -0.00 	13,22,16,978		28.28,75.92	0,0 	0
4759    	27.33, -10.11, -9.25 	-1.58, 5.06, -7.31 	0.00, -0.00 	13,22,16,988		24.64,76.62	0,0 	0
4767    	27.44, -10.22, -9.25 	-1.49, 4.75, -7.37 	0.00, -0.00 	13,22,16,997		30.04,65.21	0,0 	0
4776    	27.61, -10.30, -9.28 	-1.33, 4.45, -7.44 	0.00, -0.00 	13,22,17,7		37.74,67.74	0,0 	0
4785    	27.77, -10.39, -9.27 	-1.11, 4.10, -7.47 	0.00, -0.00 	13,22,17,17		37.94,83.87	0,0 	0
4793    	27.87, -10.54, -9.23 	-0.98, 3.77, -7.47 	0.00, -0.00 	13,22,17,26		35.50,69.21	0,0 	0
4802    	27.95, -10.76, -9.18 	-0.92, 3.41, -7.44 	0.00, -0.00 	13,22,17,36		47.32,73.79	0,0 	0
4811    	28.01, -11.04, -9.11 	-0.96, 3.07, -7.45 	0.00, -0.00 	13,22,17,46		56.59,68.96	0,0 	0
4819    	28.09, -11.24, -9.07 	-0.91, 2.75, -7.49 	0.00, -0.00 	13,22,17,55		36.69,54.18	0,0 	0
4829    	28.22, -11.35, -9.05 	-0.83, 2.46, -7.51 	0.00, -0.00 	13,22,17,66		32.87,60.53	0,0 	0
4837    	28.28, -11.44, -9.06 	-0.73, 2.19, -7.53 	0.00, -0.00 	13,22,17,75		27.16,71.37	0,0 	0
4846    	28.31, -11.52, -9.05 	-0.69, 2.00, -7.55 	0.00, -0.00 	13,22,17,85		18.00,39.37	0,0 	0
4854    	28.39, -11.63, -9.03 	-0.66, 1.79, -7.55 	0.00, -0.00 	13,22,17,94		32.86,51.40	0,0 	0
4863    	28.46, -11.66, -9.00 	-0.58, 1.60, -7.56 	0.00, -0.00 	13,22,17,104		14.92,41.67	0,0 	0
4872    	28.53, -11.73, -8.99 	-0.54, 1.36, -7.53 	0.00, -0.00 	13,22,17,114		21.44,47.78	0,0 	0
4880    	28.60, -11.80, -8.95 	-0.49, 1.16, -7.51 	0.00, -0.00 	13,22,17,123		23.22,52.37	0,0 	0
