#Time 	Sensor1         Sensor2         Target          Time            Vel             
#================================================================

10      	29.89, -14.31, -7.54 	-0.48, 0.53, -6.68 	12.86, 15.32 	13,21,0,293		0.00,0.00	0,0 	0
14      	29.91, -14.31, -7.52 	-0.46, 0.54, -6.69 	12.86, 15.32 	13,21,0,301		4.82,5.47	0,0 	0
23      	29.90, -14.32, -7.52 	-0.45, 0.53, -6.68 	12.86, 15.32 	13,21,0,311		1.60,1.61	0,0 	0
32      	29.91, -14.33, -7.51 	-0.49, 0.52, -6.66 	12.86, 15.32 	13,21,0,321		1.60,4.42	0,0 	0
41      	29.91, -14.35, -7.51 	-0.48, 0.52, -6.66 	12.86, 15.32 	13,21,0,331		1.18,1.07	0,0 	0
49      	29.92, -14.38, -7.50 	-0.49, 0.53, -6.66 	12.86, 15.32 	13,21,0,340		4.17,2.77	0,0 	0
57      	29.88, -14.38, -7.48 	-0.51, 0.53, -6.68 	12.86, 15.32 	13,21,0,349		4.82,2.41	0,0 	0
67      	29.88, -14.39, -7.49 	-0.49, 0.54, -6.68 	12.86, 15.32 	13,21,0,360		1.07,2.19	0,0 	0
75      	29.92, -14.39, -7.48 	-0.49, 0.53, -6.68 	12.86, 15.32 	13,21,0,369		4.82,1.81	0,0 	0
84      	29.90, -14.40, -7.48 	-0.49, 0.54, -6.66 	12.86, 15.32 	13,21,0,379		2.45,1.61	0,0 	0
93      	29.89, -14.41, -7.48 	-0.48, 0.54, -6.68 	12.86, 15.32 	13,21,0,389		1.60,2.14	0,0 	0
101     	29.89, -14.41, -7.50 	-0.47, 0.55, -6.67 	12.86, 15.32 	13,21,0,398		0.00,1.78	0,0 	0
110     	29.88, -14.41, -7.50 	-0.49, 0.53, -6.67 	12.86, 15.32 	13,21,0,408		1.07,3.17	0,0 	0
119     	29.89, -14.42, -7.48 	-0.48, 0.52, -6.66 	12.86, 15.32 	13,21,0,418		1.60,1.61	0,0 	0
127     	29.89, -14.43, -7.48 	-0.51, 0.52, -6.65 	12.86, 15.32 	13,21,0,427		1.33,4.81	0,0 	0
136     	29.88, -14.47, -7.48 	-0.49, 0.52, -6.65 	12.86, 15.32 	13,21,0,437		4.86,2.14	0,0 	0
145     	29.89, -14.49, -7.48 	-0.49, 0.52, -6.66 	12.86, 15.32 	13,21,0,447		2.60,1.07	0,0 	0
153     	29.89, -14.52, -7.46 	-0.47, 0.53, -6.64 	12.86, 15.32 	13,21,0,456		2.66,2.73	0,0 	0
162     	29.88, -14.49, -7.46 	-0.47, 0.53, -6.66 	12.86, 15.32 	13,21,0,466		2.60,0.00	0,0 	0
171     	29.86, -14.52, -7.45 	-0.47, 0.53, -6.64 	12.86, 15.32 	13,21,0,476		3.19,0.00	0,0 	0
179     	29.87, -14.49, -7.46 	-0.49, 0.53, -6.65 	12.86, 15.32 	13,21,0,485		2.92,3.61	0,0 	0
188     	29.89, -14.49, -7.46 	-0.49, 0.54, -6.67 	12.86, 15.32 	13,21,0,495		2.14,1.19	0,0 	0
197     	29.90, -14.48, -7.46 	-0.50, 0.53, -6.66 	12.86, 15.32 	13,21,0,505		1.60,1.59	0,0 	0
205     	29.89, -14.50, -7.46 	-0.49, 0.54, -6.66 	12.86, 15.32 	13,21,0,514		2.92,1.78	0,0 	0
214     	29.90, -14.54, -7.46 	-0.50, 0.55, -6.66 	12.86, 15.32 	13,21,0,524		3.71,1.19	0,0 	0
223     	29.90, -14.53, -7.44 	-0.50, 0.55, -6.67 	12.86, 15.32 	13,21,0,534		1.18,0.00	0,0 	0
232     	29.90, -14.55, -7.44 	-0.54, 0.56, -6.67 	12.86, 15.32 	13,21,0,544		2.37,5.49	0,0 	0
240     	29.84, -14.58, -7.44 	-0.53, 0.55, -6.67 	12.86, 15.32 	13,21,0,553		8.26,1.81	0,0 	0
249     	29.83, -14.62, -7.44 	-0.54, 0.54, -6.66 	12.86, 15.32 	13,21,0,563		4.86,1.59	0,0 	0
258     	29.85, -14.60, -7.42 	-0.52, 0.54, -6.65 	12.86, 15.32 	13,21,0,573		3.19,2.14	0,0 	0
266     	29.83, -14.60, -7.43 	-0.54, 0.55, -6.67 	12.86, 15.32 	13,21,0,582		2.41,2.77	0,0 	0
275     	29.86, -14.59, -7.43 	-0.54, 0.54, -6.67 	12.86, 15.32 	13,21,0,592		3.42,1.19	0,0 	0
284     	29.87, -14.59, -7.41 	-0.52, 0.53, -6.66 	12.86, 15.32 	13,21,0,602		1.07,2.46	0,0 	0
292     	29.87, -14.60, -7.43 	-0.52, 0.53, -6.66 	12.86, 15.32 	13,21,0,611		1.33,0.00	0,0 	0
301     	29.89, -14.58, -7.42 	-0.51, 0.54, -6.66 	12.86, 15.32 	13,21,0,621		3.19,1.59	0,0 	0
310     	29.89, -14.58, -7.43 	-0.52, 0.54, -6.66 	12.86, 15.32 	13,21,0,631		0.00,1.07	0,0 	0
318     	29.86, -14.61, -7.40 	-0.51, 0.55, -6.66 	12.86, 15.32 	13,21,0,640		5.39,1.78	0,0 	0
327     	29.83, -14.68, -7.39 	-0.51, 0.54, -6.65 	12.86, 15.32 	13,21,0,650		7.80,1.19	0,0 	0
336     	29.87, -14.65, -7.40 	-0.52, 0.56, -6.67 	12.86, 15.32 	13,21,0,660		4.89,2.62	0,0 	0
344     	29.86, -14.65, -7.40 	-0.52, 0.56, -6.67 	12.86, 15.32 	13,21,0,669		1.20,0.00	0,0 	0
353     	29.88, -14.65, -7.39 	-0.54, 0.55, -6.66 	12.86, 15.32 	13,21,0,679		2.14,2.43	0,0 	0
362     	29.90, -14.63, -7.40 	-0.53, 0.55, -6.65 	12.86, 15.32 	13,21,0,689		3.19,1.07	0,0 	0
370     	29.87, -14.65, -7.40 	-0.52, 0.55, -6.65 	12.86, 15.32 	13,21,0,698		4.49,1.20	0,0 	0
379     	29.94, -14.64, -7.39 	-0.52, 0.54, -6.67 	12.86, 15.32 	13,21,0,708		7.59,1.19	0,0 	0
388     	29.92, -14.69, -7.39 	-0.52, 0.53, -6.66 	12.86, 15.32 	13,21,0,718		5.20,1.19	0,0 	0
396     	29.91, -14.71, -7.38 	-0.52, 0.53, -6.66 	12.86, 15.32 	13,21,0,727		2.92,0.00	0,0 	0
405     	29.91, -14.73, -7.37 	-0.53, 0.54, -6.66 	12.86, 15.32 	13,21,0,737		2.37,1.61	0,0 	0
414     	29.92, -14.75, -7.37 	-0.53, 0.54, -6.66 	12.86, 15.32 	13,21,0,747		2.60,0.00	0,0 	0
423     	29.92, -14.75, -7.37 	-0.54, 0.54, -6.65 	12.86, 15.32 	13,21,0,757		0.00,1.07	0,0 	0
431     	29.89, -14.76, -7.37 	-0.53, 0.55, -6.65 	12.86, 15.32 	13,21,0,766		3.85,1.78	0,0 	0
439     	29.89, -14.74, -7.39 	-0.53, 0.55, -6.65 	12.86, 15.32 	13,21,0,775		2.66,0.00	0,0 	0
449     	29.90, -14.75, -7.37 	-0.53, 0.54, -6.65 	12.86, 15.32 	13,21,0,786		1.44,1.07	0,0 	0
457     	29.88, -14.78, -7.37 	-0.55, 0.55, -6.64 	12.86, 15.32 	13,21,0,795		4.67,2.77	0,0 	0
466     	29.92, -14.75, -7.37 	-0.53, 0.55, -6.64 	12.86, 15.32 	13,21,0,805		5.56,2.14	0,0 	0
475     	29.92, -14.78, -7.37 	-0.53, 0.54, -6.64 	12.86, 15.32 	13,21,0,815		3.55,1.19	0,0 	0
483     	29.94, -14.78, -7.37 	-0.53, 0.55, -6.64 	12.86, 15.32 	13,21,0,824		2.41,1.34	0,0 	0
492     	29.93, -14.78, -7.37 	-0.52, 0.53, -6.64 	12.86, 15.32 	13,21,0,834		1.07,2.62	0,0 	0
501     	29.92, -14.81, -7.36 	-0.52, 0.53, -6.63 	12.86, 15.32 	13,21,0,844		3.71,0.00	0,0 	0
509     	29.92, -14.81, -7.36 	-0.52, 0.53, -6.63 	12.86, 15.32 	13,21,0,853		0.00,0.00	0,0 	0
518     	29.91, -14.85, -7.36 	-0.53, 0.54, -6.64 	12.86, 15.32 	13,21,0,863		3.71,1.61	0,0 	0
527     	29.89, -14.84, -7.36 	-0.53, 0.55, -6.64 	12.86, 15.32 	13,21,0,873		2.45,1.19	0,0 	0
535     	29.88, -14.84, -7.36 	-0.54, 0.56, -6.66 	12.86, 15.32 	13,21,0,882		1.20,1.81	0,0 	0
544     	29.88, -14.85, -7.36 	-0.54, 0.54, -6.65 	12.86, 15.32 	13,21,0,892		1.18,2.38	0,0 	0
553     	29.91, -14.84, -7.36 	-0.55, 0.55, -6.65 	12.86, 15.32 	13,21,0,902		3.42,1.61	0,0 	0
561     	29.88, -14.86, -7.35 	-0.55, 0.54, -6.65 	12.86, 15.32 	13,21,0,911		4.49,1.34	0,0 	0
570     	29.90, -14.84, -7.34 	-0.55, 0.54, -6.65 	12.86, 15.32 	13,21,0,921		3.19,0.00	0,0 	0
579     	29.88, -14.88, -7.33 	-0.54, 0.55, -6.65 	12.86, 15.32 	13,21,0,931		5.20,1.59	0,0 	0
587     	29.87, -14.87, -7.33 	-0.54, 0.55, -6.65 	12.86, 15.32 	13,21,0,940		1.79,0.00	0,0 	0
596     	29.89, -14.88, -7.31 	-0.58, 0.55, -6.65 	12.86, 15.32 	13,21,0,950		2.45,4.28	0,0 	0
605     	29.88, -14.89, -7.32 	-0.59, 0.55, -6.64 	12.86, 15.32 	13,21,0,960		1.60,1.07	0,0 	0
614     	29.86, -14.90, -7.32 	-0.55, 0.55, -6.64 	12.86, 15.32 	13,21,0,970		2.45,4.28	0,0 	0
622     	29.86, -14.90, -7.30 	-0.55, 0.55, -6.64 	12.86, 15.32 	13,21,0,979		0.00,0.00	0,0 	0
630     	29.90, -14.89, -7.30 	-0.54, 0.55, -6.64 	12.86, 15.32 	13,21,0,988		5.00,1.20	0,0 	0
640     	29.89, -14.89, -7.30 	-0.54, 0.54, -6.64 	12.86, 15.32 	13,21,0,999		0.96,1.07	0,0 	0
648     	29.89, -14.90, -7.31 	-0.54, 0.53, -6.63 	12.86, 15.32 	13,21,1,8		1.33,1.34	0,0 	0
657     	29.86, -14.91, -7.31 	-0.54, 0.53, -6.63 	12.86, 15.32 	13,21,1,18		3.42,0.00	0,0 	0
666     	29.86, -14.92, -7.31 	-0.56, 0.55, -6.65 	12.86, 15.32 	13,21,1,28		1.18,3.22	0,0 	0
674     	29.86, -14.94, -7.31 	-0.56, 0.56, -6.65 	12.86, 15.32 	13,21,1,37		2.66,1.34	0,0 	0
683     	29.86, -14.94, -7.31 	-0.54, 0.55, -6.64 	12.86, 15.32 	13,21,1,47		0.00,2.46	0,0 	0
692     	29.86, -14.94, -7.30 	-0.54, 0.55, -6.64 	12.86, 15.32 	13,21,1,57		0.00,0.00	0,0 	0
700     	29.87, -14.95, -7.30 	-0.54, 0.55, -6.64 	12.86, 15.32 	13,21,1,66		1.80,0.00	0,0 	0
709     	29.85, -14.98, -7.30 	-0.54, 0.55, -6.64 	12.86, 15.32 	13,21,1,76		4.15,0.00	0,0 	0
718     	29.84, -14.98, -7.30 	-0.55, 0.55, -6.64 	12.86, 15.32 	13,21,1,86		1.07,1.07	0,0 	0
726     	29.84, -14.98, -7.32 	-0.54, 0.54, -6.64 	12.86, 15.32 	13,21,1,95		0.00,1.81	0,0 	0
735     	29.86, -14.98, -7.30 	-0.51, 0.56, -6.64 	12.86, 15.32 	13,21,1,105		2.14,3.96	0,0 	0
744     	29.88, -14.96, -7.30 	-0.51, 0.56, -6.64 	12.86, 15.32 	13,21,1,115		3.19,0.00	0,0 	0
752     	29.89, -14.95, -7.31 	-0.55, 0.56, -6.64 	12.86, 15.32 	13,21,1,124		1.80,4.81	0,0 	0
761     	29.89, -14.95, -7.30 	-0.55, 0.56, -6.64 	12.86, 15.32 	13,21,1,134		0.00,0.00	0,0 	0
770     	29.91, -14.94, -7.30 	-0.55, 0.56, -6.64 	12.86, 15.32 	13,21,1,144		2.45,0.00	0,0 	0
778     	29.91, -14.96, -7.28 	-0.55, 0.57, -6.65 	12.86, 15.32 	13,21,1,153		2.66,1.34	0,0 	0
787     	29.92, -14.95, -7.28 	-0.56, 0.57, -6.65 	12.86, 15.32 	13,21,1,163		1.60,1.07	0,0 	0
796     	29.92, -14.96, -7.28 	-0.55, 0.57, -6.65 	12.86, 15.32 	13,21,1,173		1.18,1.07	0,0 	0
805     	29.92, -14.95, -7.28 	-0.56, 0.57, -6.65 	12.86, 15.32 	13,21,1,183		1.18,1.07	0,0 	0
813     	29.90, -14.94, -7.27 	-0.54, 0.57, -6.64 	12.86, 15.32 	13,21,1,192		2.75,2.41	0,0 	0
821     	29.90, -14.93, -7.29 	-0.55, 0.55, -6.64 	12.86, 15.32 	13,21,1,201		1.33,2.91	0,0 	0
831     	29.91, -14.92, -7.29 	-0.51, 0.54, -6.64 	12.86, 15.32 	13,21,1,212		1.44,4.01	0,0 	0
839     	29.89, -14.94, -7.29 	-0.51, 0.55, -6.64 	12.86, 15.32 	13,21,1,221		3.59,1.34	0,0 	0
848     	29.90, -14.96, -7.28 	-0.51, 0.55, -6.64 	12.86, 15.32 	13,21,1,231		2.60,0.00	0,0 	0
857     	29.87, -14.96, -7.27 	-0.55, 0.55, -6.64 	12.86, 15.32 	13,21,1,241		3.21,4.28	0,0 	0
865     	29.90, -14.97, -7.27 	-0.54, 0.56, -6.65 	12.86, 15.32 	13,21,1,250		3.85,1.78	0,0 	0
874     	29.88, -14.98, -7.27 	-0.55, 0.58, -6.65 	12.86, 15.32 	13,21,1,260		2.45,2.62	0,0 	0
883     	29.89, -14.98, -7.27 	-0.56, 0.57, -6.64 	12.86, 15.32 	13,21,1,270		1.07,1.59	0,0 	0
891     	29.89, -15.00, -7.27 	-0.56, 0.57, -6.65 	12.86, 15.32 	13,21,1,279		1.33,0.00	0,0 	0
900     	29.87, -14.96, -7.29 	-0.52, 0.57, -6.65 	12.86, 15.32 	13,21,1,289		4.15,4.28	0,0 	0
909     	29.89, -14.96, -7.29 	-0.52, 0.57, -6.65 	12.86, 15.32 	13,21,1,299		2.14,0.00	0,0 	0
917     	29.89, -14.97, -7.29 	-0.52, 0.57, -6.65 	12.86, 15.32 	13,21,1,308		1.33,0.00	0,0 	0
926     	29.88, -14.95, -7.29 	-0.52, 0.57, -6.65 	12.86, 15.32 	13,21,1,318		2.60,0.00	0,0 	0
936     	29.86, -14.97, -7.29 	-0.52, 0.57, -6.65 	12.86, 15.32 	13,21,1,328		2.87,0.00	0,0 	0
944     	29.86, -14.96, -7.29 	-0.52, 0.57, -6.65 	12.86, 15.32 	13,21,1,337		1.33,0.00	0,0 	0
953     	29.88, -14.95, -7.28 	-0.52, 0.57, -6.65 	12.86, 15.32 	13,21,1,347		2.45,0.00	0,0 	0
962     	29.86, -14.98, -7.26 	-0.52, 0.57, -6.65 	12.86, 15.32 	13,21,1,357		4.15,0.00	0,0 	0
970     	29.85, -14.96, -7.27 	-0.52, 0.57, -6.65 	12.86, 15.32 	13,21,1,366		2.92,0.00	0,0 	0
979     	29.85, -14.96, -7.27 	-0.57, 0.56, -6.65 	12.86, 15.32 	13,21,1,376		0.00,5.46	0,0 	0
988     	29.86, -14.94, -7.27 	-0.53, 0.58, -6.65 	12.86, 15.32 	13,21,1,386		2.60,4.86	0,0 	0
997     	29.86, -14.94, -7.27 	-0.53, 0.58, -6.65 	12.86, 15.32 	13,21,1,396		0.00,0.00	0,0 	0
1005    	29.83, -14.94, -7.28 	-0.53, 0.57, -6.65 	12.86, 15.32 	13,21,1,405		3.61,1.34	1000,1 	0
1013    	29.85, -14.92, -7.28 	-0.53, 0.57, -6.65 	12.86, 15.32 	13,21,1,414		3.59,0.00	1000,1 	0
1023    	29.86, -14.94, -7.28 	-0.57, 0.57, -6.65 	12.86, 15.32 	13,21,1,425		2.34,3.85	1000,1 	0
1031    	29.87, -14.95, -7.28 	-0.53, 0.57, -6.65 	12.86, 15.32 	13,21,1,434		1.80,4.81	1000,1 	0
1040    	29.88, -14.95, -7.28 	-0.53, 0.57, -6.67 	12.86, 15.32 	13,21,1,444		1.07,0.00	1000,1 	0
1049    	29.85, -15.00, -7.29 	-0.53, 0.56, -6.65 	12.86, 15.32 	13,21,1,454		5.72,1.19	1000,1 	0
1057    	29.84, -15.02, -7.28 	-0.53, 0.56, -6.65 	12.86, 15.32 	13,21,1,463		2.92,0.00	1000,1 	0
1066    	29.83, -15.04, -7.26 	-0.53, 0.56, -6.65 	12.86, 15.32 	13,21,1,473		2.60,0.00	1000,1 	0
1075    	29.83, -15.04, -7.27 	-0.53, 0.56, -6.65 	12.86, 15.32 	13,21,1,483		0.00,0.00	1000,1 	0
1083    	29.83, -15.04, -7.27 	-0.53, 0.56, -6.65 	12.86, 15.32 	13,21,1,492		0.00,0.00	1000,1 	0
1092    	29.85, -15.02, -7.26 	-0.54, 0.57, -6.65 	12.86, 15.32 	13,21,1,502		3.19,1.61	1000,1 	0
1101    	29.85, -15.03, -7.26 	-0.58, 0.57, -6.65 	12.86, 15.32 	13,21,1,512		1.18,4.28	1000,1 	0
1109    	29.85, -15.03, -7.26 	-0.58, 0.57, -6.65 	12.86, 15.32 	13,21,1,521		0.00,0.00	1000,1 	0
1118    	29.85, -15.03, -7.26 	-0.57, 0.56, -6.65 	12.86, 15.32 	13,21,1,531		0.00,1.61	1000,1 	0
1127    	29.82, -15.07, -7.24 	-0.57, 0.55, -6.65 	12.86, 15.32 	13,21,1,541		5.72,1.19	1000,1 	0
1135    	29.80, -15.09, -7.24 	-0.57, 0.55, -6.65 	12.86, 15.32 	13,21,1,550		3.59,0.00	1000,1 	0
1144    	29.80, -15.11, -7.24 	-0.57, 0.55, -6.65 	12.86, 15.32 	13,21,1,560		2.37,0.00	1000,1 	0
1153    	29.80, -15.09, -7.24 	-0.57, 0.55, -6.65 	12.86, 15.32 	13,21,1,570		2.37,0.00	1000,1 	0
1161    	29.80, -15.09, -7.24 	-0.57, 0.55, -6.65 	12.86, 15.32 	13,21,1,579		0.00,0.00	1000,1 	0
1170    	29.79, -15.08, -7.26 	-0.54, 0.55, -6.65 	12.86, 15.32 	13,21,1,589		1.60,3.21	1000,1 	0
1179    	29.80, -15.07, -7.26 	-0.54, 0.56, -6.65 	12.86, 15.32 	13,21,1,599		1.60,1.19	1000,1 	0
1188    	29.80, -15.07, -7.26 	-0.54, 0.56, -6.65 	12.86, 15.32 	13,21,1,609		0.00,0.00	1000,1 	0
1196    	29.81, -15.09, -7.25 	-0.54, 0.57, -6.65 	12.86, 15.32 	13,21,1,618		2.92,1.34	1000,1 	0
1204    	29.79, -15.10, -7.25 	-0.53, 0.57, -6.65 	12.86, 15.32 	13,21,1,627		2.75,1.20	1000,1 	0
1214    	29.78, -15.09, -7.24 	-0.53, 0.57, -6.65 	12.86, 15.32 	13,21,1,638		1.44,0.00	1000,1 	0
1222    	29.81, -15.08, -7.24 	-0.53, 0.56, -6.65 	12.86, 15.32 	13,21,1,647		3.85,1.34	1000,1 	0
1231    	29.83, -15.06, -7.24 	-0.55, 0.56, -6.64 	12.86, 15.32 	13,21,1,657		3.19,2.14	1000,1 	0
1240    	29.84, -15.07, -7.22 	-0.55, 0.56, -6.64 	12.86, 15.32 	13,21,1,667		1.60,0.00	1000,1 	0
1248    	29.87, -15.07, -7.22 	-0.55, 0.56, -6.64 	12.86, 15.32 	13,21,1,676		3.61,0.00	1000,1 	0
1257    	29.86, -15.07, -7.23 	-0.55, 0.57, -6.64 	12.86, 15.32 	13,21,1,686		1.07,1.19	1000,1 	0
1266    	29.86, -15.09, -7.23 	-0.56, 0.56, -6.64 	12.86, 15.32 	13,21,1,696		2.37,1.59	1000,1 	0
1274    	29.87, -15.10, -7.23 	-0.56, 0.56, -6.64 	12.86, 15.32 	13,21,1,705		1.80,0.00	1000,1 	0
1283    	29.84, -15.10, -7.22 	-0.56, 0.58, -6.65 	12.86, 15.32 	13,21,1,715		3.21,2.38	1000,1 	0
1292    	29.88, -15.02, -7.23 	-0.55, 0.58, -6.65 	12.86, 15.32 	13,21,1,725		10.40,1.07	1000,1 	0
1300    	29.92, -15.01, -7.23 	-0.53, 0.58, -6.64 	12.86, 15.32 	13,21,1,734		5.00,2.41	1000,1 	0
1309    	29.89, -15.03, -7.23 	-0.54, 0.58, -6.64 	12.86, 15.32 	13,21,1,744		3.99,1.07	1000,1 	0
1318    	29.89, -15.03, -7.23 	-0.54, 0.58, -6.64 	12.86, 15.32 	13,21,1,754		0.00,0.00	1000,1 	0
1326    	29.88, -15.06, -7.23 	-0.52, 0.58, -6.65 	12.86, 15.32 	13,21,1,763		4.17,2.41	1000,1 	0
1335    	29.88, -15.08, -7.22 	-0.52, 0.58, -6.65 	12.86, 15.32 	13,21,1,773		2.37,0.00	1000,1 	0
1344    	29.88, -15.08, -7.22 	-0.54, 0.59, -6.64 	12.86, 15.32 	13,21,1,783		0.00,2.46	1000,1 	0
1352    	29.87, -15.10, -7.21 	-0.54, 0.59, -6.64 	12.86, 15.32 	13,21,1,792		2.92,0.00	1000,1 	0
1361    	29.88, -15.11, -7.22 	-0.54, 0.59, -6.64 	12.86, 15.32 	13,21,1,802		1.60,0.00	1000,1 	0
1370    	29.89, -15.11, -7.20 	-0.55, 0.62, -6.65 	12.86, 15.32 	13,21,1,812		1.07,2.62	1000,1 	0
1379    	29.88, -15.09, -7.22 	-0.55, 0.59, -6.65 	12.86, 15.32 	13,21,1,822		2.60,2.38	1000,1 	0
1387    	29.90, -15.13, -7.20 	-0.56, 0.59, -6.65 	12.86, 15.32 	13,21,1,831		5.85,1.20	1000,1 	0
1395    	29.92, -15.09, -7.20 	-0.54, 0.59, -6.65 	12.86, 15.32 	13,21,1,840		5.85,2.41	1000,1 	0
1405    	29.89, -15.11, -7.20 	-0.54, 0.59, -6.65 	12.86, 15.32 	13,21,1,851		3.59,0.00	1000,1 	0
1413    	29.89, -15.11, -7.20 	-0.55, 0.59, -6.64 	12.86, 15.32 	13,21,1,860		0.00,1.20	1000,1 	0
1422    	29.84, -15.12, -7.20 	-0.55, 0.59, -6.64 	12.86, 15.32 	13,21,1,870		5.48,0.00	1000,1 	0
1431    	29.86, -15.11, -7.19 	-0.55, 0.58, -6.64 	12.86, 15.32 	13,21,1,880		2.45,1.19	1000,1 	0
1439    	29.88, -15.09, -7.19 	-0.56, 0.58, -6.63 	12.86, 15.32 	13,21,1,889		3.59,1.20	1000,1 	0
1448    	29.87, -15.08, -7.20 	-0.56, 0.61, -6.63 	12.86, 15.32 	13,21,1,899		1.60,2.38	1000,1 	0
1457    	29.86, -15.07, -7.21 	-0.56, 0.61, -6.63 	12.86, 15.32 	13,21,1,909		1.60,0.00	1000,1 	0
1465    	29.89, -15.04, -7.21 	-0.56, 0.61, -6.63 	12.86, 15.32 	13,21,1,918		5.39,0.00	1000,1 	0
1474    	29.90, -15.04, -7.21 	-0.57, 0.61, -6.63 	12.86, 15.32 	13,21,1,928		1.07,1.07	1000,1 	0
1483    	29.88, -15.07, -7.19 	-0.57, 0.61, -6.63 	12.86, 15.32 	13,21,1,938		4.15,0.00	1000,1 	0
1491    	29.88, -15.09, -7.21 	-0.58, 0.62, -6.64 	12.86, 15.32 	13,21,1,947		2.66,1.81	1000,1 	0
1500    	29.87, -15.10, -7.20 	-0.58, 0.62, -6.64 	12.86, 15.32 	13,21,1,957		1.60,0.00	1000,1 	0
1509    	29.90, -15.09, -7.20 	-0.59, 0.61, -6.64 	12.86, 15.32 	13,21,1,967		3.42,1.59	1000,1 	0
1517    	29.85, -15.13, -7.19 	-0.59, 0.61, -6.64 	12.86, 15.32 	13,21,1,976		8.04,0.00	1000,1 	0
1526    	29.84, -15.14, -7.19 	-0.61, 0.62, -6.64 	12.86, 15.32 	13,21,1,986		1.60,2.46	1000,1 	0
1535    	29.84, -15.14, -7.20 	-0.61, 0.63, -6.64 	12.86, 15.32 	13,21,1,996		0.00,1.19	1000,1 	0
1543    	29.86, -15.10, -7.19 	-0.61, 0.63, -6.64 	12.86, 15.32 	13,21,2,5		5.85,0.00	1000,1 	0
1552    	29.86, -15.11, -7.20 	-0.59, 0.62, -6.64 	12.86, 15.32 	13,21,2,15		1.18,2.46	1000,1 	0
1561    	29.84, -15.13, -7.20 	-0.57, 0.63, -6.64 	12.86, 15.32 	13,21,2,25		3.19,2.43	1000,1 	0
1570    	29.86, -15.11, -7.20 	-0.56, 0.65, -6.64 	12.86, 15.32 	13,21,2,35		3.19,2.59	1000,1 	0
1578    	29.89, -15.14, -7.19 	-0.54, 0.67, -6.64 	12.86, 15.32 	13,21,2,44		5.38,3.57	1000,1 	0
1587    	29.89, -15.14, -7.19 	-0.51, 0.68, -6.63 	12.86, 15.32 	13,21,2,54		0.00,4.42	1000,1 	0
1596    	29.85, -15.15, -7.21 	-0.49, 0.75, -6.65 	12.86, 15.32 	13,21,2,64		4.44,8.55	1000,1 	0
1604    	29.86, -15.18, -7.20 	-0.45, 0.75, -6.64 	12.86, 15.32 	13,21,2,73		2.92,4.81	1000,1 	0
1613    	29.82, -15.20, -7.21 	-0.48, 0.80, -6.66 	12.86, 15.32 	13,21,2,83		4.89,5.77	1000,1 	0
1622    	29.84, -15.18, -7.21 	-0.42, 0.84, -6.67 	12.86, 15.32 	13,21,2,93		3.19,7.93	1000,1 	0
1630    	29.82, -15.20, -7.20 	-0.36, 0.92, -6.70 	12.86, 15.32 	13,21,2,102		3.59,12.81	1000,1 	0
1639    	29.86, -15.19, -7.20 	-0.37, 0.94, -6.68 	12.86, 15.32 	13,21,2,112		4.44,1.61	1000,1 	0
1648    	29.85, -15.18, -7.20 	-0.29, 0.96, -6.67 	12.86, 15.32 	13,21,2,122		1.60,9.88	1000,1 	0
1656    	29.86, -15.17, -7.20 	-0.21, 0.99, -6.67 	12.86, 15.32 	13,21,2,131		1.80,10.37	1000,1 	0
1665    	29.88, -15.18, -7.20 	-0.17, 1.01, -6.66 	12.86, 15.32 	13,21,2,141		2.45,4.86	1000,1 	0
1674    	29.89, -15.20, -7.20 	-0.15, 1.03, -6.65 	12.86, 15.32 	13,21,2,151		2.60,3.17	1000,1 	0
1682    	29.90, -15.22, -7.19 	-0.09, 1.05, -6.64 	12.86, 15.32 	13,21,2,160		2.92,7.66	1000,1 	0
1691    	29.87, -15.24, -7.19 	-0.06, 1.05, -6.62 	12.86, 15.32 	13,21,2,170		3.99,4.28	1000,1 	0
1700    	29.85, -15.25, -7.19 	0.03, 1.06, -6.60 	12.86, 15.32 	13,21,2,180		2.45,9.68	1000,1 	0
1708    	29.89, -15.25, -7.18 	0.15, 1.09, -6.60 	12.86, 15.32 	13,21,2,189		4.82,14.92	1000,1 	0
1717    	29.87, -15.27, -7.18 	0.28, 1.15, -6.63 	12.86, 15.32 	13,21,2,199		3.19,16.48	1000,1 	0
1726    	29.90, -15.30, -7.18 	0.43, 1.22, -6.62 	12.86, 15.32 	13,21,2,209		4.79,18.43	1000,1 	0
1734    	29.92, -15.33, -7.17 	0.64, 1.27, -6.65 	12.86, 15.32 	13,21,2,218		3.59,26.03	1000,1 	0
1743    	29.95, -15.33, -7.19 	0.80, 1.36, -6.67 	12.86, 15.32 	13,21,2,228		3.21,20.95	1000,1 	0
1752    	29.95, -15.34, -7.18 	0.99, 1.39, -6.67 	12.86, 15.32 	13,21,2,238		1.18,21.63	1000,1 	0
1761    	29.97, -15.38, -7.16 	1.13, 1.48, -6.68 	12.86, 15.32 	13,21,2,248		5.72,18.52	1000,1 	0
1769    	30.00, -15.42, -7.14 	1.33, 1.53, -6.69 	12.86, 15.32 	13,21,2,257		6.43,24.87	1000,1 	0
1778    	30.01, -15.46, -7.15 	1.51, 1.64, -6.70 	12.86, 15.32 	13,21,2,267		4.85,23.38	1000,1 	0
1787    	30.04, -15.51, -7.15 	1.64, 1.66, -6.69 	12.86, 15.32 	13,21,2,277		5.72,15.12	1000,1 	0
1795    	30.07, -15.55, -7.16 	1.78, 1.70, -6.69 	12.86, 15.32 	13,21,2,286		6.43,17.59	1000,1 	0
1804    	30.09, -15.63, -7.17 	1.94, 1.74, -6.69 	12.86, 15.32 	13,21,2,296		9.71,18.72	1000,1 	0
1813    	30.09, -15.66, -7.20 	2.13, 1.75, -6.69 	12.86, 15.32 	13,21,2,306		2.37,21.40	1000,1 	0
1821    	30.11, -15.67, -7.19 	2.36, 1.78, -6.69 	12.86, 15.32 	13,21,2,315		2.75,29.09	1000,1 	0
1830    	30.17, -15.69, -7.22 	2.58, 1.84, -6.71 	12.86, 15.32 	13,21,2,325		6.84,24.48	1000,1 	0
1839    	30.21, -15.70, -7.22 	2.79, 1.88, -6.74 	12.86, 15.32 	13,21,2,335		5.48,23.93	1000,1 	0
1847    	30.30, -15.70, -7.23 	2.97, 1.90, -6.76 	12.86, 15.32 	13,21,2,344		10.84,22.97	1000,1 	0
1856    	30.34, -15.74, -7.23 	3.14, 1.92, -6.77 	12.86, 15.32 	13,21,2,354		6.38,19.36	1000,1 	0
1865    	30.35, -15.81, -7.24 	3.28, 1.96, -6.78 	12.86, 15.32 	13,21,2,364		7.18,15.64	1000,1 	0
1873    	30.32, -15.88, -7.26 	3.39, 2.04, -6.81 	12.86, 15.32 	13,21,2,373		10.00,17.08	1000,1 	0
1882    	30.32, -15.93, -7.28 	3.59, 2.12, -6.85 	12.86, 15.32 	13,21,2,383		5.92,24.25	1000,1 	0
1891    	30.37, -15.90, -7.31 	3.71, 2.23, -6.89 	12.86, 15.32 	13,21,2,393		6.43,17.35	1000,1 	0
1899    	30.41, -15.90, -7.34 	3.80, 2.31, -6.93 	12.86, 15.32 	13,21,2,402		4.82,15.97	1000,1 	0
1908    	30.45, -15.87, -7.35 	3.95, 2.40, -6.97 	12.86, 15.32 	13,21,2,412		5.56,18.52	1000,1 	0
1917    	30.49, -15.90, -7.38 	4.08, 2.51, -7.02 	12.86, 15.32 	13,21,2,422		6.42,19.72	1000,1 	0
1925    	30.59, -16.00, -7.40 	4.25, 2.62, -7.05 	12.86, 15.32 	13,21,2,431		16.98,25.27	1000,1 	0
1934    	30.72, -16.06, -7.42 	4.45, 2.75, -7.11 	12.86, 15.32 	13,21,2,441		15.62,25.52	1000,1 	0
1943    	30.75, -16.15, -7.43 	4.58, 2.86, -7.14 	12.86, 15.32 	13,21,2,451		10.39,19.72	1000,1 	0
1952    	30.82, -16.23, -7.44 	4.67, 3.01, -7.21 	12.86, 15.32 	13,21,2,461		12.07,19.09	1000,1 	0
1960    	30.78, -16.38, -7.44 	4.75, 3.11, -7.24 	12.86, 15.32 	13,21,2,470		19.26,16.06	1000,1 	0
1969    	30.77, -16.50, -7.47 	4.80, 3.18, -7.24 	12.86, 15.32 	13,21,2,480		13.07,9.82	1000,1 	0
1978    	30.80, -16.52, -7.47 	4.88, 3.27, -7.26 	12.86, 15.32 	13,21,2,490		3.99,12.69	1000,1 	0
1986    	30.82, -16.50, -7.51 	5.04, 3.38, -7.29 	12.86, 15.32 	13,21,2,499		3.59,25.00	1000,1 	0
1995    	30.91, -16.42, -7.56 	5.21, 3.52, -7.33 	12.86, 15.32 	13,21,2,509		12.71,24.49	1000,1 	0
2004    	31.00, -16.34, -7.56 	5.41, 3.65, -7.38 	12.86, 15.32 	13,21,2,519		14.30,26.42	1000,1 	0
2012    	31.04, -16.31, -7.60 	5.53, 3.76, -7.42 	12.86, 15.32 	13,21,2,528		6.26,20.45	1000,1 	0
2021    	31.07, -16.31, -7.58 	5.63, 3.84, -7.44 	12.86, 15.32 	13,21,2,538		3.21,14.30	1000,1 	0
2030    	31.10, -16.33, -7.55 	5.73, 3.91, -7.45 	12.86, 15.32 	13,21,2,548		3.99,13.45	1000,1 	0
2038    	31.18, -16.35, -7.58 	5.79, 3.99, -7.46 	12.86, 15.32 	13,21,2,557		9.99,12.49	1000,1 	0
2047    	31.23, -16.37, -7.57 	5.86, 4.03, -7.48 	12.86, 15.32 	13,21,2,567		5.85,8.81	1000,1 	0
2056    	31.24, -16.42, -7.56 	5.92, 4.11, -7.48 	12.86, 15.32 	13,21,2,577		6.01,11.39	1000,1 	0
2064    	31.23, -16.50, -7.55 	5.95, 4.20, -7.51 	12.86, 15.32 	13,21,2,586		9.40,11.23	1000,1 	0
2073    	31.19, -16.55, -7.55 	6.01, 4.33, -7.56 	12.86, 15.32 	13,21,2,596		7.31,16.00	1000,1 	0
2082    	31.22, -16.57, -7.57 	6.09, 4.46, -7.60 	12.86, 15.32 	13,21,2,606		3.99,17.54	1000,1 	0
2090    	31.24, -16.57, -7.55 	6.26, 4.60, -7.63 	12.86, 15.32 	13,21,2,615		2.41,27.56	1000,1 	0
2099    	31.24, -16.57, -7.56 	6.31, 4.70, -7.65 	12.86, 15.32 	13,21,2,625		0.00,11.88	1000,1 	0
2108    	31.29, -16.60, -7.51 	6.45, 4.81, -7.67 	12.86, 15.32 	13,21,2,635		7.34,20.54	1000,1 	0
2116    	31.30, -16.62, -7.54 	6.55, 4.91, -7.66 	12.86, 15.32 	13,21,2,644		1.79,16.88	1000,1 	0
2125    	31.34, -16.63, -7.50 	6.64, 5.06, -7.69 	12.86, 15.32 	13,21,2,654		4.44,19.64	1000,1 	0
2134    	31.36, -16.67, -7.48 	6.69, 5.18, -7.69 	12.86, 15.32 	13,21,2,664		5.20,14.04	1000,1 	0
2143    	31.32, -16.66, -7.48 	6.80, 5.30, -7.68 	12.86, 15.32 	13,21,2,674		4.44,18.34	1000,1 	0
2151    	31.33, -16.68, -7.48 	6.83, 5.45, -7.71 	12.86, 15.32 	13,21,2,683		2.92,19.25	1000,1 	0
2160    	31.30, -16.65, -7.47 	6.86, 5.58, -7.72 	12.86, 15.32 	13,21,2,693		4.79,14.56	1000,1 	0
2169    	31.34, -16.63, -7.46 	6.92, 5.71, -7.72 	12.86, 15.32 	13,21,2,703		4.89,15.54	1000,1 	0
2177    	31.35, -16.57, -7.47 	6.94, 5.78, -7.70 	12.86, 15.32 	13,21,2,712		6.77,9.62	1000,1 	0
2186    	31.34, -16.60, -7.44 	7.03, 5.89, -7.69 	12.86, 15.32 	13,21,2,722		3.71,15.86	1000,1 	0
2195    	31.37, -16.63, -7.42 	7.12, 5.99, -7.67 	12.86, 15.32 	13,21,2,732		3.99,15.17	1000,1 	0
2203    	31.38, -16.67, -7.38 	7.21, 6.10, -7.63 	12.86, 15.32 	13,21,2,741		5.46,17.85	1000,1 	0
2212    	31.45, -16.69, -7.36 	7.32, 6.20, -7.62 	12.86, 15.32 	13,21,2,751		7.86,15.78	1000,1 	0
2221    	31.41, -16.74, -7.34 	7.36, 6.31, -7.61 	12.86, 15.32 	13,21,2,761		7.31,13.69	1000,1 	0
2229    	31.45, -16.76, -7.34 	7.39, 6.36, -7.58 	12.86, 15.32 	13,21,2,770		5.50,7.14	1000,1 	0
2238    	31.40, -16.79, -7.32 	7.43, 6.40, -7.55 	12.86, 15.32 	13,21,2,780		5.85,6.34	1000,1 	0
2247    	31.41, -16.76, -7.30 	7.47, 6.48, -7.55 	12.86, 15.32 	13,21,2,790		2.60,10.36	1000,1 	0
2255    	31.41, -16.79, -7.26 	7.51, 6.58, -7.54 	12.86, 15.32 	13,21,2,799		2.66,12.89	1000,1 	0
2264    	31.40, -16.82, -7.26 	7.59, 6.69, -7.55 	12.86, 15.32 	13,21,2,809		3.71,15.17	1000,1 	0
2273    	31.42, -16.81, -7.26 	7.68, 6.76, -7.57 	12.86, 15.32 	13,21,2,819		2.45,12.62	1000,1 	0
2281    	31.44, -16.79, -7.26 	7.73, 6.80, -7.56 	12.86, 15.32 	13,21,2,828		3.59,7.99	1000,1 	0
2290    	31.43, -16.74, -7.25 	7.79, 6.86, -7.55 	12.86, 15.32 	13,21,2,838		4.85,8.68	1000,1 	0
2299    	31.43, -16.74, -7.25 	7.80, 6.90, -7.55 	12.86, 15.32 	13,21,2,848		0.00,5.18	1000,1 	0
2307    	31.49, -16.74, -7.24 	7.84, 6.95, -7.55 	12.86, 15.32 	13,21,2,857		7.23,8.18	1000,1 	0
2316    	31.47, -16.76, -7.21 	7.89, 6.98, -7.54 	12.86, 15.32 	13,21,2,867		3.19,6.38	1000,1 	0
2325    	31.47, -16.78, -7.21 	7.92, 7.03, -7.55 	12.86, 15.32 	13,21,2,877		1.18,5.69	1000,1 	0
2334    	31.46, -16.80, -7.20 	7.94, 7.06, -7.55 	12.86, 15.32 	13,21,2,887		2.60,4.13	1000,1 	0
2342    	31.46, -16.83, -7.19 	7.99, 7.12, -7.56 	12.86, 15.32 	13,21,2,896		4.00,9.95	1000,1 	0
2351    	31.46, -16.86, -7.19 	8.06, 7.20, -7.57 	12.86, 15.32 	13,21,2,906		3.55,11.84	1000,1 	0
2360    	31.48, -16.84, -7.19 	8.11, 7.29, -7.57 	12.86, 15.32 	13,21,2,916		3.19,11.88	1000,1 	0
2368    	31.48, -16.85, -7.19 	8.18, 7.38, -7.57 	12.86, 15.32 	13,21,2,925		1.33,13.51	1000,1 	0
2377    	31.53, -16.82, -7.20 	8.26, 7.50, -7.59 	12.86, 15.32 	13,21,2,935		7.34,17.08	1000,1 	0
2386    	31.50, -16.81, -7.20 	8.40, 7.69, -7.62 	12.86, 15.32 	13,21,2,945		3.42,25.92	1000,1 	0
2394    	31.53, -16.82, -7.20 	8.55, 7.91, -7.65 	12.86, 15.32 	13,21,2,954		3.85,32.70	1000,1 	0
2403    	31.54, -16.84, -7.19 	8.69, 8.16, -7.69 	12.86, 15.32 	13,21,2,964		2.60,32.50	1000,1 	0
2412    	31.53, -16.85, -7.19 	8.77, 8.39, -7.69 	12.86, 15.32 	13,21,2,974		1.60,26.25	1000,1 	0
2420    	31.56, -16.88, -7.18 	8.83, 8.63, -7.70 	12.86, 15.32 	13,21,2,983		5.38,31.75	1000,1 	0
2429    	31.56, -16.84, -7.19 	8.93, 8.88, -7.74 	12.86, 15.32 	13,21,2,993		4.74,29.19	1000,1 	0
2438    	31.53, -16.82, -7.20 	9.00, 9.10, -7.76 	12.86, 15.32 	13,21,3,3		3.99,26.25	1000,1 	0
2446    	31.51, -16.80, -7.22 	9.04, 9.29, -7.75 	12.86, 15.32 	13,21,3,12		3.59,24.46	1000,1 	0
2455    	31.55, -16.76, -7.22 	9.10, 9.47, -7.74 	12.86, 15.32 	13,21,3,22		5.56,21.10	1000,1 	0
2464    	31.63, -16.69, -7.26 	9.23, 9.69, -7.70 	12.86, 15.32 	13,21,3,32		11.92,27.89	1000,1 	0
2472    	31.71, -16.64, -7.23 	9.31, 9.88, -7.67 	12.86, 15.32 	13,21,3,41		11.71,26.23	1000,1 	0
2481    	31.72, -16.60, -7.19 	9.39, 10.07, -7.62 	12.86, 15.32 	13,21,3,51		3.71,22.91	1000,1 	0
2490    	31.75, -16.57, -7.19 	9.47, 10.27, -7.60 	12.86, 15.32 	13,21,3,61		4.79,24.40	1000,1 	0
2498    	31.75, -16.58, -7.19 	9.60, 10.52, -7.56 	12.86, 15.32 	13,21,3,70		1.33,34.28	1000,1 	0
2507    	31.71, -16.57, -7.18 	9.78, 10.76, -7.51 	12.86, 15.32 	13,21,3,80		4.44,33.80	1000,1 	0
2516    	31.76, -16.56, -7.18 	9.92, 10.95, -7.44 	12.86, 15.32 	13,21,3,90		5.48,26.54	1000,1 	0
2525    	31.74, -16.63, -7.17 	10.03, 11.04, -7.38 	12.86, 15.32 	13,21,3,100		7.42,15.01	1000,1 	0
2533    	31.75, -16.66, -7.19 	10.15, 11.13, -7.33 	12.86, 15.32 	13,21,3,109		4.17,19.58	1000,1 	0
2542    	31.75, -16.63, -7.21 	10.26, 11.23, -7.30 	12.86, 15.32 	13,21,3,119		3.55,15.78	1000,1 	0
2551    	31.74, -16.59, -7.22 	10.32, 11.29, -7.27 	12.86, 15.32 	13,21,3,129		3.71,10.26	1000,1 	0
2559    	31.79, -16.55, -7.24 	10.40, 11.43, -7.29 	12.86, 15.32 	13,21,3,138		8.98,19.73	1000,1 	0
2568    	31.83, -16.57, -7.23 	10.46, 11.57, -7.30 	12.86, 15.32 	13,21,3,148		4.89,16.63	1000,1 	0
2577    	31.82, -16.55, -7.24 	10.51, 11.70, -7.31 	12.86, 15.32 	13,21,3,158		2.60,15.54	1000,1 	0
2585    	31.88, -16.50, -7.23 	10.56, 11.79, -7.33 	12.86, 15.32 	13,21,3,167		9.83,13.37	1000,1 	0
2594    	31.89, -16.48, -7.24 	10.57, 11.91, -7.33 	12.86, 15.32 	13,21,3,177		2.60,13.10	1000,1 	0
2603    	31.90, -16.41, -7.25 	10.58, 12.04, -7.37 	12.86, 15.32 	13,21,3,187		7.18,14.28	1000,1 	0
2611    	31.83, -16.41, -7.25 	10.64, 12.22, -7.37 	12.86, 15.32 	13,21,3,196		8.43,24.11	1000,1 	0
2620    	31.81, -16.42, -7.27 	10.74, 12.38, -7.37 	12.86, 15.32 	13,21,3,206		2.45,20.64	1000,1 	0
2629    	31.81, -16.39, -7.26 	10.80, 12.52, -7.37 	12.86, 15.32 	13,21,3,216		3.55,16.63	1000,1 	0
2637    	31.77, -16.41, -7.26 	10.87, 12.62, -7.35 	12.86, 15.32 	13,21,3,225		5.51,16.35	1000,1 	0
2646    	31.80, -16.40, -7.26 	10.93, 12.70, -7.34 	12.86, 15.32 	13,21,3,235		3.42,10.43	1000,1 	0
2655    	31.81, -16.40, -7.28 	11.00, 12.79, -7.33 	12.86, 15.32 	13,21,3,245		1.07,12.96	1000,1 	0
2663    	31.84, -16.36, -7.25 	11.05, 12.86, -7.31 	12.86, 15.32 	13,21,3,254		6.44,10.71	1000,1 	0
2672    	31.83, -16.38, -7.28 	11.08, 12.89, -7.29 	12.86, 15.32 	13,21,3,264		2.60,4.76	1000,1 	0
2681    	31.82, -16.39, -7.27 	11.11, 12.95, -7.27 	12.86, 15.32 	13,21,3,274		1.60,7.77	1000,1 	0
2690    	31.77, -16.41, -7.29 	11.14, 12.97, -7.26 	12.86, 15.32 	13,21,3,284		5.85,3.96	1000,1 	0
2698    	31.76, -16.40, -7.29 	11.16, 13.05, -7.25 	12.86, 15.32 	13,21,3,293		2.75,9.62	1000,1 	0
2707    	31.71, -16.40, -7.29 	11.18, 13.11, -7.26 	12.86, 15.32 	13,21,3,303		5.35,7.41	1000,1 	0
2716    	31.75, -16.35, -7.32 	11.21, 13.19, -7.24 	12.86, 15.32 	13,21,3,313		7.31,8.87	1000,1 	0
2724    	31.73, -16.36, -7.32 	11.27, 13.28, -7.23 	12.86, 15.32 	13,21,3,322		2.75,14.58	1000,1 	0
2733    	31.74, -16.36, -7.34 	11.34, 13.41, -7.22 	12.86, 15.32 	13,21,3,332		1.07,16.00	1000,1 	0
2742    	31.77, -16.34, -7.33 	11.41, 13.51, -7.22 	12.86, 15.32 	13,21,3,342		3.99,12.96	1000,1 	0
2750    	31.77, -16.30, -7.34 	11.45, 13.58, -7.19 	12.86, 15.32 	13,21,3,351		5.46,11.05	1000,1 	0
2759    	31.76, -16.30, -7.33 	11.49, 13.65, -7.16 	12.86, 15.32 	13,21,3,361		2.14,8.26	1000,1 	0
2768    	31.77, -16.31, -7.33 	11.57, 13.78, -7.13 	12.86, 15.32 	13,21,3,371		2.45,17.54	1000,1 	0
2776    	31.77, -16.31, -7.31 	11.68, 13.94, -7.11 	12.86, 15.32 	13,21,3,380		1.20,24.53	1000,1 	0
2785    	31.73, -16.33, -7.33 	11.78, 14.09, -7.08 	12.86, 15.32 	13,21,3,390		4.89,19.64	1000,1 	0
2794    	31.69, -16.29, -7.32 	11.88, 14.26, -7.05 	12.86, 15.32 	13,21,3,400		6.38,22.20	1000,1 	0
2802    	31.69, -16.26, -7.33 	12.01, 14.49, -7.04 	12.86, 15.32 	13,21,3,409		2.66,32.51	1000,1 	0
2811    	31.66, -16.26, -7.32 	12.13, 14.69, -7.06 	12.86, 15.32 	13,21,3,419		3.21,25.79	1000,1 	0
2820    	31.69, -16.24, -7.33 	12.24, 14.84, -7.07 	12.86, 15.32 	13,21,3,429		3.99,20.85	1000,1 	0
2828    	31.70, -16.21, -7.35 	12.32, 14.96, -7.08 	12.86, 15.32 	13,21,3,438		4.17,18.58	1000,1 	0
2837    	31.68, -16.21, -7.35 	12.42, 15.11, -7.08 	12.86, 15.32 	13,21,3,448		2.14,20.22	1000,1 	0
2846    	31.69, -16.18, -7.36 	12.58, 15.33, -7.06 	12.86, 15.32 	13,21,3,458		3.71,29.07	1000,1 	0
2854    	31.72, -16.13, -7.35 	12.81, 15.63, -7.04 	12.86, 15.32 	13,21,3,467		7.58,47.98	1000,1 	0
2863    	31.71, -16.08, -7.33 	12.93, 15.87, -7.04 	12.86, 15.32 	13,21,3,477		4.85,29.42	1000,1 	0
2872    	31.70, -16.07, -7.35 	13.01, 16.08, -7.04 	12.86, 15.32 	13,21,3,487		1.60,25.50	1000,1 	0
2880    	31.65, -16.08, -7.37 	13.15, 16.27, -7.03 	12.86, 15.32 	13,21,3,496		6.17,29.16	1000,1 	0
2889    	31.63, -16.11, -7.40 	13.24, 16.41, -7.01 	12.86, 15.32 	13,21,3,506		4.15,18.65	1000,1 	0
2898    	31.65, -16.18, -7.39 	13.37, 16.53, -7.01 	12.86, 15.32 	13,21,3,516		7.42,18.93	1000,1 	0
2907    	31.63, -16.17, -7.41 	13.44, 16.62, -7.02 	12.86, 15.32 	13,21,3,526		2.45,13.59	1000,1 	0
2915    	31.66, -16.17, -7.43 	13.51, 16.70, -7.02 	12.86, 15.32 	13,21,3,535		3.61,12.49	1000,1 	0
2924    	31.65, -16.11, -7.46 	13.56, 16.72, -7.01 	12.86, 15.32 	13,21,3,545		6.01,5.82	1000,1 	0
2933    	31.73, -16.02, -7.48 	13.60, 16.74, -6.99 	12.86, 15.32 	13,21,3,555		13.67,4.86	1000,1 	0
2941    	31.71, -16.00, -7.49 	13.63, 16.76, -7.00 	12.86, 15.32 	13,21,3,564		3.59,4.46	1000,1 	0
2950    	31.69, -15.98, -7.48 	13.63, 16.75, -7.00 	12.86, 15.32 	13,21,3,574		3.19,1.19	1000,1 	0
2959    	31.72, -16.00, -7.46 	13.63, 16.75, -7.00 	12.86, 15.32 	13,21,3,584		3.99,0.00	1000,1 	0
2967    	31.68, -16.02, -7.45 	13.63, 16.74, -6.99 	12.86, 15.32 	13,21,3,593		5.51,1.81	1000,1 	0
2976    	31.65, -15.99, -7.48 	13.62, 16.74, -6.99 	12.86, 15.32 	13,21,3,603		4.79,2.14	1000,1 	0
2985    	31.60, -16.02, -7.48 	13.61, 16.75, -6.99 	12.86, 15.32 	13,21,3,613		6.43,1.61	1000,1 	0
2993    	31.58, -16.01, -7.48 	13.60, 16.77, -7.00 	12.86, 15.32 	13,21,3,622		2.75,2.95	1000,1 	0
3002    	31.57, -16.01, -7.49 	13.60, 16.80, -7.01 	12.86, 15.32 	13,21,3,632		1.07,3.56	1000,1 	0
3011    	31.60, -16.02, -7.50 	13.59, 16.82, -7.02 	12.86, 15.32 	13,21,3,642		3.42,2.62	1000,1 	0
3019    	31.59, -16.04, -7.49 	13.56, 16.82, -7.02 	12.86, 15.32 	13,21,3,651		2.92,3.61	1000,1 	0
3028    	31.60, -16.04, -7.48 	13.51, 16.81, -7.01 	12.86, 15.32 	13,21,3,661		1.07,5.46	1000,1 	0
3037    	31.62, -16.09, -7.48 	13.43, 16.80, -7.00 	12.86, 15.32 	13,21,3,671		6.29,8.62	1000,1 	0
3045    	31.61, -16.08, -7.50 	13.39, 16.80, -6.99 	12.86, 15.32 	13,21,3,680		1.79,4.81	1000,1 	0
3054    	31.64, -16.10, -7.49 	13.35, 16.79, -6.98 	12.86, 15.32 	13,21,3,690		3.99,5.46	1000,1 	0
3063    	31.65, -16.10, -7.49 	13.28, 16.78, -6.97 	12.86, 15.32 	13,21,3,700		1.07,7.56	1000,1 	0
3072    	31.60, -16.14, -7.49 	13.24, 16.81, -6.98 	12.86, 15.32 	13,21,3,710		6.43,4.92	1000,1 	0
3080    	31.59, -16.15, -7.49 	13.19, 16.82, -6.99 	12.86, 15.32 	13,21,3,719		1.80,6.18	1000,1 	0
3089    	31.58, -16.14, -7.49 	13.17, 16.81, -6.99 	12.86, 15.32 	13,21,3,728		1.60,2.43	1000,1 	0
3098    	31.59, -16.16, -7.48 	13.17, 16.80, -7.00 	12.86, 15.32 	13,21,3,738		2.60,1.19	1000,1 	0
3106    	31.63, -16.15, -7.48 	13.15, 16.79, -7.00 	12.86, 15.32 	13,21,3,747		5.00,2.73	1000,1 	0
3115    	31.61, -16.19, -7.48 	13.12, 16.74, -7.00 	12.86, 15.32 	13,21,3,757		5.20,5.69	1000,1 	0
3124    	31.66, -16.16, -7.48 	13.13, 16.72, -6.99 	12.86, 15.32 	13,21,3,767		6.43,2.62	1000,1 	0
3132    	31.63, -16.18, -7.46 	13.11, 16.70, -6.99 	12.86, 15.32 	13,21,3,776		4.49,4.46	1000,1 	0
3141    	31.63, -16.19, -7.47 	13.09, 16.67, -6.97 	12.86, 15.32 	13,21,3,786		1.18,4.13	1000,1 	0
3150    	31.63, -16.20, -7.47 	13.06, 16.64, -6.98 	12.86, 15.32 	13,21,3,796		1.18,4.76	1000,1 	0
3158    	31.60, -16.24, -7.46 	13.01, 16.58, -6.97 	12.86, 15.32 	13,21,3,805		6.44,8.92	1000,1 	0
3167    	31.59, -16.29, -7.44 	12.98, 16.53, -6.97 	12.86, 15.32 	13,21,3,815		4.86,6.71	1000,1 	0
3176    	31.58, -16.30, -7.45 	12.94, 16.46, -6.97 	12.86, 15.32 	13,21,3,825		1.60,9.29	1000,1 	0
3184    	31.57, -16.23, -7.46 	12.90, 16.37, -6.95 	12.86, 15.32 	13,21,3,834		8.08,12.19	1000,1 	0
3193    	31.59, -16.27, -7.48 	12.88, 16.31, -6.96 	12.86, 15.32 	13,21,3,844		5.20,7.41	1000,1 	0
3202    	31.61, -16.30, -7.46 	12.85, 16.21, -6.95 	12.86, 15.32 	13,21,3,854		3.19,11.12	1000,1 	0
3210    	31.61, -16.27, -7.46 	12.85, 16.14, -6.94 	12.86, 15.32 	13,21,3,863		2.66,9.36	1000,1 	0
3219    	31.58, -16.31, -7.44 	12.80, 16.04, -6.93 	12.86, 15.32 	13,21,3,873		4.79,11.88	1000,1 	0
3228    	31.59, -16.31, -7.45 	12.76, 15.93, -6.92 	12.86, 15.32 	13,21,3,883		1.07,12.57	1000,1 	0
3236    	31.59, -16.32, -7.43 	12.74, 15.84, -6.92 	12.86, 15.32 	13,21,3,892		1.33,12.51	1000,1 	0
3245    	31.58, -16.34, -7.42 	12.71, 15.76, -6.93 	12.86, 15.32 	13,21,3,902		2.60,8.87	1000,1 	0
3254    	31.59, -16.35, -7.41 	12.70, 15.73, -6.92 	12.86, 15.32 	13,21,3,912		1.60,3.71	1000,1 	0
3263    	31.57, -16.35, -7.40 	12.67, 15.68, -6.93 	12.86, 15.32 	13,21,3,922		2.14,6.71	1000,1 	0
3271    	31.56, -16.36, -7.41 	12.67, 15.65, -6.94 	12.86, 15.32 	13,21,3,931		1.80,4.01	1000,1 	0
3280    	31.56, -16.36, -7.41 	12.66, 15.60, -6.94 	12.86, 15.32 	13,21,3,941		0.00,4.85	1000,1 	0
3289    	31.60, -16.36, -7.37 	12.65, 15.54, -6.93 	12.86, 15.32 	13,21,3,951		4.28,7.19	1000,1 	0
3297    	31.59, -16.39, -7.36 	12.64, 15.50, -6.93 	12.86, 15.32 	13,21,3,960		4.17,5.46	1000,1 	0
3306    	31.64, -16.40, -7.36 	12.61, 15.43, -6.93 	12.86, 15.32 	13,21,3,970		5.48,7.77	1000,1 	0
3315    	31.61, -16.45, -7.34 	12.61, 15.38, -6.93 	12.86, 15.32 	13,21,3,980		5.72,5.94	1000,1 	0
3323    	31.61, -16.47, -7.31 	12.61, 15.33, -6.93 	12.86, 15.32 	13,21,3,989		2.66,6.77	1000,1 	0
3332    	31.64, -16.47, -7.31 	12.59, 15.30, -6.93 	12.86, 15.32 	13,21,3,999		3.21,3.17	1000,1 	0
3341    	31.61, -16.53, -7.29 	12.58, 15.26, -6.93 	12.86, 15.32 	13,21,4,9		7.80,4.85	1000,1 	0
3349    	31.61, -16.56, -7.29 	12.56, 15.25, -6.93 	12.86, 15.32 	13,21,4,18		4.00,2.73	1000,1 	0
3358    	31.55, -16.59, -7.31 	12.58, 15.24, -6.93 	12.86, 15.32 	13,21,4,28		7.34,2.46	1000,1 	0
3367    	31.58, -16.59, -7.30 	12.59, 15.24, -6.93 	12.86, 15.32 	13,21,4,38		3.21,1.07	1000,1 	0
3375    	31.61, -16.56, -7.31 	12.58, 15.23, -6.94 	12.86, 15.32 	13,21,4,47		5.39,1.78	1000,1 	0
3384    	31.58, -16.52, -7.30 	12.57, 15.22, -6.93 	12.86, 15.32 	13,21,4,57		5.72,1.59	1000,1 	0
3393    	31.61, -16.53, -7.32 	12.60, 15.22, -6.93 	12.86, 15.32 	13,21,4,67		3.42,3.21	1000,1 	0
3401    	31.66, -16.52, -7.31 	12.60, 15.21, -6.93 	12.86, 15.32 	13,21,4,76		6.17,1.34	1000,1 	0
3410    	31.64, -16.54, -7.31 	12.60, 15.20, -6.93 	12.86, 15.32 	13,21,4,86		3.19,1.19	1000,1 	0
3419    	31.66, -16.57, -7.29 	12.59, 15.20, -6.93 	12.86, 15.32 	13,21,4,96		4.15,1.07	1000,1 	0
3427    	31.64, -16.63, -7.27 	12.59, 15.19, -6.93 	12.86, 15.32 	13,21,4,105		7.08,1.34	1000,1 	0
3436    	31.65, -16.66, -7.28 	12.58, 15.19, -6.93 	12.86, 15.32 	13,21,4,115		3.71,1.07	1000,1 	0
3445    	31.63, -16.67, -7.28 	12.57, 15.18, -6.93 	12.86, 15.32 	13,21,4,125		2.45,1.59	1000,1 	0
3454    	31.62, -16.67, -7.29 	12.58, 15.19, -6.93 	12.86, 15.32 	13,21,4,135		1.07,1.59	1000,1 	0
3462    	31.67, -16.67, -7.29 	12.58, 15.17, -6.93 	12.86, 15.32 	13,21,4,144		6.02,2.67	1000,1 	0
3471    	31.66, -16.68, -7.29 	12.59, 15.18, -6.93 	12.86, 15.32 	13,21,4,154		1.60,1.59	1000,1 	0
3480    	31.67, -16.72, -7.28 	12.59, 15.18, -6.93 	12.86, 15.32 	13,21,4,164		4.85,0.00	1000,1 	0
3488    	31.65, -16.73, -7.27 	12.59, 15.18, -6.93 	12.86, 15.32 	13,21,4,173		2.75,0.00	1000,1 	0
3497    	31.66, -16.76, -7.26 	12.59, 15.17, -6.92 	12.86, 15.32 	13,21,4,183		3.71,1.19	1000,1 	0
3506    	31.67, -16.79, -7.25 	12.59, 15.18, -6.92 	12.86, 15.32 	13,21,4,193		2.60,1.19	1000,1 	0
3514    	31.64, -16.79, -7.24 	12.59, 15.18, -6.92 	12.86, 15.32 	13,21,4,202		3.61,0.00	1000,1 	0
3523    	31.63, -16.81, -7.22 	12.58, 15.18, -6.92 	12.86, 15.32 	13,21,4,212		2.60,1.07	1000,1 	0
3532    	31.59, -16.84, -7.23 	12.58, 15.17, -6.92 	12.86, 15.32 	13,21,4,222		5.56,1.19	1000,1 	0
3540    	31.63, -16.84, -7.23 	12.58, 15.17, -6.93 	12.86, 15.32 	13,21,4,231		4.82,0.00	1000,1 	0
3549    	31.66, -16.83, -7.22 	12.56, 15.15, -6.93 	12.86, 15.32 	13,21,4,241		3.42,2.43	1000,1 	0
3558    	31.67, -16.82, -7.23 	12.59, 15.17, -6.93 	12.86, 15.32 	13,21,4,251		1.60,3.40	1000,1 	0
3566    	31.67, -16.83, -7.24 	12.57, 15.15, -6.93 	12.86, 15.32 	13,21,4,260		1.33,2.73	1000,1 	0
3575    	31.68, -16.83, -7.25 	12.56, 15.17, -6.92 	12.86, 15.32 	13,21,4,270		1.07,1.61	1000,1 	0
3584    	31.68, -16.84, -7.23 	12.56, 15.15, -6.93 	12.86, 15.32 	13,21,4,280		1.18,1.19	1000,1 	0
3592    	31.67, -16.86, -7.22 	12.57, 15.17, -6.92 	12.86, 15.32 	13,21,4,289		2.92,1.78	1000,1 	0
3601    	31.71, -16.85, -7.22 	12.57, 15.15, -6.92 	12.86, 15.32 	13,21,4,299		4.44,1.19	1000,1 	0
3610    	31.67, -16.88, -7.21 	12.57, 15.15, -6.92 	12.86, 15.32 	13,21,4,309		5.56,0.00	1000,1 	0
3618    	31.65, -16.89, -7.20 	12.57, 15.15, -6.92 	12.86, 15.32 	13,21,4,318		2.75,0.00	1000,1 	0
3627    	31.63, -16.89, -7.21 	12.56, 15.15, -6.92 	0.00, -0.00 	13,21,4,338		2.14,1.07	1000,1 	0
3636    	31.63, -16.89, -7.22 	12.56, 15.15, -6.92 	0.00, -0.00 	13,21,4,348		0.00,0.00	1000,1 	0
3644    	31.60, -16.89, -7.22 	12.56, 15.17, -6.92 	0.00, -0.00 	13,21,4,357		1.38,0.51	1000,1 	0
3653    	31.63, -16.88, -7.22 	12.55, 15.15, -6.92 	0.00, -0.00 	13,21,4,367		1.40,0.65	1000,1 	0
3662    	31.65, -16.89, -7.20 	12.55, 15.15, -6.92 	0.00, -0.00 	13,21,4,377		1.05,0.00	1000,1 	0
3670    	31.62, -16.92, -7.18 	12.55, 15.15, -6.92 	0.00, -0.00 	13,21,4,386		2.05,0.00	1000,1 	0
3679    	31.63, -16.95, -7.19 	12.54, 15.15, -6.92 	0.00, -0.00 	13,21,4,396		1.06,0.44	1000,1 	0
3688    	31.62, -16.96, -7.19 	12.54, 15.15, -6.92 	0.00, -0.00 	13,21,4,406		0.68,0.00	1000,1 	0
3696    	31.63, -16.97, -7.19 	12.55, 15.15, -6.92 	0.00, -0.00 	13,21,4,415		0.68,0.46	1000,1 	0
3705    	31.64, -16.95, -7.19 	12.56, 15.17, -6.92 	0.00, -0.00 	13,21,4,425		1.02,0.62	1000,1 	0
3714    	31.64, -16.94, -7.20 	12.57, 15.18, -6.93 	0.00, -0.00 	13,21,4,435		0.51,0.68	1000,1 	0
3722    	31.66, -16.95, -7.19 	12.55, 15.17, -6.93 	0.00, -0.00 	13,21,4,444		1.05,1.04	1000,1 	0
3731    	31.63, -16.95, -7.19 	12.56, 15.18, -6.93 	0.00, -0.00 	13,21,4,454		1.31,0.65	1000,1 	0
3740    	31.64, -16.96, -7.19 	12.55, 15.18, -6.93 	0.00, -0.00 	13,21,4,464		0.65,0.44	1000,1 	0
3748    	31.66, -16.95, -7.18 	12.56, 15.18, -6.92 	0.00, -0.00 	13,21,4,473		1.05,0.46	1000,1 	0
3757    	31.64, -16.95, -7.19 	12.55, 15.18, -6.92 	0.00, -0.00 	13,21,4,483		0.88,0.44	1000,1 	0
3766    	31.62, -16.97, -7.16 	12.54, 15.18, -6.92 	0.00, -0.00 	13,21,4,493		1.31,0.44	1000,1 	0
3774    	31.67, -16.96, -7.15 	12.56, 15.17, -6.92 	0.00, -0.00 	13,21,4,502		2.35,1.06	1000,1 	0
3783    	31.68, -16.98, -7.16 	12.54, 15.15, -6.92 	0.00, -0.00 	13,21,4,512		1.06,0.99	1000,1 	0
3792    	31.64, -16.99, -7.17 	12.55, 15.15, -6.92 	0.00, -0.00 	13,21,4,522		1.82,0.44	1000,1 	0
3800    	31.64, -17.00, -7.16 	12.54, 15.17, -6.93 	0.00, -0.00 	13,21,4,531		0.51,0.69	1000,1 	0
3809    	31.62, -16.97, -7.17 	12.55, 15.15, -6.93 	0.00, -0.00 	13,21,4,541		1.70,0.66	1000,1 	0
3818    	31.61, -16.99, -7.17 	12.55, 15.17, -6.93 	0.00, -0.00 	13,21,4,551		1.06,0.49	1000,1 	0
3827    	31.64, -16.99, -7.18 	12.54, 15.15, -6.92 	0.00, -0.00 	13,21,4,561		1.38,0.68	1000,1 	0
3835    	31.66, -16.95, -7.17 	12.54, 15.17, -6.93 	0.00, -0.00 	13,21,4,570		2.23,0.51	1000,1 	0
3844    	31.64, -16.97, -7.15 	12.54, 15.17, -6.92 	0.00, -0.00 	13,21,4,580		1.31,0.00	1000,1 	0
3853    	31.65, -17.01, -7.17 	12.54, 15.17, -6.92 	0.00, -0.00 	13,21,4,590		2.08,0.00	1000,1 	0
3861    	31.62, -17.02, -7.15 	12.54, 15.17, -6.93 	0.00, -0.00 	13,21,4,599		1.47,0.00	1000,1 	0
3870    	31.62, -17.03, -7.16 	12.53, 15.17, -6.93 	0.00, -0.00 	13,21,4,609		0.46,0.42	1000,1 	0
3879    	31.65, -17.01, -7.17 	12.52, 15.17, -6.93 	0.00, -0.00 	13,21,4,619		1.71,0.46	1000,1 	0
3887    	31.64, -17.00, -7.17 	12.53, 15.17, -6.93 	0.00, -0.00 	13,21,4,628		0.68,0.46	1000,1 	0
3896    	31.64, -17.00, -7.17 	12.53, 15.17, -6.93 	0.00, -0.00 	13,21,4,638		0.00,0.00	1000,1 	0
3905    	31.67, -16.99, -7.16 	12.54, 15.17, -6.93 	0.00, -0.00 	13,21,4,648		1.47,0.46	1000,1 	0
3913    	31.65, -16.96, -7.17 	12.52, 15.16, -6.93 	0.00, -0.00 	13,21,4,657		1.78,1.04	1000,1 	0
3922    	31.66, -16.97, -7.18 	12.52, 15.17, -6.93 	0.00, -0.00 	13,21,4,667		0.62,0.46	1000,1 	0
3931    	31.66, -16.98, -7.18 	12.53, 15.17, -6.93 	0.00, -0.00 	13,21,4,677		0.51,0.46	1000,1 	0
3939    	31.64, -16.98, -7.16 	12.51, 15.17, -6.93 	0.00, -0.00 	13,21,4,686		0.92,0.92	1000,1 	0
3948    	31.68, -16.97, -7.16 	12.51, 15.16, -6.93 	0.00, -0.00 	13,21,4,696		1.82,0.49	0,0 	0
3957    	31.65, -16.98, -7.16 	12.53, 15.17, -6.93 	0.00, -0.00 	13,21,4,706		1.40,0.99	0,0 	0
3965    	31.65, -17.01, -7.15 	12.52, 15.16, -6.92 	0.00, -0.00 	13,21,4,715		1.52,0.68	0,0 	0
3974    	31.61, -17.00, -7.16 	12.51, 15.17, -6.92 	0.00, -0.00 	13,21,4,725		1.82,0.66	0,0 	0
3983    	31.60, -17.02, -7.16 	12.52, 15.18, -6.93 	0.00, -0.00 	13,21,4,735		1.06,0.65	0,0 	0
3991    	31.62, -17.01, -7.17 	12.51, 15.18, -6.93 	0.00, -0.00 	13,21,4,744		1.05,0.46	0,0 	0
4000    	31.65, -17.00, -7.15 	12.51, 15.18, -6.93 	0.00, -0.00 	13,21,4,754		1.40,0.00	0,0 	0
4009    	31.66, -17.02, -7.16 	12.51, 15.18, -6.93 	0.00, -0.00 	13,21,4,764		1.06,0.00	0,0 	0
4018    	31.66, -17.01, -7.16 	12.49, 15.18, -6.93 	0.00, -0.00 	13,21,4,774		0.51,0.92	0,0 	0
4026    	31.67, -17.01, -7.15 	12.49, 15.17, -6.93 	0.00, -0.00 	13,21,4,783		0.46,0.51	0,0 	0
4035    	31.67, -17.01, -7.14 	12.49, 15.17, -6.93 	0.00, -0.00 	13,21,4,793		0.00,0.00	0,0 	0
4044    	31.68, -17.02, -7.14 	12.51, 15.18, -6.93 	0.00, -0.00 	13,21,4,803		0.68,1.04	0,0 	0
4052    	31.67, -17.01, -7.14 	12.49, 15.18, -6.93 	0.00, -0.00 	13,21,4,812		0.68,0.92	0,0 	0
4061    	31.67, -17.04, -7.15 	12.50, 15.18, -6.93 	0.00, -0.00 	13,21,4,822		1.39,0.42	0,0 	0
4070    	31.63, -17.04, -7.15 	12.50, 15.18, -6.93 	0.00, -0.00 	13,21,4,832		1.83,0.00	0,0 	0
4078    	31.64, -17.01, -7.16 	12.50, 15.18, -6.93 	0.00, -0.00 	13,21,4,841		1.59,0.00	0,0 	0
4088    	31.64, -16.99, -7.17 	12.50, 15.18, -6.93 	0.00, -0.00 	13,21,4,852		0.97,0.00	0,0 	0
4097    	31.62, -16.96, -7.17 	12.50, 15.18, -6.93 	0.00, -0.00 	13,21,4,861		1.87,0.00	0,0 	0
4105    	31.63, -16.98, -7.15 	12.50, 15.19, -6.94 	0.00, -0.00 	13,21,4,870		1.17,0.53	0,0 	0
4114    	31.64, -17.00, -7.15 	12.50, 15.20, -6.93 	0.00, -0.00 	13,21,4,880		1.11,0.51	0,0 	0
4123    	31.62, -17.00, -7.16 	12.50, 15.20, -6.93 	0.00, -0.00 	13,21,4,890		0.92,0.00	0,0 	0
4131    	31.63, -17.01, -7.15 	12.50, 15.20, -6.93 	0.00, -0.00 	13,21,4,899		0.72,0.00	0,0 	0
4140    	31.64, -17.02, -7.15 	12.49, 15.19, -6.93 	0.00, -0.00 	13,21,4,909		0.68,0.68	0,0 	0
4149    	31.65, -17.03, -7.15 	12.48, 15.18, -6.93 	0.00, -0.00 	13,21,4,919		0.68,0.68	0,0 	0
4157    	31.62, -17.03, -7.14 	12.49, 15.18, -6.93 	0.00, -0.00 	13,21,4,928		1.45,0.48	0,0 	0
4166    	31.63, -17.04, -7.15 	12.51, 15.20, -6.93 	0.00, -0.00 	13,21,4,938		0.68,1.36	0,0 	0
4175    	31.62, -17.02, -7.15 	12.50, 15.19, -6.92 	0.00, -0.00 	13,21,4,948		1.11,0.68	0,0 	0
4183    	31.59, -17.03, -7.15 	12.51, 15.19, -6.92 	0.00, -0.00 	13,21,4,957		1.54,0.48	0,0 	0
4192    	31.58, -17.01, -7.16 	12.51, 15.20, -6.92 	0.00, -0.00 	13,21,4,967		1.11,0.51	0,0 	0
4201    	31.60, -16.99, -7.16 	12.50, 15.20, -6.93 	0.00, -0.00 	13,21,4,977		1.37,0.46	0,0 	0
4210    	31.63, -16.99, -7.15 	12.50, 15.21, -6.92 	0.00, -0.00 	13,21,4,987		1.45,0.53	0,0 	0
4218    	31.63, -16.99, -7.15 	12.50, 15.21, -6.92 	0.00, -0.00 	13,21,4,996		0.00,0.00	0,0 	0
4227    	31.63, -16.98, -7.16 	12.50, 15.21, -6.92 	0.00, -0.00 	13,21,5,6		0.51,0.00	0,0 	0
4236    	31.64, -17.00, -7.13 	12.50, 15.21, -6.93 	0.00, -0.00 	13,21,5,16		1.17,0.00	0,0 	0
4244    	31.61, -17.02, -7.13 	12.50, 15.21, -6.93 	0.00, -0.00 	13,21,5,25		1.80,0.00	0,0 	0
4253    	31.59, -17.05, -7.13 	12.49, 15.21, -6.93 	0.00, -0.00 	13,21,5,35		1.70,0.44	0,0 	0
4262    	31.59, -17.05, -7.13 	12.49, 15.21, -6.93 	0.00, -0.00 	13,21,5,45		0.00,0.00	0,0 	0
4270    	31.60, -17.07, -7.13 	12.50, 15.21, -6.93 	0.00, -0.00 	13,21,5,54		1.17,0.48	0,0 	0
4279    	31.62, -17.05, -7.13 	12.51, 15.21, -6.93 	0.00, -0.00 	13,21,5,64		1.37,0.46	0,0 	0
4288    	31.62, -17.05, -7.13 	12.50, 15.20, -6.93 	0.00, -0.00 	13,21,5,74		0.00,0.68	0,0 	0
4296    	31.64, -17.08, -7.12 	12.50, 15.21, -6.93 	0.00, -0.00 	13,21,5,83		1.87,0.53	0,0 	0
4305    	31.68, -17.09, -7.14 	12.50, 15.21, -6.93 	0.00, -0.00 	13,21,5,93		1.90,0.00	0,0 	0
4314    	31.67, -17.11, -7.11 	12.50, 15.21, -6.93 	0.00, -0.00 	13,21,5,103		0.68,0.00	0,0 	0
4322    	31.67, -17.12, -7.12 	12.49, 15.20, -6.93 	0.00, -0.00 	13,21,5,112		0.53,0.71	0,0 	0
4331    	31.65, -17.13, -7.11 	12.49, 15.20, -6.93 	0.00, -0.00 	13,21,5,122		1.05,0.00	0,0 	0
4340    	31.62, -17.13, -7.12 	12.48, 15.20, -6.93 	0.00, -0.00 	13,21,5,132		1.38,0.46	0,0 	0
4348    	31.62, -17.14, -7.12 	12.48, 15.20, -6.93 	0.00, -0.00 	13,21,5,141		0.53,0.00	0,0 	0
4357    	31.64, -17.12, -7.12 	12.48, 15.20, -6.92 	0.00, -0.00 	13,21,5,151		1.37,0.00	0,0 	0
4366    	31.65, -17.11, -7.12 	12.48, 15.20, -6.93 	0.00, -0.00 	13,21,5,161		0.68,0.00	0,0 	0
4374    	31.65, -17.12, -7.13 	12.48, 15.20, -6.93 	0.00, -0.00 	13,21,5,170		0.53,0.00	0,0 	0
4383    	31.65, -17.12, -7.13 	12.47, 15.21, -6.93 	0.00, -0.00 	13,21,5,180		0.00,0.69	0,0 	0
4392    	31.65, -17.12, -7.11 	12.47, 15.21, -6.93 	0.00, -0.00 	13,21,5,190		0.00,0.00	0,0 	0
4401    	31.68, -17.09, -7.11 	12.49, 15.21, -6.93 	0.00, -0.00 	13,21,5,200		1.80,0.96	0,0 	0
4409    	31.67, -17.08, -7.11 	12.48, 15.21, -6.92 	0.00, -0.00 	13,21,5,209		0.72,0.48	0,0 	0
4418    	31.64, -17.08, -7.12 	12.48, 15.21, -6.93 	0.00, -0.00 	13,21,5,219		1.38,0.00	0,0 	0
4427    	31.65, -17.07, -7.11 	12.48, 15.21, -6.93 	0.00, -0.00 	13,21,5,229		0.72,0.00	0,0 	0
4435    	31.61, -17.08, -7.11 	12.47, 15.22, -6.92 	0.00, -0.00 	13,21,5,238		2.00,0.72	0,0 	0
4444    	31.62, -17.08, -7.11 	12.47, 15.21, -6.93 	0.00, -0.00 	13,21,5,248		0.46,0.51	0,0 	0
4453    	31.60, -17.09, -7.11 	12.47, 15.21, -6.93 	0.00, -0.00 	13,21,5,258		1.10,0.00	0,0 	0
4461    	31.59, -17.13, -7.12 	12.47, 15.22, -6.92 	0.00, -0.00 	13,21,5,267		1.67,0.53	0,0 	0
4470    	31.60, -17.14, -7.10 	12.47, 15.22, -6.93 	0.00, -0.00 	13,21,5,277		0.68,0.00	0,0 	0
4479    	31.61, -17.15, -7.09 	12.47, 15.22, -6.92 	0.00, -0.00 	13,21,5,287		0.72,0.00	0,0 	0
4487    	31.61, -17.14, -7.09 	12.47, 15.22, -6.93 	0.00, -0.00 	13,21,5,296		0.53,0.00	0,0 	0
4496    	31.62, -17.11, -7.11 	12.47, 15.22, -6.92 	0.00, -0.00 	13,21,5,306		1.59,0.00	0,0 	0
4505    	31.62, -17.09, -7.09 	12.46, 15.22, -6.92 	0.00, -0.00 	13,21,5,316		0.51,0.46	0,0 	0
4513    	31.58, -17.09, -7.09 	12.47, 15.21, -6.92 	0.00, -0.00 	13,21,5,325		1.93,0.72	0,0 	0
4522    	31.59, -17.09, -7.09 	12.46, 15.22, -6.93 	0.00, -0.00 	13,21,5,335		0.46,0.69	0,0 	0
4531    	31.60, -17.11, -7.09 	12.46, 15.23, -6.92 	0.00, -0.00 	13,21,5,345		0.68,0.51	0,0 	0
4539    	31.58, -17.08, -7.11 	12.45, 15.23, -6.93 	0.00, -0.00 	13,21,5,354		1.44,0.48	0,0 	0
4548    	31.59, -17.06, -7.11 	12.47, 15.23, -6.92 	0.00, -0.00 	13,21,5,364		1.11,0.92	0,0 	0
4557    	31.59, -17.06, -7.11 	12.47, 15.24, -6.93 	0.00, -0.00 	13,21,5,374		0.00,0.51	0,0 	0
4565    	31.63, -17.02, -7.09 	12.47, 15.24, -6.93 	0.00, -0.00 	13,21,5,383		2.87,0.00	0,0 	0
4574    	31.64, -17.03, -7.08 	12.46, 15.24, -6.93 	0.00, -0.00 	13,21,5,393		0.68,0.46	0,0 	0
4583    	31.64, -17.04, -7.08 	12.46, 15.24, -6.93 	0.00, -0.00 	13,21,5,403		0.51,0.00	0,0 	0
4592    	31.65, -17.04, -7.08 	12.46, 15.23, -6.93 	0.00, -0.00 	13,21,5,413		0.48,0.53	0,0 	0
4600    	31.65, -17.04, -7.09 	12.46, 15.23, -6.93 	0.00, -0.00 	13,21,5,422		0.00,0.00	0,0 	0
4609    	31.66, -17.05, -7.10 	12.46, 15.24, -6.93 	0.00, -0.00 	13,21,5,432		0.68,0.51	0,0 	0
4618    	31.66, -17.07, -7.09 	12.45, 15.23, -6.93 	0.00, -0.00 	13,21,5,442		1.07,0.71	0,0 	0
4626    	31.64, -17.08, -7.09 	12.44, 15.24, -6.93 	0.00, -0.00 	13,21,5,451		1.10,0.72	0,0 	0
4635    	31.64, -17.09, -7.10 	12.43, 15.24, -6.93 	0.00, -0.00 	13,21,5,461		0.51,0.46	0,0 	0
4644    	31.64, -17.09, -7.10 	12.44, 15.24, -6.93 	0.00, -0.00 	13,21,5,471		0.00,0.48	0,0 	0
4652    	31.64, -17.09, -7.10 	12.43, 15.25, -6.93 	0.00, -0.00 	13,21,5,480		0.00,0.72	0,0 	0
4661    	31.63, -17.11, -7.10 	12.44, 15.25, -6.93 	0.00, -0.00 	13,21,5,490		0.65,0.44	0,0 	0
4670    	31.64, -17.11, -7.08 	12.45, 15.24, -6.93 	0.00, -0.00 	13,21,5,500		0.48,0.72	0,0 	0
4678    	31.63, -17.14, -7.08 	12.44, 15.25, -6.93 	0.00, -0.00 	13,21,5,509		1.67,0.72	0,0 	0
4687    	31.62, -17.13, -7.07 	12.44, 15.23, -6.92 	0.00, -0.00 	13,21,5,519		0.68,1.02	0,0 	0
4696    	31.57, -17.15, -7.07 	12.45, 15.24, -6.93 	0.00, -0.00 	13,21,5,529		2.51,0.68	0,0 	0
4704    	31.58, -17.15, -7.07 	12.44, 15.24, -6.93 	0.00, -0.00 	13,21,5,538		0.48,0.48	0,0 	0
4713    	31.59, -17.13, -7.06 	12.44, 15.24, -6.92 	0.00, -0.00 	13,21,5,548		1.11,0.00	0,0 	0
4722    	31.59, -17.14, -7.06 	12.44, 15.24, -6.93 	0.00, -0.00 	13,21,5,558		0.51,0.00	0,0 	0
4730    	31.60, -17.14, -7.06 	12.45, 15.23, -6.92 	0.00, -0.00 	13,21,5,567		0.48,0.72	0,0 	0
4739    	31.63, -17.12, -7.06 	12.45, 15.23, -6.92 	0.00, -0.00 	13,21,5,577		1.71,0.00	0,0 	0
4748    	31.66, -17.11, -7.05 	12.45, 15.25, -6.93 	0.00, -0.00 	13,21,5,587		1.47,1.02	0,0 	0
4756    	31.66, -17.12, -7.05 	12.48, 15.25, -6.93 	0.00, -0.00 	13,21,5,596		0.53,1.44	0,0 	0
4765    	31.68, -17.09, -7.05 	12.44, 15.25, -6.93 	0.00, -0.00 	13,21,5,606		1.37,1.83	0,0 	0
4774    	31.68, -17.07, -7.07 	12.44, 15.25, -6.93 	0.00, -0.00 	13,21,5,616		1.01,0.00	0,0 	0
4783    	31.59, -17.09, -7.07 	12.43, 15.23, -6.92 	0.00, -0.00 	13,21,5,626		4.46,1.17	0,0 	0
4791    	31.59, -17.14, -7.07 	12.44, 15.25, -6.93 	0.00, -0.00 	13,21,5,635		2.13,1.17	0,0 	0
4800    	31.59, -17.13, -7.07 	12.43, 15.22, -6.93 	0.00, -0.00 	13,21,5,645		0.51,1.59	0,0 	0
4809    	31.58, -17.13, -7.06 	12.42, 15.24, -6.93 	0.00, -0.00 	13,21,5,655		0.48,1.18	0,0 	0
4817    	31.59, -17.12, -7.07 	12.42, 15.24, -6.94 	0.00, -0.00 	13,21,5,664		0.72,0.00	0,0 	0
4826    	31.61, -17.09, -7.07 	12.42, 15.24, -6.93 	0.00, -0.00 	13,21,5,674		1.37,0.00	0,0 	0
4835    	31.59, -17.11, -7.06 	12.40, 15.24, -6.93 	0.00, -0.00 	13,21,5,684		1.10,0.96	0,0 	0
4843    	31.62, -17.09, -7.06 	12.41, 15.25, -6.94 	0.00, -0.00 	13,21,5,693		1.54,0.71	0,0 	0
4852    	31.62, -17.08, -7.07 	12.40, 15.24, -6.93 	0.00, -0.00 	13,21,5,703		0.51,0.68	0,0 	0
4861    	31.59, -17.09, -7.06 	12.40, 15.24, -6.93 	0.00, -0.00 	13,21,5,713		1.47,0.00	0,0 	0
4869    	31.57, -17.09, -7.06 	12.38, 15.23, -6.93 	0.00, -0.00 	13,21,5,722		0.96,1.09	0,0 	0
4878    	31.57, -17.09, -7.06 	12.38, 15.23, -6.94 	0.00, -0.00 	13,21,5,732		0.00,0.46	0,0 	0
4887    	31.59, -17.12, -7.07 	12.39, 15.25, -6.94 	0.00, -0.00 	13,21,5,742		1.37,1.36	0,0 	0
4895    	31.60, -17.12, -7.07 	12.38, 15.25, -6.94 	0.00, -0.00 	13,21,5,751		0.48,0.96	0,0 	0
4904    	31.66, -17.09, -7.07 	12.38, 15.26, -6.94 	0.00, -0.00 	13,21,5,761		2.93,0.68	0,0 	0
4913    	31.63, -17.11, -7.07 	12.38, 15.28, -6.95 	0.00, -0.00 	13,21,5,771		1.47,1.02	0,0 	0
4921    	31.65, -17.08, -7.06 	12.38, 15.27, -6.94 	0.00, -0.00 	13,21,5,780		1.44,0.53	0,0 	0
4930    	31.62, -17.12, -7.06 	12.37, 15.26, -6.94 	0.00, -0.00 	13,21,5,790		2.05,0.68	0,0 	0
4939    	31.63, -17.14, -7.05 	12.38, 15.26, -6.93 	0.00, -0.00 	13,21,5,800		1.11,0.46	0,0 	0
4947    	31.62, -17.13, -7.04 	12.36, 15.25, -6.94 	0.00, -0.00 	13,21,5,809		0.72,1.53	0,0 	0
4956    	31.61, -17.13, -7.05 	12.36, 15.24, -6.93 	0.00, -0.00 	13,21,5,819		0.46,0.51	0,0 	0
4965    	31.59, -17.14, -7.04 	12.36, 15.24, -6.94 	0.00, -0.00 	13,21,5,829		1.05,0.00	0,0 	0
4974    	31.61, -17.13, -7.05 	12.35, 15.24, -6.93 	0.00, -0.00 	13,21,5,839		1.10,0.48	0,0 	0
4983    	31.59, -17.11, -7.04 	12.33, 15.23, -6.94 	0.00, -0.00 	13,21,5,849		1.44,1.09	0,0 	0
4992    	31.56, -17.11, -7.07 	12.33, 15.24, -6.95 	0.00, -0.00 	13,21,5,858		1.45,0.53	0,0 	0
5001    	31.58, -17.08, -7.07 	12.33, 15.24, -6.94 	0.00, -0.00 	13,21,5,868		1.51,0.00	0,0 	0
5009    	31.62, -17.03, -7.08 	12.33, 15.24, -6.94 	0.00, -0.00 	13,21,5,877		3.46,0.00	0,0 	0
5018    	31.59, -17.03, -7.07 	12.33, 15.23, -6.95 	0.00, -0.00 	13,21,5,887		1.45,0.53	0,0 	0
5027    	31.65, -17.01, -7.05 	12.32, 15.22, -6.94 	0.00, -0.00 	13,21,5,897		4.11,0.95	0,0 	0
5035    	31.66, -17.02, -7.06 	12.31, 15.22, -6.95 	0.00, -0.00 	13,21,5,906		0.96,0.64	0,0 	0
5044    	31.65, -17.03, -7.06 	12.30, 15.20, -6.93 	0.00, -0.00 	13,21,5,916		0.90,1.46	0,0 	0
5053    	31.63, -17.04, -7.05 	12.29, 15.21, -6.95 	0.00, -0.00 	13,21,5,926		1.38,0.91	0,0 	0
5061    	31.63, -17.04, -7.04 	12.28, 15.20, -6.94 	0.00, -0.00 	13,21,5,935		0.00,0.89	0,0 	0
5070    	31.61, -17.06, -7.04 	12.27, 15.20, -6.93 	0.00, -0.00 	13,21,5,945		1.69,0.57	0,0 	0
5079    	31.61, -17.04, -7.06 	12.26, 15.20, -6.95 	0.00, -0.00 	13,21,5,955		1.25,0.57	0,0 	0
5087    	31.61, -17.04, -7.05 	12.24, 15.19, -6.95 	0.00, -0.00 	13,21,5,964		0.00,1.37	0,0 	0
5096    	31.64, -17.03, -7.05 	12.22, 15.19, -6.95 	0.00, -0.00 	13,21,5,974		1.81,1.13	0,0 	0
5105    	31.66, -17.01, -7.05 	12.21, 15.18, -6.94 	0.00, -0.00 	13,21,5,984		1.69,0.84	0,0 	0
5113    	31.67, -17.01, -7.05 	12.22, 15.17, -6.93 	0.00, -0.00 	13,21,5,993		0.60,0.91	0,0 	0
5122    	31.69, -17.01, -7.05 	12.19, 15.15, -6.93 	0.00, -0.00 	13,21,6,3		1.13,2.10	0,0 	0
5131    	31.68, -17.03, -7.04 	12.15, 15.14, -6.93 	0.00, -0.00 	13,21,6,13		1.38,2.34	0,0 	0
5139    	31.64, -17.06, -7.04 	12.14, 15.12, -6.93 	0.00, -0.00 	13,21,6,22		3.13,1.78	0,0 	0
5148    	31.61, -17.02, -7.04 	12.12, 15.09, -6.93 	0.00, -0.00 	13,21,6,32		3.03,1.68	0,0 	0
5157    	31.63, -17.04, -7.04 	12.04, 15.05, -6.93 	0.00, -0.00 	13,21,6,42		1.69,5.15	0,0 	0
5166    	31.66, -17.01, -7.04 	11.99, 15.00, -6.92 	0.00, -0.00 	13,21,6,52		2.69,4.46	0,0 	0
5174    	31.63, -17.05, -7.05 	11.89, 14.91, -6.91 	0.00, -0.00 	13,21,6,61		3.22,8.44	0,0 	0
5183    	31.62, -17.04, -7.05 	11.74, 14.78, -6.90 	0.00, -0.00 	13,21,6,71		0.84,11.70	0,0 	0
5192    	31.65, -17.04, -7.03 	11.55, 14.61, -6.88 	0.00, -0.00 	13,21,6,81		1.81,15.97	0,0 	0
5200    	31.68, -17.02, -7.03 	11.29, 14.37, -6.86 	0.00, -0.00 	13,21,6,90		2.11,20.46	0,0 	0
5209    	31.68, -17.00, -7.04 	11.05, 14.15, -6.84 	0.00, -0.00 	13,21,6,100		1.25,19.63	0,0 	0
5218    	31.68, -17.03, -7.03 	10.81, 13.96, -6.82 	0.00, -0.00 	13,21,6,110		2.00,19.11	0,0 	0
5226    	31.62, -17.09, -7.03 	10.58, 13.78, -6.81 	0.00, -0.00 	13,21,6,119		5.39,18.23	0,0 	0
5235    	31.62, -17.14, -7.03 	10.38, 13.58, -6.79 	0.00, -0.00 	13,21,6,129		2.51,16.34	0,0 	0
5244    	31.61, -17.18, -7.01 	10.21, 13.42, -6.77 	0.00, -0.00 	13,21,6,139		2.57,13.78	0,0 	0
5252    	31.60, -17.20, -7.01 	10.00, 13.18, -6.74 	0.00, -0.00 	13,21,6,148		1.46,20.13	0,0 	0
5261    	31.57, -17.22, -7.01 	9.76, 12.86, -6.70 	0.00, -0.00 	13,21,6,158		2.11,23.41	0,0 	0
5270    	31.60, -17.20, -7.00 	9.55, 12.55, -6.70 	0.00, -0.00 	13,21,6,168		2.11,22.25	0,0 	0
5278    	31.62, -17.17, -7.02 	9.35, 12.26, -6.68 	0.00, -0.00 	13,21,6,177		2.33,21.53	0,0 	0
5287    	31.57, -17.17, -7.02 	9.15, 11.95, -6.69 	0.00, -0.00 	13,21,6,187		2.83,21.62	0,0 	0
5296    	31.62, -17.16, -7.02 	8.88, 11.56, -6.71 	0.00, -0.00 	13,21,6,197		2.90,28.27	0,0 	0
5304    	31.63, -17.16, -7.01 	8.56, 11.20, -6.77 	0.00, -0.00 	13,21,6,206		0.60,29.94	0,0 	0
5313    	31.56, -17.16, -7.02 	8.26, 10.87, -6.86 	0.00, -0.00 	13,21,6,216		3.97,26.41	0,0 	0
5322    	31.55, -17.16, -7.02 	7.95, 10.53, -6.97 	0.00, -0.00 	13,21,6,226		0.57,26.87	0,0 	0
5330    	31.49, -17.16, -7.01 	7.59, 10.19, -7.04 	0.00, -0.00 	13,21,6,235		3.61,31.06	0,0 	0
5339    	31.40, -17.13, -7.03 	7.21, 9.87, -7.13 	0.00, -0.00 	13,21,6,245		5.97,29.25	0,0 	0
5348    	31.36, -17.09, -7.06 	6.85, 9.61, -7.23 	0.00, -0.00 	13,21,6,255		2.94,26.00	0,0 	0
5357    	31.37, -17.00, -7.10 	6.56, 9.33, -7.31 	0.00, -0.00 	13,21,6,265		6.02,25.29	0,0 	0
5365    	31.33, -16.90, -7.13 	6.26, 9.01, -7.37 	0.00, -0.00 	13,21,6,274		6.46,27.66	0,0 	0
5374    	31.29, -16.80, -7.12 	5.82, 8.57, -7.37 	0.00, -0.00 	13,21,6,284		6.66,36.37	0,0 	0
5383    	31.25, -16.71, -7.13 	5.36, 8.14, -7.40 	0.00, -0.00 	13,21,6,294		5.84,39.50	0,0 	0
5391    	31.20, -16.64, -7.11 	4.96, 7.72, -7.43 	0.00, -0.00 	13,21,6,303		5.90,36.02	0,0 	0
5400    	31.13, -16.57, -7.11 	4.64, 7.34, -7.47 	0.00, -0.00 	13,21,6,313		5.46,29.13	0,0 	0
5409    	31.05, -16.43, -7.11 	4.40, 6.99, -7.51 	0.00, -0.00 	13,21,6,323		13.20,35.79	0,0 	0
5417    	30.86, -16.38, -7.16 	4.10, 6.66, -7.57 	0.00, -0.00 	13,21,6,332		18.17,40.23	0,0 	0
5426    	30.72, -16.24, -7.23 	3.92, 6.29, -7.61 	0.00, -0.00 	13,21,6,342		16.11,34.50	0,0 	0
5435    	30.64, -16.05, -7.30 	3.66, 5.89, -7.62 	0.00, -0.00 	13,21,6,352		17.53,39.17	0,0 	0
5443    	30.59, -15.93, -7.34 	3.39, 5.50, -7.64 	0.00, -0.00 	13,21,6,361		11.52,43.70	0,0 	0
5452    	30.56, -15.82, -7.35 	3.12, 5.15, -7.69 	0.00, -0.00 	13,21,6,371		10.06,36.73	0,0 	0
5461    	30.50, -15.72, -7.37 	2.87, 4.81, -7.74 	0.00, -0.00 	13,21,6,381		9.33,35.07	0,0 	0
5469    	30.51, -15.58, -7.38 	2.73, 4.43, -7.80 	0.00, -0.00 	13,21,6,390		12.62,37.18	0,0 	0
5478    	30.52, -15.40, -7.40 	2.51, 4.14, -7.85 	0.00, -0.00 	13,21,6,400		15.12,30.09	0,0 	0
5487    	30.46, -15.35, -7.38 	2.25, 3.84, -7.87 	0.00, -0.00 	13,21,6,410		7.16,32.79	0,0 	0
5495    	30.34, -15.34, -7.37 	1.95, 3.59, -7.93 	0.00, -0.00 	13,21,6,419		9.67,33.15	0,0 	0
5504    	30.18, -15.28, -7.40 	1.69, 3.41, -8.00 	0.00, -0.00 	13,21,6,429		14.35,26.24	0,0 	0
5513    	30.04, -15.22, -7.40 	1.46, 3.21, -8.08 	0.00, -0.00 	13,21,6,439		12.43,25.44	0,0 	0
5521    	29.86, -15.12, -7.43 	1.22, 2.96, -8.13 	0.00, -0.00 	13,21,6,448		17.21,28.45	0,0 	0
5530    	29.75, -14.98, -7.49 	0.98, 2.76, -8.18 	0.00, -0.00 	13,21,6,458		14.53,26.04	0,0 	0
5539    	29.71, -14.87, -7.55 	0.79, 2.60, -8.24 	0.00, -0.00 	13,21,6,468		10.56,20.72	0,0 	0
5548    	29.72, -14.75, -7.57 	0.78, 2.44, -8.29 	0.00, -0.00 	13,21,6,478		9.90,13.38	0,0 	0
5556    	29.73, -14.68, -7.58 	0.69, 2.35, -8.32 	0.00, -0.00 	13,21,6,487		6.84,12.28	0,0 	0
5565    	29.76, -14.60, -7.57 	0.53, 2.18, -8.32 	0.00, -0.00 	13,21,6,497		6.67,19.04	0,0 	0
5574    	29.71, -14.59, -7.58 	0.35, 1.98, -8.27 	0.00, -0.00 	13,21,6,507		4.90,22.60	0,0 	0
5582    	29.66, -14.56, -7.58 	0.14, 1.82, -8.26 	0.00, -0.00 	13,21,6,516		5.25,23.97	0,0 	0
5591    	29.55, -14.54, -7.58 	0.01, 1.62, -8.22 	0.00, -0.00 	13,21,6,526		9.01,20.17	0,0 	0
5600    	29.47, -14.53, -7.58 	-0.12, 1.46, -8.16 	0.00, -0.00 	13,21,6,536		6.48,16.83	0,0 	0
5608    	29.35, -14.52, -7.58 	-0.28, 1.34, -8.17 	0.00, -0.00 	13,21,6,545		11.43,18.19	0,0 	0
5617    	29.23, -14.48, -7.66 	-0.21, 1.25, -8.14 	0.00, -0.00 	13,21,6,555		9.99,9.14	0,0 	0
5626    	29.18, -14.37, -7.70 	-0.22, 1.21, -8.20 	0.00, -0.00 	13,21,6,565		10.89,3.64	0,0 	0
5634    	29.20, -14.24, -7.73 	-0.13, 1.19, -8.23 	0.00, -0.00 	13,21,6,574		11.76,8.14	0,0 	0
5643    	29.21, -14.15, -7.74 	-0.18, 1.08, -8.24 	0.00, -0.00 	13,21,6,584		7.15,9.71	0,0 	0
5652    	29.14, -14.10, -7.75 	-0.07, 1.04, -8.24 	0.00, -0.00 	13,21,6,594		7.16,9.56	0,0 	0
5660    	29.19, -14.00, -7.77 	-0.13, 0.94, -8.21 	0.00, -0.00 	13,21,6,603		5.96,6.19	0,0 	0
5669    	29.15, -14.03, -7.75 	-0.12, 0.86, -8.19 	0.00, -0.00 	13,21,6,613		2.45,4.79	0,0 	0
5678    	29.14, -13.99, -7.73 	-0.17, 0.84, -8.18 	0.00, -0.00 	13,21,6,623		1.85,2.91	0,0 	0
5686    	29.13, -14.05, -7.72 	-0.13, 0.77, -8.18 	0.00, -0.00 	13,21,6,632		3.01,4.18	0,0 	0
5695    	29.04, -14.08, -7.73 	-0.17, 0.77, -8.17 	0.00, -0.00 	13,21,6,642		5.13,2.14	0,0 	0
5704    	29.06, -14.08, -7.73 	-0.10, 0.73, -8.16 	0.00, -0.00 	13,21,6,652		1.07,4.46	0,0 	0
5712    	29.04, -14.12, -7.73 	-0.15, 0.71, -8.14 	0.00, -0.00 	13,21,6,661		2.60,2.91	0,0 	0
5721    	29.06, -14.09, -7.73 	-0.12, 0.70, -8.10 	0.00, -0.00 	13,21,6,671		2.07,1.72	0,0 	0
5730    	29.01, -14.09, -7.73 	-0.12, 0.63, -8.06 	0.00, -0.00 	13,21,6,681		2.68,3.56	0,0 	0
5739    	29.01, -14.09, -7.74 	-0.09, 0.59, -8.01 	0.00, -0.00 	13,21,6,691		0.00,2.89	0,0 	0
5747    	29.04, -14.09, -7.74 	-0.05, 0.56, -7.95 	0.00, -0.00 	13,21,6,700		1.70,2.97	0,0 	0
