#Time 	Sensor1         Sensor2         Target          Time            Vel             
#================================================================

11      	29.85, -14.74, -7.39 	-0.13, 1.15, -6.64 	-8.55, 23.49 	13,23,6,168		0.00,0.00	0,0 	0
15      	29.89, -14.73, -7.37 	-0.08, 1.17, -6.65 	-8.55, 23.49 	13,23,6,177		10.00,15.32	0,0 	0
23      	29.89, -14.73, -7.38 	-0.11, 1.17, -6.65 	-8.55, 23.49 	13,23,6,186		0.00,4.81	0,0 	0
33      	29.92, -14.71, -7.38 	-0.06, 1.16, -6.64 	-8.55, 23.49 	13,23,6,197		3.59,5.89	0,0 	0
41      	29.92, -14.72, -7.38 	-0.11, 1.17, -6.65 	-8.55, 23.49 	13,23,6,206		1.33,7.36	0,0 	0
50      	29.92, -14.72, -7.38 	-0.13, 1.17, -6.64 	-8.55, 23.49 	13,23,6,216		0.00,2.14	0,0 	0
59      	29.96, -14.68, -7.36 	-0.09, 1.15, -6.64 	-8.55, 23.49 	13,23,6,226		6.39,4.92	0,0 	0
67      	29.96, -14.66, -7.36 	-0.13, 1.15, -6.64 	-8.55, 23.49 	13,23,6,235		1.33,4.81	0,0 	0
76      	29.96, -14.69, -7.37 	-0.09, 1.17, -6.64 	-8.55, 23.49 	13,23,6,245		2.37,5.82	0,0 	0
85      	29.92, -14.70, -7.37 	-0.12, 1.18, -6.66 	-8.55, 23.49 	13,23,6,255		4.44,4.46	0,0 	0
93      	29.91, -14.70, -7.37 	-0.09, 1.18, -6.66 	-8.55, 23.49 	13,23,6,264		1.20,4.81	0,0 	0
102     	29.91, -14.70, -7.37 	-0.13, 1.16, -6.65 	-8.55, 23.49 	13,23,6,274		0.00,5.82	0,0 	0
111     	29.87, -14.73, -7.38 	-0.10, 1.16, -6.65 	-8.55, 23.49 	13,23,6,284		5.56,4.28	0,0 	0
119     	29.94, -14.68, -7.39 	-0.11, 1.16, -6.64 	-8.55, 23.49 	13,23,6,293		10.75,2.41	0,0 	0
128     	29.94, -14.68, -7.39 	-0.11, 1.17, -6.66 	-8.55, 23.49 	13,23,6,303		0.00,1.19	0,0 	0
137     	29.94, -14.68, -7.39 	-0.12, 1.18, -6.66 	-8.55, 23.49 	13,23,6,313		0.00,1.61	0,0 	0
145     	29.94, -14.68, -7.39 	-0.08, 1.18, -6.65 	-8.55, 23.49 	13,23,6,322		0.00,6.02	0,0 	0
154     	29.91, -14.71, -7.39 	-0.10, 1.18, -6.65 	-8.55, 23.49 	13,23,6,332		4.79,3.21	0,0 	0
163     	29.91, -14.70, -7.38 	-0.10, 1.18, -6.65 	-8.55, 23.49 	13,23,6,342		1.18,0.00	0,0 	0
171     	29.95, -14.69, -7.40 	-0.10, 1.18, -6.65 	-8.55, 23.49 	13,23,6,350		5.00,1.20	0,0 	0
180     	29.95, -14.70, -7.40 	-0.10, 1.18, -6.65 	-8.55, 23.49 	13,23,6,360		1.18,0.00	0,0 	0
189     	29.95, -14.70, -7.37 	-0.10, 1.18, -6.65 	-8.55, 23.49 	13,23,6,370		0.00,0.00	0,0 	0
198     	29.95, -14.70, -7.37 	-0.09, 1.18, -6.66 	-8.55, 23.49 	13,23,6,381		0.00,1.07	0,0 	0
206     	29.95, -14.70, -7.37 	-0.09, 1.19, -6.66 	-8.55, 23.49 	13,23,6,389		0.00,1.34	0,0 	0
215     	29.95, -14.70, -7.37 	-0.09, 1.19, -6.66 	-8.55, 23.49 	13,23,6,400		0.00,0.00	0,0 	0
224     	29.99, -14.71, -7.37 	-0.09, 1.19, -6.65 	-8.55, 23.49 	13,23,6,409		5.48,0.00	0,0 	0
232     	29.99, -14.71, -7.37 	-0.08, 1.19, -6.66 	-8.55, 23.49 	13,23,6,418		0.00,1.20	0,0 	0
241     	29.99, -14.71, -7.37 	-0.08, 1.18, -6.65 	-8.55, 23.49 	13,23,6,428		0.00,1.19	0,0 	0
250     	29.97, -14.79, -7.38 	-0.07, 1.19, -6.64 	-8.55, 23.49 	13,23,6,438		10.00,1.59	0,0 	0
258     	29.93, -14.79, -7.38 	-0.07, 1.19, -6.64 	-8.55, 23.49 	13,23,6,447		4.82,0.00	0,0 	0
267     	29.93, -14.79, -7.38 	-0.07, 1.18, -6.65 	-8.55, 23.49 	13,23,6,457		0.00,1.19	0,0 	0
276     	29.96, -14.75, -7.37 	-0.10, 1.18, -6.64 	-8.55, 23.49 	13,23,6,467		5.72,3.21	0,0 	0
284     	29.95, -14.73, -7.40 	-0.10, 1.18, -6.64 	-8.55, 23.49 	13,23,6,476		2.92,0.00	0,0 	0
293     	29.98, -14.70, -7.42 	-0.10, 1.18, -6.66 	-8.55, 23.49 	13,23,6,486		4.79,0.00	0,0 	0
302     	29.98, -14.71, -7.42 	-0.09, 1.19, -6.65 	-8.55, 23.49 	13,23,6,496		1.18,1.59	0,0 	0
310     	29.91, -14.77, -7.42 	-0.09, 1.19, -6.65 	-8.55, 23.49 	13,23,6,505		11.62,0.00	0,0 	0
319     	29.92, -14.79, -7.41 	-0.07, 1.19, -6.64 	-8.55, 23.49 	13,23,6,515		2.60,2.14	0,0 	0
328     	29.93, -14.80, -7.39 	-0.07, 1.19, -6.64 	-8.55, 23.49 	13,23,6,525		1.60,0.00	0,0 	0
336     	29.93, -14.80, -7.39 	-0.10, 1.19, -6.64 	-8.55, 23.49 	13,23,6,534		0.00,4.81	0,0 	0
345     	29.89, -14.79, -7.38 	-0.10, 1.18, -6.64 	-8.55, 23.49 	13,23,6,544		4.44,1.61	0,0 	0
354     	29.87, -14.76, -7.40 	-0.09, 1.19, -6.65 	-8.55, 23.49 	13,23,6,554		4.15,1.59	0,0 	0
362     	29.88, -14.77, -7.40 	-0.10, 1.18, -6.65 	-8.55, 23.49 	13,23,6,563		1.79,2.73	0,0 	0
371     	29.86, -14.76, -7.38 	-0.10, 1.18, -6.64 	-8.55, 23.49 	13,23,6,573		2.45,1.07	0,0 	0
380     	29.92, -14.73, -7.41 	-0.13, 1.18, -6.64 	-8.55, 23.49 	13,23,6,583		7.34,4.28	0,0 	0
389     	29.92, -14.73, -7.41 	-0.10, 1.18, -6.65 	-8.55, 23.49 	13,23,6,593		0.00,3.21	0,0 	0
397     	29.93, -14.74, -7.39 	-0.12, 1.19, -6.64 	-8.55, 23.49 	13,23,6,602		1.79,2.77	0,0 	0
405     	29.95, -14.76, -7.37 	-0.10, 1.19, -6.64 	-8.55, 23.49 	13,23,6,611		3.59,3.61	0,0 	0
415     	29.96, -14.77, -7.37 	-0.14, 1.18, -6.64 	-8.55, 23.49 	13,23,6,622		1.44,4.91	0,0 	0
423     	29.95, -14.77, -7.37 	-0.12, 1.19, -6.63 	-8.55, 23.49 	13,23,6,631		1.20,2.73	0,0 	0
432     	29.94, -14.84, -7.35 	-0.14, 1.19, -6.64 	-8.55, 23.49 	13,23,6,641		7.18,2.14	0,0 	0
441     	29.89, -14.82, -7.36 	-0.10, 1.20, -6.64 	-8.55, 23.49 	13,23,6,651		5.48,4.42	0,0 	0
449     	29.89, -14.84, -7.36 	-0.15, 1.20, -6.64 	-8.55, 23.49 	13,23,6,660		1.33,6.02	0,0 	0
458     	29.92, -14.81, -7.37 	-0.11, 1.22, -6.64 	-8.55, 23.49 	13,23,6,670		3.99,4.86	0,0 	0
467     	29.93, -14.81, -7.37 	-0.14, 1.22, -6.64 	-8.55, 23.49 	13,23,6,680		1.07,3.21	0,0 	0
475     	29.97, -14.81, -7.37 	-0.11, 1.23, -6.64 	-8.55, 23.49 	13,23,6,689		4.82,4.97	0,0 	0
484     	29.96, -14.79, -7.36 	-0.14, 1.22, -6.64 	-8.55, 23.49 	13,23,6,699		2.60,4.42	0,0 	0
493     	29.96, -14.79, -7.36 	-0.10, 1.22, -6.64 	-8.55, 23.49 	13,23,6,709		0.00,5.35	0,0 	0
501     	29.98, -14.77, -7.36 	-0.13, 1.22, -6.66 	-8.55, 23.49 	13,23,6,718		4.49,4.81	0,0 	0
510     	29.98, -14.77, -7.36 	-0.11, 1.22, -6.66 	-8.55, 23.49 	13,23,6,728		0.00,3.21	0,0 	0
519     	29.99, -14.79, -7.37 	-0.14, 1.22, -6.66 	-8.55, 23.49 	13,23,6,738		2.60,4.28	0,0 	0
527     	29.97, -14.81, -7.37 	-0.10, 1.22, -6.65 	-8.55, 23.49 	13,23,6,747		4.49,6.02	0,0 	0
536     	29.88, -14.84, -7.37 	-0.13, 1.23, -6.65 	-8.55, 23.49 	13,23,6,757		9.92,4.46	0,0 	0
545     	29.95, -14.77, -7.36 	-0.10, 1.23, -6.65 	-8.55, 23.49 	13,23,6,767		10.33,4.28	0,0 	0
553     	29.94, -14.74, -7.37 	-0.12, 1.23, -6.67 	-8.55, 23.49 	13,23,6,776		4.17,3.61	0,0 	0
562     	29.94, -14.74, -7.37 	-0.11, 1.23, -6.66 	-8.55, 23.49 	13,23,6,786		0.00,1.07	0,0 	0
571     	29.94, -14.74, -7.37 	-0.15, 1.22, -6.66 	-8.55, 23.49 	13,23,6,796		0.00,4.42	0,0 	0
580     	29.98, -14.74, -7.37 	-0.10, 1.23, -6.66 	-8.55, 23.49 	13,23,6,806		4.28,6.51	0,0 	0
588     	30.02, -14.73, -7.38 	-0.14, 1.22, -6.65 	-8.55, 23.49 	13,23,6,815		6.17,6.14	0,0 	0
596     	30.01, -14.71, -7.37 	-0.11, 1.24, -6.65 	-8.55, 23.49 	13,23,6,824		2.92,4.46	0,0 	0
606     	30.01, -14.71, -7.35 	-0.11, 1.22, -6.65 	-8.55, 23.49 	13,23,6,835		0.00,2.14	0,0 	0
614     	29.98, -14.70, -7.37 	-0.11, 1.22, -6.65 	-8.55, 23.49 	13,23,6,844		5.00,0.00	0,0 	0
623     	29.98, -14.71, -7.37 	-0.13, 1.22, -6.64 	-8.55, 23.49 	13,23,6,854		1.18,2.14	0,0 	0
632     	29.94, -14.72, -7.37 	-0.11, 1.22, -6.64 	-8.55, 23.49 	13,23,6,864		4.44,3.21	0,0 	0
640     	29.93, -14.72, -7.36 	-0.13, 1.22, -6.66 	-8.55, 23.49 	13,23,6,873		1.20,3.61	0,0 	0
649     	29.97, -14.70, -7.37 	-0.11, 1.23, -6.66 	-8.55, 23.49 	13,23,6,883		4.89,3.40	0,0 	0
658     	29.97, -14.71, -7.37 	-0.13, 1.22, -6.66 	-8.55, 23.49 	13,23,6,893		1.18,3.40	0,0 	0
666     	29.99, -14.70, -7.37 	-0.11, 1.23, -6.66 	-8.55, 23.49 	13,23,6,902		2.75,3.83	0,0 	0
675     	30.01, -14.62, -7.39 	-0.17, 1.22, -6.66 	-8.55, 23.49 	13,23,6,912		8.89,7.56	0,0 	0
684     	30.03, -14.64, -7.35 	-0.11, 1.23, -6.66 	-8.55, 23.49 	13,23,6,922		3.19,7.56	0,0 	0
693     	30.03, -14.64, -7.35 	-0.16, 1.22, -6.66 	-8.55, 23.49 	13,23,6,931		0.00,6.51	0,0 	0
702     	30.03, -14.64, -7.35 	-0.11, 1.23, -6.66 	-8.55, 23.49 	13,23,6,941		0.00,6.51	0,0 	0
711     	30.03, -14.64, -7.35 	-0.16, 1.22, -6.66 	-8.55, 23.49 	13,23,6,951		0.00,6.51	0,0 	0
719     	29.99, -14.65, -7.36 	-0.11, 1.23, -6.66 	-8.55, 23.49 	13,23,6,960		5.00,7.32	0,0 	0
728     	29.95, -14.68, -7.35 	-0.15, 1.21, -6.65 	-8.55, 23.49 	13,23,6,970		5.85,5.82	0,0 	0
737     	29.99, -14.68, -7.36 	-0.09, 1.23, -6.66 	-8.55, 23.49 	13,23,6,980		5.35,7.82	0,0 	0
745     	29.98, -14.64, -7.39 	-0.15, 1.22, -6.65 	-8.55, 23.49 	13,23,6,989		4.66,8.51	0,0 	0
754     	29.97, -14.63, -7.38 	-0.10, 1.23, -6.66 	-8.55, 23.49 	13,23,6,999		1.60,6.51	0,0 	0
763     	29.97, -14.62, -7.38 	-0.15, 1.23, -6.66 	-8.55, 23.49 	13,23,7,9		1.18,6.42	0,0 	0
772     	29.98, -14.63, -7.36 	-0.13, 1.23, -6.66 	-8.55, 23.49 	13,23,7,19		1.60,2.14	0,0 	0
780     	29.96, -14.71, -7.35 	-0.16, 1.24, -6.65 	-8.55, 23.49 	13,23,7,28		9.63,3.87	0,0 	0
788     	29.99, -14.69, -7.36 	-0.11, 1.24, -6.66 	-8.55, 23.49 	13,23,7,37		5.51,6.02	0,0 	0
798     	29.99, -14.69, -7.36 	-0.17, 1.23, -6.66 	-8.55, 23.49 	13,23,7,48		0.00,5.86	0,0 	0
806     	29.90, -14.68, -7.37 	-0.11, 1.24, -6.66 	-8.55, 23.49 	13,23,7,57		12.11,7.32	0,0 	0
814     	29.90, -14.68, -7.37 	-0.17, 1.24, -6.66 	-8.55, 23.49 	13,23,7,66		0.00,7.22	0,0 	0
824     	29.90, -14.69, -7.37 	-0.13, 1.24, -6.65 	-8.55, 23.49 	13,23,7,77		1.07,3.85	0,0 	0
832     	29.96, -14.72, -7.36 	-0.15, 1.25, -6.65 	-8.55, 23.49 	13,23,7,86		8.25,2.77	0,0 	0
841     	29.95, -14.71, -7.38 	-0.14, 1.26, -6.65 	-8.55, 23.49 	13,23,7,96		1.60,1.59	0,0 	0
850     	29.94, -14.71, -7.38 	-0.14, 1.26, -6.64 	-8.55, 23.49 	13,23,7,106		1.07,0.00	0,0 	0
858     	29.94, -14.71, -7.38 	-0.14, 1.26, -6.64 	-8.55, 23.49 	13,23,7,115		0.00,0.00	0,0 	0
867     	29.95, -14.72, -7.36 	-0.18, 1.23, -6.64 	-8.55, 23.49 	13,23,7,125		1.60,5.53	0,0 	0
876     	29.99, -14.71, -7.37 	-0.14, 1.24, -6.66 	-8.55, 23.49 	13,23,7,135		5.48,4.42	0,0 	0
884     	30.00, -14.73, -7.37 	-0.17, 1.25, -6.65 	-8.55, 23.49 	13,23,7,144		2.92,3.87	0,0 	0
893     	29.97, -14.72, -7.36 	-0.15, 1.25, -6.65 	-8.55, 23.49 	13,23,7,154		4.44,2.14	0,0 	0
902     	29.93, -14.75, -7.36 	-0.17, 1.25, -6.65 	-8.55, 23.49 	13,23,7,164		5.56,2.14	0,0 	0
910     	29.90, -14.71, -7.39 	-0.15, 1.24, -6.65 	-8.55, 23.49 	13,23,7,173		6.43,2.77	0,0 	0
919     	29.89, -14.69, -7.41 	-0.17, 1.25, -6.65 	-8.55, 23.49 	13,23,7,183		2.60,2.46	0,0 	0
928     	29.94, -14.70, -7.41 	-0.14, 1.26, -6.64 	-8.55, 23.49 	13,23,7,193		5.48,3.40	0,0 	0
937     	29.97, -14.66, -7.41 	-0.17, 1.27, -6.64 	-8.55, 23.49 	13,23,7,203		4.79,3.21	0,0 	0
946     	29.96, -14.68, -7.41 	-0.13, 1.28, -6.65 	-8.55, 23.49 	13,23,7,212		1.60,4.42	0,0 	0
955     	29.96, -14.68, -7.41 	-0.16, 1.28, -6.65 	-8.55, 23.49 	13,23,7,222		0.00,3.21	0,0 	0
964     	29.97, -14.69, -7.40 	-0.12, 1.28, -6.65 	-8.55, 23.49 	13,23,7,232		1.60,4.28	0,0 	0
972     	29.99, -14.73, -7.38 	-0.17, 1.27, -6.65 	-8.55, 23.49 	13,23,7,241		5.84,6.14	0,0 	0
981     	29.98, -14.72, -7.38 	-0.12, 1.28, -6.65 	-8.55, 23.49 	13,23,7,251		1.60,5.46	0,0 	0
990     	29.98, -14.72, -7.38 	-0.17, 1.27, -6.65 	-8.55, 23.49 	13,23,7,261		0.00,5.46	0,0 	0
998     	29.99, -14.72, -7.39 	-0.16, 1.28, -6.65 	-8.55, 23.49 	13,23,7,270		1.20,1.78	0,0 	0
1006    	29.98, -14.71, -7.38 	-0.14, 1.28, -6.64 	-8.55, 23.49 	13,23,7,279		1.80,2.41	1000,1 	0
1016    	29.99, -14.72, -7.38 	-0.17, 1.27, -6.64 	-8.55, 23.49 	13,23,7,290		1.44,3.06	1000,1 	0
1024    	29.98, -14.72, -7.38 	-0.15, 1.29, -6.64 	-8.55, 23.49 	13,23,7,299		1.20,3.57	1000,1 	0
1033    	29.97, -14.71, -7.37 	-0.16, 1.28, -6.63 	-8.55, 23.49 	13,23,7,309		1.60,1.59	1000,1 	0
1042    	29.98, -14.72, -7.37 	-0.14, 1.29, -6.64 	-8.55, 23.49 	13,23,7,319		1.60,2.43	1000,1 	0
1050    	29.98, -14.72, -7.37 	-0.20, 1.29, -6.65 	-8.55, 23.49 	13,23,7,328		0.00,7.22	1000,1 	0
1059    	29.98, -14.72, -7.37 	-0.15, 1.31, -6.65 	-8.55, 23.49 	13,23,7,338		0.00,5.82	1000,1 	0
1068    	29.98, -14.75, -7.36 	-0.21, 1.29, -6.65 	-8.55, 23.49 	13,23,7,348		3.71,6.81	1000,1 	0
1076    	29.98, -14.75, -7.36 	-0.18, 1.29, -6.64 	-8.55, 23.49 	13,23,7,357		0.00,3.61	1000,1 	0
1085    	29.95, -14.74, -7.36 	-0.19, 1.30, -6.64 	-8.55, 23.49 	13,23,7,367		4.44,1.61	1000,1 	0
1094    	29.92, -14.78, -7.36 	-0.23, 1.29, -6.64 	-8.55, 23.49 	13,23,7,377		5.72,4.42	1000,1 	0
1102    	29.95, -14.75, -7.36 	-0.21, 1.28, -6.64 	-8.55, 23.49 	13,23,7,386		5.39,2.77	1000,1 	0
1111    	29.98, -14.74, -7.38 	-0.22, 1.30, -6.64 	-8.55, 23.49 	13,23,7,396		3.42,2.62	1000,1 	0
1120    	29.97, -14.74, -7.38 	-0.20, 1.32, -6.66 	-8.55, 23.49 	13,23,7,406		1.07,3.17	1000,1 	0
1128    	29.98, -14.74, -7.38 	-0.20, 1.30, -6.66 	-8.55, 23.49 	13,23,7,415		1.20,2.67	1000,1 	0
1137    	29.99, -14.71, -7.37 	-0.22, 1.30, -6.65 	-8.55, 23.49 	13,23,7,425		4.15,2.14	1000,1 	0
1146    	29.99, -14.72, -7.37 	-0.21, 1.30, -6.65 	-8.55, 23.49 	13,23,7,435		1.18,1.07	1000,1 	0
1155    	29.93, -14.73, -7.37 	-0.20, 1.30, -6.65 	-8.55, 23.49 	13,23,7,445		7.59,1.07	1000,1 	0
1163    	29.93, -14.73, -7.37 	-0.19, 1.32, -6.64 	-8.55, 23.49 	13,23,7,454		0.00,2.91	1000,1 	0
1172    	29.93, -14.74, -7.37 	-0.23, 1.32, -6.66 	-8.55, 23.49 	13,23,7,464		1.18,4.28	1000,1 	0
1181    	29.88, -14.76, -7.37 	-0.21, 1.33, -6.65 	-8.55, 23.49 	13,23,7,474		5.85,2.43	1000,1 	0
1189    	29.91, -14.74, -7.37 	-0.23, 1.35, -6.67 	-8.55, 23.49 	13,23,7,483		4.49,3.62	1000,1 	0
1198    	29.91, -14.74, -7.37 	-0.21, 1.35, -6.66 	-8.55, 23.49 	13,23,7,493		0.00,2.14	1000,1 	0
1207    	29.91, -14.74, -7.37 	-0.25, 1.36, -6.67 	-8.55, 23.49 	13,23,7,503		0.00,4.46	1000,1 	0
1215    	29.91, -14.75, -7.37 	-0.23, 1.37, -6.68 	-8.55, 23.49 	13,23,7,512		1.33,2.73	1000,1 	0
1224    	29.91, -14.74, -7.37 	-0.22, 1.37, -6.68 	-8.55, 23.49 	13,23,7,522		1.18,1.07	1000,1 	0
1233    	29.94, -14.71, -7.38 	-0.24, 1.36, -6.68 	-8.55, 23.49 	13,23,7,532		4.79,2.43	1000,1 	0
1241    	29.94, -14.71, -7.37 	-0.24, 1.37, -6.68 	-8.55, 23.49 	13,23,7,541		0.00,1.34	1000,1 	0
1250    	29.93, -14.71, -7.36 	-0.24, 1.39, -6.67 	-8.55, 23.49 	13,23,7,551		1.07,2.38	1000,1 	0
1259    	29.89, -14.69, -7.38 	-0.26, 1.38, -6.67 	-8.55, 23.49 	13,23,7,561		4.89,2.43	1000,1 	0
1267    	29.89, -14.70, -7.38 	-0.26, 1.39, -6.67 	-8.55, 23.49 	13,23,7,570		1.33,1.34	1000,1 	0
1276    	29.92, -14.66, -7.38 	-0.23, 1.39, -6.67 	-8.55, 23.49 	13,23,7,580		4.79,3.21	1000,1 	0
1285    	29.93, -14.66, -7.38 	-0.23, 1.42, -6.68 	-8.55, 23.49 	13,23,7,590		1.07,2.38	1000,1 	0
1293    	29.87, -14.68, -7.36 	-0.26, 1.40, -6.68 	-8.55, 23.49 	13,23,7,599		7.35,3.83	1000,1 	0
1302    	29.86, -14.69, -7.37 	-0.29, 1.44, -6.68 	-8.55, 23.49 	13,23,7,609		1.60,4.83	1000,1 	0
1311    	29.86, -14.69, -7.37 	-0.28, 1.43, -6.68 	-8.55, 23.49 	13,23,7,619		0.00,1.61	1000,1 	0
1319    	29.86, -14.69, -7.37 	-0.30, 1.42, -6.69 	-8.55, 23.49 	13,23,7,628		0.00,2.73	1000,1 	0
1328    	29.86, -14.69, -7.37 	-0.31, 1.41, -6.66 	-8.55, 23.49 	13,23,7,638		0.00,1.59	1000,1 	0
1337    	29.86, -14.69, -7.37 	-0.31, 1.43, -6.66 	-8.55, 23.49 	13,23,7,648		0.00,2.38	1000,1 	0
1346    	29.86, -14.69, -7.37 	-0.31, 1.42, -6.68 	-8.55, 23.49 	13,23,7,658		0.00,1.19	1000,1 	0
1354    	29.87, -14.70, -7.38 	-0.33, 1.43, -6.68 	-8.55, 23.49 	13,23,7,667		1.79,2.77	1000,1 	0
1363    	29.88, -14.73, -7.37 	-0.31, 1.44, -6.68 	-8.55, 23.49 	13,23,7,677		3.71,2.43	1000,1 	0
1372    	29.87, -14.71, -7.39 	-0.33, 1.44, -6.67 	-8.55, 23.49 	13,23,7,687		2.60,2.14	1000,1 	0
1380    	29.78, -14.72, -7.39 	-0.37, 1.44, -6.68 	-8.55, 23.49 	13,23,7,696		10.92,4.81	1000,1 	0
1389    	29.78, -14.70, -7.43 	-0.34, 1.46, -6.68 	-8.55, 23.49 	13,23,7,706		2.37,3.96	1000,1 	0
1398    	29.84, -14.63, -7.42 	-0.39, 1.44, -6.67 	-8.55, 23.49 	13,23,7,716		9.58,5.82	1000,1 	0
1406    	29.85, -14.64, -7.40 	-0.38, 1.43, -6.65 	-8.55, 23.49 	13,23,7,725		1.80,1.81	1000,1 	0
1415    	29.85, -14.61, -7.43 	-0.40, 1.44, -6.63 	-8.55, 23.49 	13,23,7,735		3.55,2.46	1000,1 	0
1424    	29.84, -14.59, -7.44 	-0.43, 1.45, -6.64 	-8.55, 23.49 	13,23,7,745		2.60,4.46	1000,1 	0
1432    	29.80, -14.59, -7.47 	-0.40, 1.46, -6.64 	-8.55, 23.49 	13,23,7,754		4.82,4.97	1000,1 	0
1441    	29.73, -14.62, -7.45 	-0.46, 1.48, -6.65 	-8.55, 23.49 	13,23,7,764		8.29,7.89	1000,1 	0
1450    	29.76, -14.57, -7.47 	-0.42, 1.50, -6.64 	-8.55, 23.49 	13,23,7,774		6.74,4.86	1000,1 	0
1458    	29.73, -14.56, -7.48 	-0.44, 1.55, -6.67 	-8.55, 23.49 	13,23,7,783		5.00,5.90	1000,1 	0
1467    	29.71, -14.50, -7.51 	-0.43, 1.57, -6.68 	-8.55, 23.49 	13,23,7,793		6.29,3.17	1000,1 	0
1476    	29.66, -14.45, -7.55 	-0.40, 1.62, -6.73 	-8.55, 23.49 	13,23,7,803		7.98,6.71	1000,1 	0
1484    	29.73, -14.42, -7.55 	-0.39, 1.59, -6.70 	-8.55, 23.49 	13,23,7,812		9.33,4.20	1000,1 	0
1493    	29.67, -14.30, -7.58 	-0.40, 1.59, -6.71 	-8.55, 23.49 	13,23,7,822		14.52,1.07	1000,1 	0
1502    	29.58, -14.17, -7.64 	-0.37, 1.59, -6.71 	-8.55, 23.49 	13,23,7,832		17.16,3.21	1000,1 	0
1510    	29.58, -14.12, -7.66 	-0.35, 1.56, -6.73 	-8.55, 23.49 	13,23,7,841		6.66,4.71	1000,1 	0
1519    	29.47, -13.85, -7.77 	-0.35, 1.57, -6.75 	-8.55, 23.49 	13,23,7,851		32.25,1.19	1000,1 	0
1528    	29.26, -13.63, -7.87 	-0.41, 1.58, -6.81 	-8.55, 23.49 	13,23,7,861		33.50,6.54	1000,1 	0
1537    	29.17, -13.39, -8.03 	-0.48, 1.67, -6.92 	-8.55, 23.49 	13,23,7,871		29.25,13.79	1000,1 	0
1545    	28.99, -13.04, -8.20 	-0.49, 1.76, -6.97 	-8.55, 23.49 	13,23,7,880		47.80,10.78	1000,1 	0
1553    	28.92, -12.63, -8.38 	-0.50, 1.83, -7.05 	-8.55, 23.49 	13,23,7,889		52.82,9.45	1000,1 	0
1563    	28.73, -12.26, -8.58 	-0.55, 1.90, -7.12 	-8.55, 23.49 	13,23,7,900		41.96,8.08	1000,1 	0
1571    	28.48, -12.14, -8.66 	-0.59, 1.93, -7.18 	-8.55, 23.49 	13,23,7,909		34.56,6.31	1000,1 	0
1580    	28.28, -12.02, -8.75 	-0.67, 1.95, -7.24 	-8.55, 23.49 	13,23,7,919		25.05,8.91	1000,1 	0
1589    	28.21, -11.93, -8.78 	-0.78, 1.99, -7.29 	-8.55, 23.49 	13,23,7,929		13.66,13.37	1000,1 	0
1597    	28.17, -11.65, -8.85 	-0.97, 2.07, -7.42 	-8.55, 23.49 	13,23,7,938		34.96,25.38	1000,1 	0
1606    	28.02, -11.51, -8.98 	-1.28, 2.20, -7.58 	-8.55, 23.49 	13,23,7,948		22.23,37.27	1000,1 	0
1615    	27.82, -11.28, -9.06 	-1.72, 2.39, -7.82 	-8.55, 23.49 	13,23,7,958		34.39,53.46	1000,1 	0
1623    	27.66, -11.03, -9.16 	-2.08, 2.61, -8.08 	-8.55, 23.49 	13,23,7,967		36.83,52.27	1000,1 	0
1632    	27.49, -10.77, -9.23 	-2.35, 2.73, -8.21 	-8.55, 23.49 	13,23,7,977		34.32,32.85	1000,1 	0
1641    	27.43, -10.49, -9.33 	-2.59, 2.79, -8.36 	-8.55, 23.49 	13,23,7,987		32.60,27.77	1000,1 	0
1649    	27.25, -10.21, -9.37 	-2.70, 2.88, -8.49 	-8.55, 23.49 	13,23,7,996		41.49,17.14	1000,1 	0
1658    	27.23, -9.87, -9.49 	-2.76, 3.02, -8.64 	-8.55, 23.49 	13,23,8,6		37.94,17.26	1000,1 	0
1667    	27.22, -9.51, -9.58 	-2.91, 3.09, -8.77 	-8.55, 23.49 	13,23,8,16		40.26,18.18	1000,1 	0
1675    	27.08, -9.24, -9.64 	-3.15, 3.14, -8.85 	-8.55, 23.49 	13,23,8,25		37.31,30.63	1000,1 	0
1684    	26.90, -9.21, -9.63 	-3.46, 3.13, -8.91 	-8.55, 23.49 	13,23,8,35		20.64,34.22	1000,1 	0
1693    	26.57, -9.29, -9.63 	-3.77, 3.21, -9.00 	-8.55, 23.49 	13,23,8,45		37.61,35.34	1000,1 	0
1701    	26.39, -9.22, -9.66 	-3.95, 3.32, -9.14 	-8.55, 23.49 	13,23,8,54		24.70,26.65	1000,1 	0
1710    	26.22, -8.94, -9.70 	-4.14, 3.48, -9.30 	-8.55, 23.49 	13,23,8,64		36.30,28.04	1000,1 	0
1719    	26.00, -8.61, -9.78 	-4.33, 3.63, -9.43 	-8.55, 23.49 	13,23,8,74		43.59,26.45	1000,1 	0
1728    	25.82, -8.34, -9.79 	-4.59, 3.81, -9.55 	-8.55, 23.49 	13,23,8,84		35.90,35.48	1000,1 	0
1736    	25.64, -8.15, -9.81 	-4.75, 3.95, -9.65 	-8.55, 23.49 	13,23,8,93		33.13,27.03	1000,1 	0
1745    	25.60, -7.88, -9.80 	-4.90, 4.06, -9.74 	-8.55, 23.49 	13,23,8,103		31.07,20.10	1000,1 	0
1754    	25.49, -7.62, -9.83 	-5.14, 4.18, -9.80 	-8.55, 23.49 	13,23,8,113		31.17,29.93	1000,1 	0
1762    	25.34, -7.35, -9.84 	-5.39, 4.30, -9.85 	-8.55, 23.49 	13,23,8,122		37.87,34.76	1000,1 	0
1771    	25.26, -7.19, -9.83 	-5.66, 4.37, -9.91 	-8.55, 23.49 	13,23,8,132		19.71,30.88	1000,1 	0
1780    	25.03, -7.10, -9.84 	-5.89, 4.46, -9.94 	-8.55, 23.49 	13,23,8,142		27.80,27.50	1000,1 	0
1788    	24.92, -6.92, -9.82 	-6.08, 4.53, -9.97 	-8.55, 23.49 	13,23,8,151		26.85,25.95	1000,1 	0
1797    	24.65, -6.89, -9.80 	-6.29, 4.67, -10.04 	-8.55, 23.49 	13,23,8,161		30.06,27.45	1000,1 	0
1806    	24.46, -6.82, -9.82 	-6.47, 4.77, -10.09 	-8.55, 23.49 	13,23,8,171		22.95,23.10	1000,1 	0
1814    	24.29, -6.66, -9.82 	-6.65, 4.89, -10.13 	-8.55, 23.49 	13,23,8,180		28.59,26.36	1000,1 	0
1823    	24.14, -6.36, -9.86 	-6.82, 5.01, -10.16 	-8.55, 23.49 	13,23,8,190		37.30,23.43	1000,1 	0
1832    	24.00, -6.15, -9.83 	-6.95, 5.20, -10.21 	-8.55, 23.49 	13,23,8,200		28.01,25.68	1000,1 	0
1840    	23.92, -5.96, -9.79 	-7.07, 5.42, -10.25 	-8.55, 23.49 	13,23,8,209		26.30,31.17	1000,1 	0
1849    	23.78, -5.81, -9.73 	-7.23, 5.57, -10.26 	-8.55, 23.49 	13,23,8,219		22.34,24.04	1000,1 	0
1858    	23.73, -5.62, -9.70 	-7.40, 5.76, -10.27 	-8.55, 23.49 	13,23,8,229		22.25,28.99	1000,1 	0
1866    	23.61, -5.42, -9.63 	-7.57, 5.93, -10.25 	-8.55, 23.49 	13,23,8,238		27.98,29.81	1000,1 	0
1875    	23.47, -5.30, -9.59 	-7.70, 6.19, -10.25 	-8.55, 23.49 	13,23,8,248		21.43,32.40	1000,1 	0
1884    	23.29, -5.31, -9.53 	-7.89, 6.42, -10.25 	-8.55, 23.49 	13,23,8,258		19.30,32.41	1000,1 	0
1893    	23.12, -5.25, -9.51 	-8.04, 6.62, -10.22 	-8.55, 23.49 	13,23,8,268		20.15,28.53	1000,1 	0
1901    	22.97, -5.11, -9.49 	-8.22, 6.88, -10.23 	-8.55, 23.49 	13,23,8,277		25.01,38.97	1000,1 	0
1910    	22.83, -4.92, -9.41 	-8.36, 7.15, -10.18 	-8.55, 23.49 	13,23,8,287		26.67,33.97	1000,1 	0
1919    	22.70, -4.74, -9.40 	-8.50, 7.40, -10.16 	-8.55, 23.49 	13,23,8,297		25.08,31.35	1000,1 	0
1928    	22.59, -4.57, -9.36 	-8.57, 7.63, -10.13 	-8.55, 23.49 	13,23,8,306		22.30,27.29	1000,1 	0
1936    	22.58, -4.40, -9.35 	-8.67, 7.87, -10.10 	-8.55, 23.49 	13,23,8,315		21.34,31.94	1000,1 	0
1946    	22.46, -4.29, -9.31 	-8.76, 8.08, -10.05 	-8.55, 23.49 	13,23,8,326		15.72,23.19	1000,1 	0
1954    	22.39, -4.23, -9.25 	-8.97, 8.36, -9.98 	-8.55, 23.49 	13,23,8,335		12.51,44.00	1000,1 	0
1963    	22.26, -4.16, -9.22 	-9.14, 8.63, -9.93 	-8.55, 23.49 	13,23,8,345		16.19,35.64	1000,1 	0
1972    	22.19, -4.13, -9.20 	-9.21, 8.97, -9.92 	-8.55, 23.49 	13,23,8,355		8.88,38.86	1000,1 	0
1980    	22.04, -4.08, -9.19 	-9.25, 9.26, -9.89 	-8.55, 23.49 	13,23,8,364		19.25,36.48	1000,1 	0
1989    	21.92, -4.07, -9.13 	-9.31, 9.50, -9.82 	-8.55, 23.49 	13,23,8,374		13.96,27.01	1000,1 	0
1998    	21.81, -4.00, -9.11 	-9.34, 9.77, -9.78 	-8.55, 23.49 	13,23,8,384		14.39,29.92	1000,1 	0
2006    	21.70, -3.90, -9.10 	-9.42, 10.05, -9.75 	-8.55, 23.49 	13,23,8,393		17.86,37.49	1000,1 	0
2015    	21.68, -3.85, -9.10 	-9.47, 10.32, -9.69 	-8.55, 23.49 	13,23,8,403		6.29,30.26	1000,1 	0
2024    	21.69, -3.76, -9.09 	-9.55, 10.58, -9.61 	-8.55, 23.49 	13,23,8,413		9.47,29.89	1000,1 	0
2032    	21.70, -3.72, -9.11 	-9.62, 10.82, -9.52 	-8.55, 23.49 	13,23,8,422		5.85,30.71	1000,1 	0
2041    	21.69, -3.68, -9.09 	-9.61, 11.04, -9.41 	-8.55, 23.49 	13,23,8,432		5.20,24.95	1000,1 	0
2050    	21.67, -3.64, -9.08 	-9.57, 11.25, -9.28 	-8.55, 23.49 	13,23,8,442		4.15,24.27	1000,1 	0
2058    	21.67, -3.58, -9.07 	-9.49, 11.49, -9.17 	-8.55, 23.49 	13,23,8,451		7.99,30.80	1000,1 	0
2067    	21.61, -3.57, -9.05 	-9.43, 11.71, -9.06 	-8.55, 23.49 	13,23,8,461		6.53,25.94	1000,1 	0
2076    	21.58, -3.55, -9.04 	-9.32, 12.03, -9.02 	-8.55, 23.49 	13,23,8,471		3.99,37.36	1000,1 	0
2085    	21.53, -3.54, -9.04 	-9.22, 12.31, -8.97 	-8.55, 23.49 	13,23,8,481		5.48,32.88	1000,1 	0
2093    	21.49, -3.49, -9.05 	-9.19, 12.53, -8.94 	-8.55, 23.49 	13,23,8,490		7.18,28.24	1000,1 	0
2102    	21.50, -3.46, -9.05 	-9.21, 12.68, -8.86 	-8.55, 23.49 	13,23,8,500		3.71,16.80	1000,1 	0
2111    	21.47, -3.41, -9.04 	-9.25, 12.85, -8.80 	-8.55, 23.49 	13,23,8,510		6.73,19.55	1000,1 	0
2119    	21.41, -3.41, -9.04 	-9.19, 13.01, -8.77 	-8.55, 23.49 	13,23,8,519		8.43,21.20	1000,1 	0
2128    	21.44, -3.36, -9.03 	-9.16, 13.22, -8.78 	-8.55, 23.49 	13,23,8,529		6.74,22.91	1000,1 	0
2137    	21.44, -3.34, -9.04 	-9.15, 13.43, -8.76 	-8.55, 23.49 	13,23,8,539		1.18,23.77	1000,1 	0
2145    	21.40, -3.31, -9.03 	-9.17, 13.69, -8.75 	-8.55, 23.49 	13,23,8,548		6.26,32.20	1000,1 	0
2154    	21.37, -3.26, -9.02 	-9.17, 13.91, -8.73 	-8.55, 23.49 	13,23,8,558		6.73,24.95	1000,1 	0
2163    	21.30, -3.20, -9.01 	-9.14, 14.14, -8.71 	-8.55, 23.49 	13,23,8,568		10.32,25.10	1000,1 	0
2171    	21.30, -3.15, -9.00 	-9.10, 14.37, -8.72 	-8.55, 23.49 	13,23,8,577		5.33,29.92	1000,1 	0
2180    	21.28, -3.10, -9.00 	-9.04, 14.67, -8.74 	-8.55, 23.49 	13,23,8,587		6.29,33.78	1000,1 	0
2189    	21.25, -3.06, -9.00 	-9.04, 15.00, -8.75 	-8.55, 23.49 	13,23,8,597		5.72,36.83	1000,1 	0
2197    	21.22, -2.96, -9.01 	-9.04, 15.29, -8.75 	-8.55, 23.49 	13,23,8,606		12.52,36.09	1000,1 	0
2206    	21.22, -2.87, -9.01 	-8.99, 15.55, -8.74 	-8.55, 23.49 	13,23,8,616		10.65,28.93	1000,1 	0
2215    	21.21, -2.75, -9.00 	-9.00, 15.82, -8.73 	-8.55, 23.49 	13,23,8,626		13.07,30.92	1000,1 	0
2223    	21.18, -2.65, -9.00 	-9.05, 16.07, -8.69 	-8.55, 23.49 	13,23,8,635		12.91,31.41	1000,1 	0
2232    	21.14, -2.59, -8.98 	-9.12, 16.35, -8.70 	-8.55, 23.49 	13,23,8,645		8.29,31.89	1000,1 	0
2241    	21.12, -2.52, -8.99 	-9.11, 16.65, -8.72 	-8.55, 23.49 	13,23,8,655		7.42,33.26	1000,1 	0
2249    	21.10, -2.48, -8.99 	-9.12, 16.94, -8.74 	-8.55, 23.49 	13,23,8,664		5.84,36.08	1000,1 	0
2258    	21.04, -2.45, -8.98 	-9.11, 17.26, -8.74 	-8.55, 23.49 	13,23,8,674		7.34,35.64	1000,1 	0
2267    	20.96, -2.46, -8.97 	-9.09, 17.55, -8.74 	-8.55, 23.49 	13,23,8,684		8.65,32.11	1000,1 	0
2276    	20.94, -2.45, -8.96 	-9.05, 17.81, -8.72 	-8.55, 23.49 	13,23,8,694		3.42,29.94	1000,1 	0
2284    	20.93, -2.35, -8.98 	-9.04, 18.06, -8.70 	-8.55, 23.49 	13,23,8,703		12.05,30.80	1000,1 	0
2293    	20.95, -2.26, -8.97 	-9.05, 18.28, -8.67 	-8.55, 23.49 	13,23,8,713		10.87,24.99	1000,1 	0
2302    	20.95, -2.20, -8.96 	-9.07, 18.47, -8.62 	-8.55, 23.49 	13,23,8,723		6.02,20.34	1000,1 	0
2310    	20.89, -2.20, -8.97 	-9.03, 18.64, -8.57 	-8.55, 23.49 	13,23,8,732		8.43,21.85	1000,1 	0
2319    	20.90, -2.16, -8.96 	-8.97, 18.82, -8.52 	-8.55, 23.49 	13,23,8,742		4.86,21.10	1000,1 	0
2328    	20.89, -2.10, -8.98 	-8.91, 18.98, -8.46 	-8.55, 23.49 	13,23,8,752		7.18,19.22	1000,1 	0
2336    	20.91, -2.07, -8.96 	-8.87, 19.10, -8.40 	-8.55, 23.49 	13,23,8,761		4.67,16.67	1000,1 	0
2345    	20.84, -2.07, -8.96 	-8.83, 19.21, -8.34 	-8.55, 23.49 	13,23,8,771		7.49,12.56	1000,1 	0
2354    	20.81, -2.04, -8.97 	-8.78, 19.32, -8.28 	-8.55, 23.49 	13,23,8,781		3.99,13.42	1000,1 	0
2362    	20.84, -1.99, -8.97 	-8.69, 19.43, -8.23 	-8.55, 23.49 	13,23,8,790		7.58,18.12	1000,1 	0
2371    	20.83, -1.99, -8.96 	-8.62, 19.51, -8.15 	-8.55, 23.49 	13,23,8,800		1.07,11.10	1000,1 	0
2380    	20.85, -1.95, -8.96 	-8.60, 19.57, -8.07 	-8.55, 23.49 	13,23,8,810		5.20,7.77	1000,1 	0
2388    	20.82, -1.93, -8.98 	-8.56, 19.66, -8.01 	-8.55, 23.49 	13,23,8,819		4.49,11.66	1000,1 	0
2397    	20.85, -1.91, -8.99 	-8.49, 19.74, -7.95 	-8.55, 23.49 	13,23,8,829		3.99,12.01	1000,1 	0
2406    	20.85, -1.92, -8.98 	-8.44, 19.81, -7.89 	-8.55, 23.49 	13,23,8,839		1.18,8.85	1000,1 	0
2414    	20.84, -1.91, -8.96 	-8.44, 19.85, -7.82 	-8.55, 23.49 	13,23,8,848		1.80,5.35	1000,1 	0
2423    	20.81, -1.91, -8.96 	-8.42, 19.90, -7.75 	-8.55, 23.49 	13,23,8,858		3.21,6.28	1000,1 	0
2432    	20.81, -1.93, -8.96 	-8.37, 19.96, -7.69 	-8.55, 23.49 	13,23,8,868		2.37,8.68	1000,1 	0
2440    	20.79, -1.94, -8.96 	-8.31, 20.03, -7.65 	-8.55, 23.49 	13,23,8,877		2.75,11.73	1000,1 	0
2449    	20.78, -1.93, -8.96 	-8.28, 20.09, -7.59 	-8.55, 23.49 	13,23,8,887		1.60,7.77	1000,1 	0
2458    	20.76, -1.93, -8.95 	-8.28, 20.16, -7.55 	-8.55, 23.49 	13,23,8,897		2.14,7.13	1000,1 	0
2467    	20.74, -1.92, -8.95 	-8.22, 20.22, -7.50 	-8.55, 23.49 	13,23,8,907		2.45,9.52	1000,1 	0
2475    	20.78, -1.88, -8.95 	-8.19, 20.30, -7.46 	-8.55, 23.49 	13,23,8,916		6.26,10.46	1000,1 	0
2484    	20.77, -1.87, -8.95 	-8.17, 20.34, -7.40 	-8.55, 23.49 	13,23,8,926		1.60,5.18	1000,1 	0
2493    	20.76, -1.87, -8.94 	-8.15, 20.38, -7.35 	-8.55, 23.49 	13,23,8,936		1.07,5.18	1000,1 	0
2501    	20.73, -1.91, -8.93 	-8.14, 20.46, -7.32 	-8.55, 23.49 	13,23,8,945		5.39,9.41	1000,1 	0
2509    	20.71, -1.90, -8.94 	-8.13, 20.54, -7.31 	-8.55, 23.49 	13,23,8,954		2.75,10.74	1000,1 	0
2519    	20.72, -1.90, -8.93 	-8.11, 20.63, -7.30 	-8.55, 23.49 	13,23,8,965		0.96,8.74	1000,1 	0
2527    	20.71, -1.88, -8.93 	-8.10, 20.69, -7.30 	-8.55, 23.49 	13,23,8,974		1.79,8.09	1000,1 	0
2536    	20.72, -1.86, -8.93 	-8.12, 20.77, -7.30 	-8.55, 23.49 	13,23,8,984		2.60,8.62	1000,1 	0
2545    	20.70, -1.83, -8.94 	-8.14, 20.84, -7.29 	-8.55, 23.49 	13,23,8,994		4.15,8.62	1000,1 	0
2553    	20.67, -1.81, -8.94 	-8.13, 20.92, -7.29 	-8.55, 23.49 	13,23,9,3		5.50,9.41	1000,1 	0
2562    	20.68, -1.78, -8.93 	-8.14, 21.02, -7.29 	-8.55, 23.49 	13,23,9,13		3.71,11.94	1000,1 	0
2571    	20.66, -1.79, -8.93 	-8.13, 21.13, -7.30 	-8.55, 23.49 	13,23,9,23		2.45,11.91	1000,1 	0
2579    	20.65, -1.79, -8.93 	-8.14, 21.25, -7.32 	-8.55, 23.49 	13,23,9,32		1.20,14.77	1000,1 	0
2588    	20.65, -1.76, -8.92 	-8.14, 21.37, -7.33 	-8.55, 23.49 	13,23,9,42		3.55,13.09	1000,1 	0
2597    	20.62, -1.74, -8.92 	-8.14, 21.47, -7.33 	-8.55, 23.49 	13,23,9,52		3.99,11.88	1000,1 	0
2605    	20.61, -1.72, -8.91 	-8.15, 21.57, -7.33 	-8.55, 23.49 	13,23,9,61		1.80,12.11	1000,1 	0
2614    	20.58, -1.72, -8.92 	-8.15, 21.66, -7.33 	-8.55, 23.49 	13,23,9,71		3.21,10.69	1000,1 	0
2623    	20.55, -1.72, -8.92 	-8.14, 21.77, -7.34 	-8.55, 23.49 	13,23,9,81		3.21,11.91	1000,1 	0
2631    	20.52, -1.68, -8.93 	-8.11, 21.86, -7.35 	-8.55, 23.49 	13,23,9,90		6.43,11.23	1000,1 	0
2640    	20.47, -1.66, -8.93 	-8.08, 21.94, -7.35 	-8.55, 23.49 	13,23,9,100		5.85,9.98	1000,1 	0
2649    	20.47, -1.64, -8.91 	-8.08, 22.01, -7.34 	-8.55, 23.49 	13,23,9,110		2.37,7.13	1000,1 	0
2658    	20.50, -1.61, -8.92 	-8.06, 22.08, -7.34 	-8.55, 23.49 	13,23,9,120		4.79,8.55	1000,1 	0
2666    	20.45, -1.60, -8.93 	-8.07, 22.16, -7.33 	-8.55, 23.49 	13,23,9,129		6.17,9.45	1000,1 	0
2675    	20.46, -1.57, -8.92 	-8.06, 22.21, -7.32 	-8.55, 23.49 	13,23,9,139		3.71,6.02	1000,1 	0
2684    	20.45, -1.60, -8.89 	-8.07, 22.27, -7.30 	-8.55, 23.49 	13,23,9,149		4.15,7.22	1000,1 	0
2692    	20.44, -1.58, -8.90 	-8.08, 22.34, -7.29 	-8.55, 23.49 	13,23,9,158		2.92,8.02	1000,1 	0
2700    	20.42, -1.58, -8.90 	-8.07, 22.41, -7.27 	-8.55, 23.49 	13,23,9,167		2.41,9.41	1000,1 	0
2710    	20.42, -1.59, -8.90 	-8.05, 22.49, -7.26 	-8.55, 23.49 	13,23,9,178		1.07,7.70	1000,1 	0
2718    	20.39, -1.60, -8.89 	-8.04, 22.58, -7.25 	-8.55, 23.49 	13,23,9,187		3.85,12.07	1000,1 	0
2727    	20.36, -1.57, -8.91 	-8.02, 22.68, -7.24 	-8.55, 23.49 	13,23,9,197		4.79,10.87	1000,1 	0
2736    	20.38, -1.53, -8.90 	-7.98, 22.78, -7.23 	-8.55, 23.49 	13,23,9,207		4.15,11.46	1000,1 	0
2744    	20.35, -1.51, -8.90 	-7.94, 22.88, -7.22 	-8.55, 23.49 	13,23,9,216		4.49,14.14	1000,1 	0
2753    	20.33, -1.51, -8.89 	-7.93, 22.97, -7.20 	-8.55, 23.49 	13,23,9,226		2.14,9.71	1000,1 	0
2762    	20.36, -1.47, -8.91 	-7.92, 23.05, -7.17 	-8.55, 23.49 	13,23,9,236		5.72,9.55	1000,1 	0
2770    	20.33, -1.47, -8.91 	-7.92, 23.14, -7.15 	-8.55, 23.49 	13,23,9,245		3.61,10.69	1000,1 	0
2779    	20.33, -1.46, -8.92 	-7.89, 23.26, -7.13 	-8.55, 23.49 	13,23,9,255		1.18,13.41	1000,1 	0
2788    	20.31, -1.44, -8.90 	-7.86, 23.37, -7.11 	-8.55, 23.49 	13,23,9,265		3.19,13.41	1000,1 	0
2796    	20.28, -1.45, -8.90 	-7.84, 23.47, -7.08 	-8.55, 23.49 	13,23,9,274		3.85,12.23	1000,1 	0
2805    	20.27, -1.45, -8.89 	-7.85, 23.58, -7.04 	-8.55, 23.49 	13,23,9,284		1.07,11.94	1000,1 	0
2814    	20.24, -1.42, -8.90 	-7.85, 23.64, -7.02 	-8.55, 23.49 	13,23,9,294		4.79,7.13	1000,1 	0
2822    	20.23, -1.41, -8.91 	-7.85, 23.69, -7.00 	-8.55, 23.49 	13,23,9,303		1.79,6.68	1000,1 	0
2831    	20.21, -1.41, -8.92 	-7.87, 23.75, -7.00 	-8.55, 23.49 	13,23,9,313		2.14,6.34	1000,1 	0
2840    	20.20, -1.38, -8.91 	-7.91, 23.80, -6.99 	-8.55, 23.49 	13,23,9,323		2.60,7.37	1000,1 	0
2849    	20.19, -1.37, -8.90 	-7.95, 23.85, -6.99 	-8.55, 23.49 	13,23,9,333		1.60,7.37	1000,1 	0
2857    	20.20, -1.37, -8.91 	-7.97, 23.93, -6.99 	-8.55, 23.49 	13,23,9,342		1.20,9.70	1000,1 	0
2866    	20.19, -1.43, -8.90 	-8.00, 23.99, -6.99 	-8.55, 23.49 	13,23,9,352		6.30,7.86	1000,1 	0
2875    	20.17, -1.41, -8.89 	-8.03, 24.04, -6.98 	-8.55, 23.49 	13,23,9,362		3.19,5.77	1000,1 	0
2883    	20.19, -1.41, -8.88 	-8.06, 24.06, -6.98 	-8.55, 23.49 	13,23,9,371		3.61,4.52	1000,1 	0
2891    	20.17, -1.42, -8.89 	-8.08, 24.10, -6.98 	-8.55, 23.49 	13,23,9,380		3.85,5.90	1000,1 	0
2901    	20.13, -1.38, -8.89 	-8.09, 24.11, -6.98 	-8.55, 23.49 	13,23,9,391		5.00,1.45	1000,1 	0
2909    	20.09, -1.37, -8.89 	-8.11, 24.13, -6.99 	-8.55, 23.49 	13,23,9,400		5.00,3.62	1000,1 	0
2918    	20.09, -1.37, -8.89 	-8.13, 24.14, -6.99 	-8.55, 23.49 	13,23,9,410		0.00,2.46	1000,1 	0
2927    	20.08, -1.34, -8.89 	-8.15, 24.16, -6.99 	-8.55, 23.49 	13,23,9,420		3.71,2.46	1000,1 	0
2935    	20.08, -1.33, -8.89 	-8.16, 24.13, -6.98 	-8.55, 23.49 	13,23,9,429		1.33,3.57	1000,1 	0
2944    	20.07, -1.29, -8.90 	-8.18, 24.15, -6.98 	-8.55, 23.49 	13,23,9,439		4.85,2.46	1000,1 	0
2953    	20.08, -1.29, -8.90 	-8.19, 24.13, -6.98 	-8.55, 23.49 	13,23,9,449		1.07,1.59	1000,1 	0
2961    	20.06, -1.30, -8.89 	-8.21, 24.13, -6.97 	-8.55, 23.49 	13,23,9,458		2.75,2.41	1000,1 	0
2970    	20.04, -1.31, -8.89 	-8.23, 24.14, -6.97 	-8.55, 23.49 	13,23,9,468		2.45,2.14	1000,1 	0
2979    	20.01, -1.29, -8.88 	-8.24, 24.15, -6.97 	-8.55, 23.49 	13,23,9,478		3.99,1.61	1000,1 	0
2987    	20.00, -1.30, -8.89 	-8.24, 24.14, -6.96 	-8.55, 23.49 	13,23,9,487		1.80,1.34	1000,1 	0
2996    	19.97, -1.29, -8.90 	-8.25, 24.14, -6.96 	-8.55, 23.49 	13,23,9,497		3.42,1.07	1000,1 	0
3005    	19.95, -1.28, -8.90 	-8.25, 24.15, -6.97 	-8.55, 23.49 	13,23,9,507		2.45,1.19	1000,1 	0
3013    	19.93, -1.29, -8.89 	-8.25, 24.15, -6.97 	-8.55, 23.49 	13,23,9,516		2.75,0.00	1000,1 	0
3022    	19.93, -1.27, -8.90 	-8.26, 24.14, -6.97 	-8.55, 23.49 	13,23,9,526		2.60,1.59	1000,1 	0
3031    	19.93, -1.29, -8.91 	-8.27, 24.15, -6.97 	-8.55, 23.49 	13,23,9,536		2.60,1.61	1000,1 	0
3040    	19.93, -1.30, -8.90 	-8.29, 24.15, -6.96 	-8.55, 23.49 	13,23,9,546		1.18,2.14	1000,1 	0
3048    	19.94, -1.31, -8.91 	-8.29, 24.14, -6.96 	-8.55, 23.49 	13,23,9,555		1.80,1.34	1000,1 	0
3057    	19.95, -1.31, -8.91 	-8.31, 24.14, -6.96 	-8.55, 23.49 	13,23,9,565		1.07,2.14	1000,1 	0
3066    	19.93, -1.32, -8.91 	-8.31, 24.14, -6.96 	-8.55, 23.49 	13,23,9,575		2.45,0.00	1000,1 	0
3074    	19.92, -1.31, -8.90 	-8.32, 24.14, -6.96 	-8.55, 23.49 	13,23,9,584		2.75,1.20	1000,1 	0
3082    	19.92, -1.31, -8.90 	-8.33, 24.14, -6.96 	-8.55, 23.49 	13,23,9,593		0.00,1.20	1000,1 	0
3092    	19.90, -1.32, -8.91 	-8.33, 24.14, -6.97 	-8.55, 23.49 	13,23,9,604		2.20,0.00	1000,1 	0
3100    	19.88, -1.30, -8.92 	-8.31, 24.14, -6.97 	-8.55, 23.49 	13,23,9,613		3.59,2.41	1000,1 	0
3109    	19.90, -1.30, -8.92 	-8.32, 24.14, -6.97 	-8.55, 23.49 	13,23,9,623		2.14,1.07	1000,1 	0
3118    	19.90, -1.27, -8.91 	-8.32, 24.13, -6.96 	-8.55, 23.49 	13,23,9,633		3.55,1.19	1000,1 	0
3126    	19.92, -1.28, -8.92 	-8.33, 24.11, -6.96 	-8.55, 23.49 	13,23,9,642		2.75,1.78	1000,1 	0
3135    	19.90, -1.30, -8.93 	-8.33, 24.11, -6.96 	-8.55, 23.49 	13,23,9,652		3.19,0.00	1000,1 	0
3144    	19.92, -1.32, -8.92 	-8.35, 24.11, -6.96 	-8.55, 23.49 	13,23,9,662		3.19,2.14	1000,1 	0
3152    	19.90, -1.37, -8.92 	-8.35, 24.11, -6.96 	-8.55, 23.49 	13,23,9,671		7.08,0.00	1000,1 	0
3161    	19.87, -1.37, -8.91 	-8.34, 24.11, -6.96 	-8.55, 23.49 	13,23,9,681		3.21,1.07	1000,1 	0
3169    	19.87, -1.37, -8.92 	-8.34, 24.11, -6.96 	0.00, -0.00 	13,23,9,700		0.00,0.00	1000,1 	0
3178    	19.86, -1.38, -8.92 	-8.34, 24.11, -6.97 	0.00, -0.00 	13,23,9,710		0.85,0.00	1000,1 	0
3187    	19.86, -1.36, -8.91 	-8.34, 24.11, -6.97 	0.00, -0.00 	13,23,9,720		1.25,0.00	1000,1 	0
3195    	19.86, -1.38, -8.91 	-8.33, 24.11, -6.97 	0.00, -0.00 	13,23,9,729		1.25,0.57	1000,1 	0
3204    	19.90, -1.37, -8.92 	-8.33, 24.10, -6.97 	0.00, -0.00 	13,23,9,739		2.35,0.63	1000,1 	0
3213    	19.88, -1.39, -8.93 	-8.34, 24.11, -6.97 	0.00, -0.00 	13,23,9,749		1.69,0.85	1000,1 	0
3222    	19.90, -1.42, -8.91 	-8.33, 24.11, -6.97 	0.00, -0.00 	13,23,9,759		1.69,0.57	1000,1 	0
3230    	19.89, -1.43, -8.91 	-8.33, 24.11, -6.96 	0.00, -0.00 	13,23,9,768		0.85,0.00	1000,1 	0
3239    	19.90, -1.44, -8.91 	-8.32, 24.11, -6.96 	0.00, -0.00 	13,23,9,778		0.84,0.57	1000,1 	0
3248    	19.89, -1.44, -8.92 	-8.33, 24.11, -6.96 	0.00, -0.00 	13,23,9,788		0.57,0.57	1000,1 	0
3256    	19.87, -1.44, -8.92 	-8.33, 24.11, -6.96 	0.00, -0.00 	13,23,9,797		1.13,0.00	1000,1 	0
3264    	19.89, -1.43, -8.93 	-8.34, 24.11, -6.97 	0.00, -0.00 	13,23,9,806		1.30,0.57	1000,1 	0
3274    	19.88, -1.43, -8.94 	-8.34, 24.10, -6.97 	0.00, -0.00 	13,23,9,817		0.54,0.59	1000,1 	0
3282    	19.88, -1.44, -8.93 	-8.34, 24.10, -6.96 	0.00, -0.00 	13,23,9,826		0.63,0.00	1000,1 	0
3291    	19.89, -1.45, -8.93 	-8.34, 24.09, -6.96 	0.00, -0.00 	13,23,9,836		0.84,0.63	1000,1 	0
3300    	19.90, -1.44, -8.93 	-8.35, 24.09, -6.96 	0.00, -0.00 	13,23,9,846		0.85,0.57	1000,1 	0
3308    	19.90, -1.45, -8.92 	-8.34, 24.09, -6.96 	0.00, -0.00 	13,23,9,855		0.63,0.57	1000,1 	0
3317    	19.91, -1.47, -8.93 	-8.33, 24.08, -6.96 	0.00, -0.00 	13,23,9,865		1.30,0.81	1000,1 	0
3326    	19.90, -1.50, -8.92 	-8.32, 24.07, -6.95 	0.00, -0.00 	13,23,9,875		1.96,0.85	1000,1 	0
3334    	19.90, -1.50, -8.93 	-8.32, 24.07, -6.96 	0.00, -0.00 	13,23,9,884		0.00,0.00	1000,1 	0
3343    	19.87, -1.51, -8.91 	-8.32, 24.07, -6.95 	0.00, -0.00 	13,23,9,894		1.81,0.00	1000,1 	0
3352    	19.87, -1.54, -8.91 	-8.31, 24.06, -6.95 	0.00, -0.00 	13,23,9,904		1.88,0.85	1000,1 	0
3360    	19.87, -1.54, -8.92 	-8.31, 24.06, -6.96 	0.00, -0.00 	13,23,9,913		0.00,0.00	1000,1 	0
3369    	19.84, -1.54, -8.93 	-8.31, 24.06, -6.96 	0.00, -0.00 	13,23,9,923		1.70,0.00	1000,1 	0
3378    	19.85, -1.55, -8.93 	-8.30, 24.06, -6.96 	0.00, -0.00 	13,23,9,933		0.84,0.57	1000,1 	0
3386    	19.86, -1.58, -8.92 	-8.30, 24.05, -6.96 	0.00, -0.00 	13,23,9,942		1.38,0.63	1000,1 	0
3395    	19.86, -1.56, -8.93 	-8.30, 24.05, -6.96 	0.00, -0.00 	13,23,9,952		0.63,0.00	1000,1 	0
3404    	19.86, -1.60, -8.93 	-8.29, 24.06, -6.96 	0.00, -0.00 	13,23,9,962		1.88,0.84	1000,1 	0
3413    	19.86, -1.61, -8.92 	-8.30, 24.05, -6.95 	0.00, -0.00 	13,23,9,972		0.63,0.84	1000,1 	0
3421    	19.83, -1.63, -8.92 	-8.30, 24.05, -6.95 	0.00, -0.00 	13,23,9,981		2.11,0.00	1000,1 	0
3430    	19.86, -1.65, -8.92 	-8.30, 24.05, -6.95 	0.00, -0.00 	13,23,9,991		2.11,0.00	1000,1 	0
3439    	19.83, -1.66, -8.92 	-8.30, 24.05, -6.95 	0.00, -0.00 	13,23,10,1		1.81,0.00	1000,1 	0
3447    	19.84, -1.66, -8.93 	-8.29, 24.04, -6.95 	0.00, -0.00 	13,23,10,10		0.57,0.85	1000,1 	0
3455    	19.83, -1.66, -8.93 	-8.30, 24.04, -6.95 	0.00, -0.00 	13,23,10,19		0.57,0.57	1000,1 	0
3465    	19.87, -1.68, -8.92 	-8.30, 24.04, -6.95 	0.00, -0.00 	13,23,10,30		2.45,0.00	1000,1 	0
3473    	19.86, -1.68, -8.93 	-8.30, 24.04, -6.95 	0.00, -0.00 	13,23,10,39		0.57,0.00	1000,1 	0
3481    	19.86, -1.67, -8.93 	-8.30, 24.04, -6.95 	0.00, -0.00 	13,23,10,48		0.59,0.00	1000,1 	0
3491    	19.90, -1.68, -8.92 	-8.30, 24.04, -6.95 	0.00, -0.00 	13,23,10,59		2.22,0.00	1000,1 	0
3499    	19.91, -1.69, -8.93 	-8.30, 24.04, -6.95 	0.00, -0.00 	13,23,10,68		0.84,0.00	1000,1 	0
3508    	19.91, -1.69, -8.92 	-8.30, 24.04, -6.95 	0.00, -0.00 	13,23,10,78		0.00,0.00	1000,1 	0
3517    	19.89, -1.71, -8.92 	-8.30, 24.04, -6.95 	0.00, -0.00 	13,23,10,88		1.69,0.00	1000,1 	0
3525    	19.89, -1.71, -8.93 	-8.29, 24.04, -6.95 	0.00, -0.00 	13,23,10,97		0.00,0.57	1000,1 	0
3534    	19.89, -1.71, -8.93 	-8.30, 24.04, -6.95 	0.00, -0.00 	13,23,10,107		0.00,0.57	1000,1 	0
3543    	19.89, -1.72, -8.93 	-8.29, 24.04, -6.95 	0.00, -0.00 	13,23,10,117		0.63,0.57	1000,1 	0
3551    	19.88, -1.72, -8.93 	-8.29, 24.04, -6.95 	0.00, -0.00 	13,23,10,126		0.57,0.00	1000,1 	0
3560    	19.86, -1.70, -8.94 	-8.29, 24.04, -6.95 	0.00, -0.00 	13,23,10,136		1.69,0.00	1000,1 	0
3569    	19.87, -1.71, -8.94 	-8.29, 24.04, -6.95 	0.00, -0.00 	13,23,10,146		0.84,0.00	1000,1 	0
3577    	19.90, -1.70, -8.93 	-8.29, 24.04, -6.95 	0.00, -0.00 	13,23,10,155		1.81,0.00	1000,1 	0
3586    	19.91, -1.70, -8.93 	-8.28, 24.04, -6.95 	0.00, -0.00 	13,23,10,165		0.54,0.53	1000,1 	0
3595    	19.92, -1.70, -8.93 	-8.28, 24.04, -6.95 	0.00, -0.00 	13,23,10,175		0.57,0.00	1000,1 	0
3604    	19.92, -1.71, -8.93 	-8.29, 24.04, -6.95 	0.00, -0.00 	13,23,10,185		0.63,0.57	1000,1 	0
3612    	19.90, -1.71, -8.93 	-8.29, 24.04, -6.95 	0.00, -0.00 	13,23,10,194		1.13,0.00	1000,1 	0
3621    	19.89, -1.70, -8.93 	-8.29, 24.04, -6.95 	0.00, -0.00 	13,23,10,204		0.84,0.00	1000,1 	0
3632    	19.88, -1.71, -8.94 	-8.28, 24.04, -6.95 	0.00, -0.00 	13,23,10,216		0.85,0.57	1000,1 	0
3639    	19.86, -1.72, -8.95 	-8.27, 24.04, -6.95 	0.00, -0.00 	13,23,10,223		1.47,0.64	1000,1 	0
3647    	19.87, -1.69, -8.96 	-8.28, 24.04, -6.96 	0.00, -0.00 	13,23,10,232		2.09,0.60	1000,1 	0
3657    	19.88, -1.69, -8.95 	-8.28, 24.03, -6.96 	0.00, -0.00 	13,23,10,243		0.57,0.63	1000,1 	0
3665    	19.87, -1.69, -8.96 	-8.28, 24.03, -6.95 	0.00, -0.00 	13,23,10,252		0.60,0.00	1000,1 	0
3674    	19.89, -1.69, -8.96 	-8.27, 24.03, -6.95 	0.00, -0.00 	13,23,10,262		1.13,0.57	1000,1 	0
3683    	19.87, -1.72, -8.94 	-8.28, 24.03, -6.95 	0.00, -0.00 	13,23,10,272		2.33,0.60	1000,1 	0
3691    	19.88, -1.74, -8.94 	-8.28, 24.02, -6.95 	0.00, -0.00 	13,23,10,281		0.90,0.67	1000,1 	0
3700    	19.88, -1.74, -8.95 	-8.28, 24.04, -6.95 	0.00, -0.00 	13,23,10,291		0.00,1.34	1000,1 	0
3709    	19.89, -1.75, -8.93 	-8.27, 24.03, -6.95 	0.00, -0.00 	13,23,10,301		0.90,0.91	1000,1 	0
3717    	19.88, -1.76, -8.94 	-8.27, 24.03, -6.95 	0.00, -0.00 	13,23,10,310		0.90,0.00	1000,1 	0
3726    	19.86, -1.75, -8.95 	-8.27, 24.03, -6.95 	0.00, -0.00 	13,23,10,320		1.38,0.00	1000,1 	0
3735    	19.89, -1.75, -8.96 	-8.26, 24.03, -6.95 	0.00, -0.00 	13,23,10,330		1.81,0.60	1000,1 	0
3743    	19.90, -1.75, -8.95 	-8.26, 24.03, -6.95 	0.00, -0.00 	13,23,10,339		0.60,0.00	1000,1 	0
3752    	19.89, -1.76, -8.95 	-8.26, 24.03, -6.95 	0.00, -0.00 	13,23,10,349		0.90,0.00	1000,1 	0
3761    	19.88, -1.77, -8.94 	-8.26, 24.03, -6.95 	0.00, -0.00 	13,23,10,359		0.90,0.00	1000,1 	0
3769    	19.89, -1.78, -8.96 	-8.25, 24.04, -6.96 	0.00, -0.00 	13,23,10,368		0.90,0.89	1000,1 	0
3778    	19.88, -1.79, -8.96 	-8.25, 24.04, -6.95 	0.00, -0.00 	13,23,10,378		0.90,0.00	1000,1 	0
3787    	19.89, -1.80, -8.94 	-8.25, 24.04, -6.96 	0.00, -0.00 	13,23,10,388		0.90,0.00	1000,1 	0
3796    	19.89, -1.80, -8.96 	-8.25, 24.04, -6.96 	0.00, -0.00 	13,23,10,398		0.00,0.00	1000,1 	0
3804    	19.88, -1.80, -8.95 	-8.25, 24.03, -6.96 	0.00, -0.00 	13,23,10,407		0.60,0.67	1000,1 	0
3813    	19.88, -1.80, -8.94 	-8.25, 24.04, -6.96 	0.00, -0.00 	13,23,10,417		0.00,0.67	1000,1 	0
3822    	19.87, -1.81, -8.95 	-8.25, 24.03, -6.96 	0.00, -0.00 	13,23,10,427		0.90,0.67	1000,1 	0
3830    	19.84, -1.82, -8.96 	-8.24, 24.03, -6.96 	0.00, -0.00 	13,23,10,436		1.93,0.60	1000,1 	0
3838    	19.87, -1.81, -8.96 	-8.24, 24.03, -6.96 	0.00, -0.00 	13,23,10,445		1.93,0.00	1000,1 	0
3848    	19.87, -1.82, -8.96 	-8.24, 24.03, -6.96 	0.00, -0.00 	13,23,10,456		0.63,0.00	1000,1 	0
3856    	19.87, -1.81, -8.95 	-8.23, 24.04, -6.96 	0.00, -0.00 	13,23,10,465		0.67,0.89	1000,1 	0
3865    	19.87, -1.84, -8.94 	-8.24, 24.03, -6.96 	0.00, -0.00 	13,23,10,475		1.88,0.84	1000,1 	0
3874    	19.88, -1.84, -8.93 	-8.23, 24.04, -6.96 	0.00, -0.00 	13,23,10,485		0.60,0.89	1000,1 	0
3882    	19.87, -1.83, -8.94 	-8.23, 24.03, -6.96 	0.00, -0.00 	13,23,10,494		0.90,0.67	1000,1 	0
3891    	19.87, -1.83, -8.95 	-8.23, 24.03, -6.96 	0.00, -0.00 	13,23,10,504		0.00,0.00	1000,1 	0
3900    	19.86, -1.84, -8.95 	-8.23, 24.03, -6.96 	0.00, -0.00 	13,23,10,514		0.90,0.00	1000,1 	0
3908    	19.86, -1.84, -8.96 	-8.24, 24.04, -6.96 	0.00, -0.00 	13,23,10,523		0.00,0.91	1000,1 	0
3917    	19.84, -1.85, -8.96 	-8.23, 24.04, -6.96 	0.00, -0.00 	13,23,10,533		1.38,0.60	1000,1 	0
3926    	19.84, -1.85, -8.96 	-8.23, 24.04, -6.96 	0.00, -0.00 	13,23,10,543		0.00,0.00	1000,1 	0
3934    	19.83, -1.86, -8.96 	-8.22, 24.04, -6.96 	0.00, -0.00 	13,23,10,552		0.90,0.60	1000,1 	0
3943    	19.85, -1.84, -8.96 	-8.23, 24.04, -6.96 	0.00, -0.00 	13,23,10,562		1.80,0.60	1000,1 	0
3952    	19.84, -1.84, -8.96 	-8.22, 24.04, -6.96 	0.00, -0.00 	13,23,10,572		0.60,0.60	0,0 	0
3960    	19.86, -1.86, -8.94 	-8.22, 24.04, -6.96 	0.00, -0.00 	13,23,10,581		1.79,0.00	0,0 	0
3969    	19.86, -1.86, -8.96 	-8.22, 24.04, -6.95 	0.00, -0.00 	13,23,10,591		0.00,0.00	0,0 	0
3978    	19.85, -1.87, -8.96 	-8.21, 24.03, -6.96 	0.00, -0.00 	13,23,10,601		0.90,0.91	0,0 	0
3987    	19.85, -1.88, -8.95 	-8.21, 24.04, -6.96 	0.00, -0.00 	13,23,10,611		0.67,0.67	0,0 	0
3995    	19.86, -1.88, -8.95 	-8.20, 24.04, -6.96 	0.00, -0.00 	13,23,10,620		0.60,0.60	0,0 	0
4004    	19.86, -1.90, -8.95 	-8.17, 24.05, -6.96 	0.00, -0.00 	13,23,10,630		0.67,1.91	0,0 	0
4013    	19.88, -1.91, -8.95 	-8.16, 24.04, -6.96 	0.00, -0.00 	13,23,10,640		1.38,0.91	0,0 	0
4021    	19.87, -1.90, -8.95 	-8.14, 24.03, -6.97 	0.00, -0.00 	13,23,10,649		0.90,1.38	0,0 	0
4030    	19.87, -1.88, -8.95 	-8.13, 24.01, -6.96 	0.00, -0.00 	13,23,10,659		0.67,1.81	0,0 	0
4039    	19.88, -1.90, -8.94 	-8.11, 23.99, -6.96 	0.00, -0.00 	13,23,10,669		0.90,1.38	0,0 	0
4047    	19.85, -1.92, -8.94 	-8.10, 23.97, -6.96 	0.00, -0.00 	13,23,10,678		2.24,1.47	0,0 	0
4055    	19.87, -1.92, -8.94 	-8.08, 23.95, -6.95 	0.00, -0.00 	13,23,10,687		1.20,1.81	0,0 	0
4065    	19.89, -1.92, -8.94 	-8.06, 23.92, -6.95 	0.00, -0.00 	13,23,10,698		1.13,2.22	0,0 	0
4073    	19.88, -1.94, -8.95 	-8.04, 23.89, -6.95 	0.00, -0.00 	13,23,10,707		1.46,2.35	0,0 	0
4082    	19.87, -1.95, -8.95 	-8.02, 23.82, -6.94 	0.00, -0.00 	13,23,10,717		0.90,4.20	0,0 	0
4091    	19.88, -1.96, -8.96 	-7.99, 23.77, -6.93 	0.00, -0.00 	13,23,10,727		0.90,3.82	0,0 	0
4099    	19.90, -2.00, -8.95 	-7.95, 23.69, -6.93 	0.00, -0.00 	13,23,10,736		2.92,5.29	0,0 	0
4108    	19.94, -2.01, -8.94 	-7.92, 23.60, -6.92 	0.00, -0.00 	13,23,10,746		3.08,6.31	0,0 	0
4117    	19.94, -2.02, -8.94 	-7.88, 23.49, -6.92 	0.00, -0.00 	13,23,10,756		0.67,7.14	0,0 	0
4125    	19.97, -2.07, -8.94 	-7.84, 23.38, -6.91 	0.00, -0.00 	13,23,10,765		3.22,7.14	0,0 	0
4134    	20.03, -2.10, -8.93 	-7.78, 23.25, -6.91 	0.00, -0.00 	13,23,10,775		4.13,8.84	0,0 	0
4143    	20.10, -2.10, -8.93 	-7.73, 23.13, -6.91 	0.00, -0.00 	13,23,10,785		4.21,8.61	0,0 	0
4151    	20.14, -2.18, -8.93 	-7.67, 23.01, -6.90 	0.00, -0.00 	13,23,10,794		5.84,8.53	0,0 	0
4160    	20.22, -2.24, -8.91 	-7.61, 22.88, -6.90 	0.00, -0.00 	13,23,10,804		5.98,8.32	0,0 	0
4169    	20.31, -2.31, -8.91 	-7.55, 22.73, -6.89 	0.00, -0.00 	13,23,10,814		7.15,10.08	0,0 	0
4178    	20.46, -2.34, -8.90 	-7.46, 22.57, -6.88 	0.00, -0.00 	13,23,10,824		9.84,11.46	0,0 	0
4186    	20.56, -2.40, -8.90 	-7.40, 22.37, -6.86 	0.00, -0.00 	13,23,10,833		6.88,12.61	0,0 	0
4195    	20.65, -2.48, -8.90 	-7.31, 22.18, -6.86 	0.00, -0.00 	13,23,10,843		7.60,13.26	0,0 	0
4204    	20.80, -2.64, -8.86 	-7.24, 21.97, -6.84 	0.00, -0.00 	13,23,10,853		13.87,14.27	0,0 	0
4212    	20.95, -2.76, -8.83 	-7.15, 21.74, -6.82 	0.00, -0.00 	13,23,10,862		12.10,15.12	0,0 	0
4220    	21.09, -2.89, -8.82 	-7.07, 21.52, -6.81 	0.00, -0.00 	13,23,10,871		11.61,14.90	0,0 	0
4230    	21.17, -3.01, -8.80 	-7.00, 21.28, -6.81 	0.00, -0.00 	13,23,10,882		8.78,14.45	0,0 	0
4238    	21.31, -3.10, -8.80 	-6.91, 21.06, -6.81 	0.00, -0.00 	13,23,10,890		10.48,15.12	0,0 	0
4247    	21.37, -3.20, -8.81 	-6.81, 20.82, -6.82 	0.00, -0.00 	13,23,10,900		7.00,15.97	0,0 	0
4256    	21.48, -3.27, -8.78 	-6.73, 20.53, -6.81 	0.00, -0.00 	13,23,10,910		8.60,18.74	0,0 	0
4264    	21.52, -3.38, -8.80 	-6.68, 20.24, -6.79 	0.00, -0.00 	13,23,10,919		7.08,18.34	0,0 	0
4273    	21.60, -3.44, -8.80 	-6.63, 19.92, -6.78 	0.00, -0.00 	13,23,10,929		6.26,20.32	0,0 	0
4282    	21.68, -3.46, -8.82 	-6.56, 19.60, -6.78 	0.00, -0.00 	13,23,10,939		5.00,20.69	0,0 	0
4290    	21.79, -3.53, -8.82 	-6.46, 19.28, -6.79 	0.00, -0.00 	13,23,10,948		8.25,21.02	0,0 	0
4299    	21.95, -3.61, -8.82 	-6.40, 18.95, -6.79 	0.00, -0.00 	13,23,10,958		11.01,21.08	0,0 	0
4308    	22.07, -3.72, -8.79 	-6.37, 18.58, -6.79 	0.00, -0.00 	13,23,10,968		10.27,22.77	0,0 	0
4316    	22.16, -3.93, -8.74 	-6.33, 18.19, -6.79 	0.00, -0.00 	13,23,10,977		14.37,24.88	0,0 	0
4325    	22.28, -4.05, -8.72 	-6.31, 17.85, -6.81 	0.00, -0.00 	13,23,10,987		10.09,19.55	0,0 	0
4334    	22.37, -4.14, -8.70 	-6.26, 17.54, -6.84 	0.00, -0.00 	13,23,10,997		8.08,19.66	0,0 	0
4342    	22.40, -4.23, -8.70 	-6.21, 17.24, -6.89 	0.00, -0.00 	13,23,11,6		5.62,19.00	0,0 	0
4351    	22.46, -4.29, -8.71 	-6.14, 16.94, -6.94 	0.00, -0.00 	13,23,11,16		5.46,18.11	0,0 	0
4360    	22.54, -4.33, -8.70 	-6.11, 16.63, -6.98 	0.00, -0.00 	13,23,11,26		5.21,19.49	0,0 	0
4369    	22.68, -4.29, -8.71 	-6.12, 16.31, -7.01 	0.00, -0.00 	13,23,11,36		8.66,20.05	0,0 	0
4377    	22.74, -4.39, -8.70 	-6.11, 15.94, -7.00 	0.00, -0.00 	13,23,11,45		7.32,23.40	0,0 	0
4386    	22.82, -4.46, -8.71 	-6.12, 15.59, -7.00 	0.00, -0.00 	13,23,11,55		6.70,22.07	0,0 	0
4395    	22.86, -4.54, -8.71 	-6.04, 15.25, -7.03 	0.00, -0.00 	13,23,11,65		5.25,21.34	0,0 	0
4403    	22.97, -4.57, -8.73 	-5.94, 14.96, -7.07 	0.00, -0.00 	13,23,11,74		6.92,19.31	0,0 	0
4411    	23.00, -4.66, -8.72 	-5.90, 14.64, -7.09 	0.00, -0.00 	13,23,11,83		5.84,20.23	0,0 	0
4421    	23.09, -4.74, -8.70 	-5.93, 14.36, -7.12 	0.00, -0.00 	13,23,11,94		7.15,17.10	0,0 	0
4429    	23.11, -4.83, -8.72 	-5.87, 14.09, -7.14 	0.00, -0.00 	13,23,11,103		5.46,17.14	0,0 	0
4438    	23.22, -4.82, -8.73 	-5.75, 13.81, -7.16 	0.00, -0.00 	13,23,11,113		6.66,18.91	0,0 	0
4447    	23.21, -4.93, -8.73 	-5.63, 13.50, -7.17 	0.00, -0.00 	13,23,11,123		7.35,21.01	0,0 	0
4455    	23.30, -5.01, -8.74 	-5.54, 13.20, -7.15 	0.00, -0.00 	13,23,11,132		7.61,19.56	0,0 	0
4464    	23.40, -5.16, -8.73 	-5.45, 12.92, -7.14 	0.00, -0.00 	13,23,11,142		11.09,18.28	0,0 	0
4473    	23.52, -5.21, -8.75 	-5.40, 12.64, -7.13 	0.00, -0.00 	13,23,11,152		8.50,17.68	0,0 	0
4481    	23.68, -5.34, -8.75 	-5.31, 12.35, -7.11 	0.00, -0.00 	13,23,11,161		12.51,18.92	0,0 	0
4490    	23.79, -5.49, -8.73 	-5.24, 12.06, -7.09 	0.00, -0.00 	13,23,11,171		11.10,17.50	0,0 	0
4499    	23.96, -5.64, -8.73 	-5.18, 11.78, -7.08 	0.00, -0.00 	13,23,11,181		13.84,17.80	0,0 	0
4507    	24.07, -5.83, -8.72 	-5.10, 11.54, -7.06 	0.00, -0.00 	13,23,11,190		13.99,16.17	0,0 	0
4516    	24.22, -5.91, -8.73 	-4.99, 11.29, -7.06 	0.00, -0.00 	13,23,11,200		9.87,16.07	0,0 	0
4526    	24.30, -5.98, -8.77 	-4.87, 11.05, -7.07 	0.00, -0.00 	13,23,11,211		6.73,16.48	0,0 	0
4534    	24.33, -6.10, -8.77 	-4.77, 10.81, -7.06 	0.00, -0.00 	13,23,11,219		8.05,17.70	0,0 	0
4543    	24.42, -6.17, -8.78 	-4.69, 10.56, -7.07 	0.00, -0.00 	13,23,11,229		7.15,16.17	0,0 	0
4552    	24.58, -6.22, -8.81 	-4.59, 10.36, -7.07 	0.00, -0.00 	13,23,11,239		11.48,15.37	0,0 	0
4561    	24.75, -6.28, -8.83 	-4.46, 10.20, -7.08 	0.00, -0.00 	13,23,11,249		11.48,13.66	0,0 	0
4569    	24.86, -6.31, -8.85 	-4.34, 10.03, -7.08 	0.00, -0.00 	13,23,11,258		7.99,13.27	0,0 	0
4578    	24.96, -6.36, -8.85 	-4.28, 9.86, -7.10 	0.00, -0.00 	13,23,11,268		7.34,12.09	0,0 	0
4587    	25.04, -6.40, -8.83 	-4.17, 9.69, -7.09 	0.00, -0.00 	13,23,11,278		6.44,13.86	0,0 	0
4595    	25.15, -6.44, -8.84 	-4.03, 9.51, -7.08 	0.00, -0.00 	13,23,11,287		7.38,15.19	0,0 	0
4603    	25.23, -6.51, -8.82 	-3.91, 9.34, -7.06 	0.00, -0.00 	13,23,11,296		6.70,12.99	0,0 	0
4613    	25.34, -6.61, -8.82 	-3.82, 9.17, -7.06 	0.00, -0.00 	13,23,11,307		9.38,11.77	0,0 	0
4621    	25.43, -6.75, -8.81 	-3.71, 9.05, -7.08 	0.00, -0.00 	13,23,11,316		10.89,11.17	0,0 	0
4630    	25.45, -6.83, -8.81 	-3.64, 8.91, -7.07 	0.00, -0.00 	13,23,11,326		5.82,10.36	0,0 	0
4639    	25.63, -6.80, -8.84 	-3.55, 8.76, -7.07 	0.00, -0.00 	13,23,11,336		12.39,11.60	0,0 	0
4647    	25.69, -6.78, -8.88 	-3.43, 8.65, -7.10 	0.00, -0.00 	13,23,11,345		4.11,11.05	0,0 	0
4656    	25.82, -6.76, -8.90 	-3.33, 8.52, -7.13 	0.00, -0.00 	13,23,11,355		9.10,10.77	0,0 	0
4665    	25.92, -6.78, -8.91 	-3.21, 8.38, -7.15 	0.00, -0.00 	13,23,11,365		6.58,12.14	0,0 	0
4673    	26.04, -6.87, -8.91 	-3.08, 8.22, -7.14 	0.00, -0.00 	13,23,11,374		10.01,14.07	0,0 	0
4682    	26.14, -6.99, -8.89 	-2.99, 8.05, -7.12 	0.00, -0.00 	13,23,11,384		9.87,12.06	0,0 	0
4691    	26.26, -7.13, -8.88 	-2.94, 7.84, -7.08 	0.00, -0.00 	13,23,11,394		12.02,13.96	0,0 	0
4699    	26.27, -7.28, -8.88 	-2.92, 7.67, -7.04 	0.00, -0.00 	13,23,11,403		9.96,11.50	0,0 	0
4708    	26.30, -7.40, -8.87 	-2.91, 7.52, -7.04 	0.00, -0.00 	13,23,11,413		7.71,9.38	0,0 	0
4717    	26.39, -7.50, -8.85 	-2.80, 7.40, -7.05 	0.00, -0.00 	13,23,11,423		9.15,10.63	0,0 	0
4725    	26.50, -7.50, -8.89 	-2.72, 7.28, -7.06 	0.00, -0.00 	13,23,11,432		7.06,9.81	0,0 	0
4734    	26.57, -7.58, -8.91 	-2.62, 7.15, -7.08 	0.00, -0.00 	13,23,11,442		6.70,10.10	0,0 	0
4743    	26.67, -7.58, -8.92 	-2.56, 7.03, -7.07 	0.00, -0.00 	13,23,11,452		6.42,9.43	0,0 	0
4752    	26.77, -7.61, -8.91 	-2.47, 6.89, -7.08 	0.00, -0.00 	13,23,11,462		6.77,10.99	0,0 	0
4760    	26.95, -7.61, -8.91 	-2.40, 6.75, -7.09 	0.00, -0.00 	13,23,11,471		12.20,10.66	0,0 	0
4769    	26.97, -7.72, -8.93 	-2.31, 6.57, -7.08 	0.00, -0.00 	13,23,11,481		7.22,12.86	0,0 	0
4778    	27.07, -7.75, -8.91 	-2.23, 6.42, -7.08 	0.00, -0.00 	13,23,11,491		6.77,11.29	0,0 	0
4786    	27.13, -7.84, -8.89 	-2.17, 6.27, -7.08 	0.00, -0.00 	13,23,11,500		7.81,10.75	0,0 	0
4794    	27.18, -7.89, -8.91 	-2.11, 6.09, -7.05 	0.00, -0.00 	13,23,11,509		4.29,12.77	0,0 	0
4804    	27.19, -7.87, -8.92 	-2.07, 5.92, -7.03 	0.00, -0.00 	13,23,11,520		1.46,10.99	0,0 	0
4812    	27.21, -7.89, -8.92 	-2.07, 5.76, -7.04 	0.00, -0.00 	13,23,11,529		1.91,10.69	0,0 	0
4821    	27.28, -7.93, -8.93 	-2.02, 5.55, -7.03 	0.00, -0.00 	13,23,11,539		5.32,14.66	0,0 	0
4830    	27.32, -7.93, -8.93 	-1.97, 5.36, -7.03 	0.00, -0.00 	13,23,11,549		2.57,12.58	0,0 	0
4838    	27.39, -7.98, -8.89 	-1.96, 5.19, -7.01 	0.00, -0.00 	13,23,11,558		6.24,11.43	0,0 	0
4847    	27.41, -8.04, -8.89 	-1.92, 5.02, -7.02 	0.00, -0.00 	13,23,11,568		3.54,10.99	0,0 	0
4856    	27.48, -8.07, -8.88 	-1.92, 4.85, -7.03 	0.00, -0.00 	13,23,11,578		4.97,11.40	0,0 	0
4864    	27.49, -8.07, -8.88 	-1.93, 4.74, -7.04 	0.00, -0.00 	13,23,11,587		0.64,7.15	0,0 	0
4873    	27.52, -8.09, -8.86 	-1.89, 4.56, -7.03 	0.00, -0.00 	13,23,11,597		2.24,11.65	0,0 	0
4882    	27.52, -8.09, -8.88 	-1.85, 4.43, -7.04 	0.00, -0.00 	13,23,11,607		0.00,8.97	0,0 	0
4890    	27.47, -8.15, -8.85 	-1.92, 4.28, -7.03 	0.00, -0.00 	13,23,11,616		5.34,10.88	0,0 	0
4899    	27.58, -8.14, -8.86 	-1.92, 4.14, -7.01 	0.00, -0.00 	13,23,11,626		6.66,8.69	0,0 	0
4908    	27.60, -8.11, -8.87 	-1.93, 3.98, -7.00 	0.00, -0.00 	13,23,11,636		2.87,10.75	0,0 	0
4916    	27.62, -8.16, -8.86 	-2.00, 3.87, -7.02 	0.00, -0.00 	13,23,11,645		3.78,8.98	0,0 	0
4925    	27.65, -8.13, -8.88 	-2.00, 3.76, -7.03 	0.00, -0.00 	13,23,11,655		2.69,6.68	0,0 	0
4934    	27.62, -8.16, -8.87 	-1.97, 3.67, -7.06 	0.00, -0.00 	13,23,11,665		2.87,6.05	0,0 	0
4943    	27.68, -8.16, -8.88 	-1.93, 3.55, -7.06 	0.00, -0.00 	13,23,11,675		3.85,8.97	0,0 	0
4951    	27.70, -8.21, -8.88 	-1.95, 3.39, -7.07 	0.00, -0.00 	13,23,11,684		3.12,10.75	0,0 	0
4960    	27.64, -8.23, -8.89 	-1.95, 3.20, -7.08 	0.00, -0.00 	13,23,11,694		4.11,12.12	0,0 	0
4969    	27.67, -8.20, -8.89 	-2.01, 3.02, -7.07 	0.00, -0.00 	13,23,11,704		2.87,12.86	0,0 	0
4977    	27.68, -8.21, -8.89 	-2.09, 2.84, -7.08 	0.00, -0.00 	13,23,11,713		0.96,13.09	0,0 	0
4986    	27.70, -8.26, -8.88 	-2.09, 2.64, -7.09 	0.00, -0.00 	13,23,11,723		3.78,13.54	0,0 	0
4995    	27.70, -8.29, -8.87 	-2.11, 2.45, -7.10 	0.00, -0.00 	13,23,11,733		2.13,12.87	0,0 	0
5003    	27.69, -8.27, -8.87 	-2.11, 2.32, -7.15 	0.00, -0.00 	13,23,11,742		1.56,8.57	0,0 	0
5012    	27.68, -8.31, -8.89 	-2.02, 2.17, -7.20 	0.00, -0.00 	13,23,11,752		2.91,11.95	0,0 	0
5021    	27.74, -8.31, -8.89 	-1.98, 2.06, -7.24 	0.00, -0.00 	13,23,11,762		3.85,7.61	0,0 	0
5029    	27.72, -8.36, -8.89 	-1.92, 1.91, -7.26 	0.00, -0.00 	13,23,11,771		3.60,12.40	0,0 	0
5038    	27.73, -8.40, -8.89 	-1.89, 1.71, -7.27 	0.00, -0.00 	13,23,11,781		3.12,14.69	0,0 	0
5047    	27.79, -8.39, -8.89 	-1.93, 1.54, -7.28 	0.00, -0.00 	13,23,11,791		4.20,12.48	0,0 	0
5055    	27.81, -8.45, -8.87 	-1.93, 1.40, -7.30 	0.00, -0.00 	13,23,11,800		4.77,9.94	0,0 	0
5064    	27.81, -8.51, -8.84 	-1.97, 1.30, -7.34 	0.00, -0.00 	13,23,11,810		3.81,7.36	0,0 	0
5073    	27.83, -8.58, -8.85 	-2.04, 1.22, -7.36 	0.00, -0.00 	13,23,11,820		5.71,7.72	0,0 	0
5081    	27.85, -8.62, -8.85 	-1.96, 1.14, -7.40 	0.00, -0.00 	13,23,11,829		3.34,7.73	0,0 	0
5090    	27.85, -8.58, -8.86 	-1.98, 1.06, -7.44 	0.00, -0.00 	13,23,11,839		3.04,6.24	0,0 	0
5099    	27.90, -8.56, -8.88 	-1.93, 0.98, -7.47 	0.00, -0.00 	13,23,11,849		3.76,6.40	0,0 	0
5107    	27.87, -8.59, -8.89 	-1.84, 0.90, -7.51 	0.00, -0.00 	13,23,11,858		3.08,8.24	0,0 	0
5116    	27.95, -8.65, -8.86 	-1.81, 0.85, -7.55 	0.00, -0.00 	13,23,11,868		7.15,4.74	0,0 	0
5125    	28.00, -8.60, -8.88 	-1.76, 0.74, -7.57 	0.00, -0.00 	13,23,11,878		4.79,7.86	0,0 	0
5134    	28.08, -8.67, -8.86 	-1.75, 0.69, -7.58 	0.00, -0.00 	13,23,11,888		7.15,3.89	0,0 	0
5142    	28.05, -8.75, -8.88 	-1.70, 0.64, -7.58 	0.00, -0.00 	13,23,11,897		6.92,5.57	0,0 	0
5151    	28.14, -8.78, -8.88 	-1.63, 0.59, -7.59 	0.00, -0.00 	13,23,11,907		7.25,5.74	0,0 	0
5160    	28.17, -8.89, -8.89 	-1.59, 0.55, -7.62 	0.00, -0.00 	13,23,11,917		7.88,4.14	0,0 	0
5168    	28.12, -8.97, -8.88 	-1.55, 0.52, -7.62 	0.00, -0.00 	13,23,11,926		7.53,3.88	0,0 	0
5176    	28.22, -8.94, -8.89 	-1.50, 0.50, -7.62 	0.00, -0.00 	13,23,11,935		7.25,4.42	0,0 	0
5186    	28.32, -8.96, -8.91 	-1.46, 0.48, -7.62 	0.00, -0.00 	13,23,11,946		6.58,2.67	0,0 	0
5194    	28.34, -9.00, -8.91 	-1.41, 0.52, -7.64 	0.00, -0.00 	13,23,11,955		3.31,4.42	0,0 	0
5203    	28.44, -9.06, -8.93 	-1.33, 0.49, -7.63 	0.00, -0.00 	13,23,11,965		8.26,5.73	0,0 	0
