#Time 	Sensor1         Sensor2         Target          Time            Vel             
#================================================================

10      	30.27, -15.39, -7.19 	-0.29, 1.23, -6.67 	25.98, 15.00 	13,22,18,345		0.00,0.00	0,0 	0
15      	30.29, -15.39, -7.19 	-0.30, 1.26, -6.65 	25.98, 15.00 	13,22,18,355		3.85,4.72	0,0 	0
23      	30.27, -15.40, -7.19 	-0.35, 1.25, -6.66 	25.98, 15.00 	13,22,18,364		2.75,6.14	0,0 	0
32      	30.27, -15.41, -7.18 	-0.35, 1.27, -6.66 	25.98, 15.00 	13,22,18,374		1.18,2.38	0,0 	0
41      	30.27, -15.42, -7.17 	-0.35, 1.26, -6.64 	25.98, 15.00 	13,22,18,384		1.18,1.19	0,0 	0
49      	30.27, -15.41, -7.18 	-0.36, 1.25, -6.64 	25.98, 15.00 	13,22,18,393		1.33,1.78	0,0 	0
58      	30.27, -15.41, -7.18 	-0.32, 1.25, -6.64 	25.98, 15.00 	13,22,18,403		0.00,4.28	0,0 	0
67      	30.27, -15.41, -7.18 	-0.31, 1.27, -6.65 	25.98, 15.00 	13,22,18,413		0.00,2.59	0,0 	0
75      	30.28, -15.40, -7.19 	-0.32, 1.25, -6.64 	25.98, 15.00 	13,22,18,422		1.80,2.91	0,0 	0
84      	30.26, -15.41, -7.19 	-0.36, 1.26, -6.63 	25.98, 15.00 	13,22,18,432		2.45,4.46	0,0 	0
93      	30.25, -15.40, -7.18 	-0.36, 1.25, -6.63 	25.98, 15.00 	13,22,18,442		1.60,1.19	0,0 	0
101     	30.27, -15.40, -7.18 	-0.39, 1.25, -6.64 	25.98, 15.00 	13,22,18,451		2.41,4.81	0,0 	0
110     	30.25, -15.41, -7.19 	-0.40, 1.25, -6.63 	25.98, 15.00 	13,22,18,461		2.45,1.07	0,0 	0
119     	30.24, -15.43, -7.18 	-0.40, 1.25, -6.63 	25.98, 15.00 	13,22,18,471		2.60,0.00	0,0 	0
127     	30.24, -15.44, -7.18 	-0.40, 1.25, -6.63 	25.98, 15.00 	13,22,18,480		1.33,0.00	0,0 	0
136     	30.22, -15.46, -7.19 	-0.40, 1.27, -6.64 	25.98, 15.00 	13,22,18,490		3.19,2.38	0,0 	0
145     	30.24, -15.46, -7.18 	-0.41, 1.27, -6.65 	25.98, 15.00 	13,22,18,500		2.14,1.07	0,0 	0
154     	30.23, -15.45, -7.17 	-0.42, 1.28, -6.64 	25.98, 15.00 	13,22,18,510		1.60,1.61	0,0 	0
162     	30.24, -15.42, -7.19 	-0.41, 1.30, -6.64 	25.98, 15.00 	13,22,18,519		4.17,2.91	0,0 	0
171     	30.24, -15.42, -7.19 	-0.38, 1.31, -6.66 	25.98, 15.00 	13,22,18,529		0.00,3.40	0,0 	0
180     	30.25, -15.40, -7.19 	-0.39, 1.30, -6.66 	25.98, 15.00 	13,22,18,539		2.60,1.59	0,0 	0
188     	30.24, -15.42, -7.19 	-0.38, 1.30, -6.65 	25.98, 15.00 	13,22,18,548		2.92,1.20	0,0 	0
197     	30.26, -15.43, -7.19 	-0.38, 1.30, -6.66 	25.98, 15.00 	13,22,18,558		2.45,1.07	0,0 	0
206     	30.26, -15.43, -7.19 	-0.38, 1.30, -6.64 	25.98, 15.00 	13,22,18,568		0.00,1.07	0,0 	0
214     	30.26, -15.42, -7.19 	-0.38, 1.30, -6.64 	25.98, 15.00 	13,22,18,577		1.33,0.00	0,0 	0
223     	30.26, -15.42, -7.19 	-0.41, 1.30, -6.63 	25.98, 15.00 	13,22,18,587		0.00,3.21	0,0 	0
232     	30.26, -15.43, -7.19 	-0.43, 1.29, -6.62 	25.98, 15.00 	13,22,18,597		1.18,2.43	0,0 	0
240     	30.26, -15.44, -7.19 	-0.44, 1.28, -6.61 	25.98, 15.00 	13,22,18,606		1.33,1.78	0,0 	0
249     	30.24, -15.42, -7.20 	-0.43, 1.30, -6.62 	25.98, 15.00 	13,22,18,616		3.19,2.59	0,0 	0
258     	30.22, -15.44, -7.19 	-0.43, 1.30, -6.62 	25.98, 15.00 	13,22,18,626		3.99,0.00	0,0 	0
266     	30.24, -15.44, -7.19 	-0.39, 1.30, -6.62 	25.98, 15.00 	13,22,18,635		3.61,4.81	0,0 	0
275     	30.26, -15.43, -7.19 	-0.39, 1.31, -6.63 	25.98, 15.00 	13,22,18,645		2.45,1.19	0,0 	0
284     	30.27, -15.41, -7.20 	-0.41, 1.32, -6.64 	25.98, 15.00 	13,22,18,655		2.60,2.46	0,0 	0
292     	30.27, -15.41, -7.20 	-0.40, 1.32, -6.63 	25.98, 15.00 	13,22,18,664		0.00,1.20	0,0 	0
301     	30.28, -15.42, -7.18 	-0.45, 1.32, -6.62 	25.98, 15.00 	13,22,18,674		1.60,5.35	0,0 	0
310     	30.27, -15.46, -7.18 	-0.45, 1.31, -6.63 	25.98, 15.00 	13,22,18,684		4.86,1.19	0,0 	0
318     	30.29, -15.46, -7.17 	-0.45, 1.33, -6.63 	25.98, 15.00 	13,22,18,693		2.41,2.67	0,0 	0
327     	30.29, -15.46, -7.17 	-0.45, 1.33, -6.63 	25.98, 15.00 	13,22,18,703		0.00,0.00	0,0 	0
336     	30.27, -15.47, -7.17 	-0.45, 1.33, -6.63 	25.98, 15.00 	13,22,18,713		2.45,0.00	0,0 	0
345     	30.27, -15.49, -7.18 	-0.45, 1.35, -6.64 	25.98, 15.00 	13,22,18,723		1.18,2.38	0,0 	0
353     	30.28, -15.47, -7.17 	-0.45, 1.35, -6.64 	25.98, 15.00 	13,22,18,732		1.80,0.00	0,0 	0
362     	30.29, -15.47, -7.16 	-0.43, 1.34, -6.63 	25.98, 15.00 	13,22,18,742		1.07,2.46	0,0 	0
371     	30.31, -15.51, -7.16 	-0.43, 1.34, -6.63 	25.98, 15.00 	13,22,18,752		4.15,0.00	0,0 	0
379     	30.31, -15.52, -7.16 	-0.43, 1.34, -6.63 	25.98, 15.00 	13,22,18,761		1.33,0.00	0,0 	0
388     	30.32, -15.54, -7.14 	-0.43, 1.34, -6.63 	25.98, 15.00 	13,22,18,771		2.60,0.00	0,0 	0
397     	30.27, -15.55, -7.14 	-0.43, 1.33, -6.62 	25.98, 15.00 	13,22,18,781		5.48,1.19	0,0 	0
405     	30.28, -15.56, -7.13 	-0.43, 1.33, -6.63 	25.98, 15.00 	13,22,18,790		1.79,0.00	0,0 	0
414     	30.28, -15.56, -7.13 	-0.43, 1.33, -6.63 	25.98, 15.00 	13,22,18,800		0.00,0.00	0,0 	0
423     	30.29, -15.56, -7.14 	-0.44, 1.33, -6.64 	25.98, 15.00 	13,22,18,810		1.07,1.07	0,0 	0
431     	30.28, -15.56, -7.15 	-0.44, 1.33, -6.64 	25.98, 15.00 	13,22,18,819		1.20,0.00	0,0 	0
440     	30.28, -15.56, -7.15 	-0.43, 1.33, -6.63 	25.98, 15.00 	13,22,18,829		0.00,1.07	0,0 	0
449     	30.28, -15.55, -7.15 	-0.43, 1.33, -6.63 	25.98, 15.00 	13,22,18,839		1.18,0.00	0,0 	0
457     	30.27, -15.55, -7.14 	-0.44, 1.33, -6.63 	25.98, 15.00 	13,22,18,848		1.20,1.20	0,0 	0
466     	30.26, -15.55, -7.14 	-0.43, 1.34, -6.64 	25.98, 15.00 	13,22,18,858		1.07,1.59	0,0 	0
475     	30.25, -15.55, -7.15 	-0.43, 1.34, -6.64 	25.98, 15.00 	13,22,18,868		1.07,0.00	0,0 	0
483     	30.26, -15.57, -7.14 	-0.45, 1.33, -6.63 	25.98, 15.00 	13,22,18,877		2.92,2.73	0,0 	0
492     	30.25, -15.56, -7.14 	-0.47, 1.34, -6.62 	25.98, 15.00 	13,22,18,887		1.60,2.46	0,0 	0
501     	30.25, -15.57, -7.14 	-0.42, 1.34, -6.64 	25.98, 15.00 	13,22,18,897		1.18,5.35	0,0 	0
509     	30.22, -15.58, -7.14 	-0.44, 1.34, -6.63 	25.98, 15.00 	13,22,18,906		3.85,2.41	0,0 	0
518     	30.22, -15.59, -7.14 	-0.39, 1.34, -6.63 	25.98, 15.00 	13,22,18,916		1.18,5.35	0,0 	0
527     	30.22, -15.60, -7.14 	-0.43, 1.33, -6.61 	25.98, 15.00 	13,22,18,926		1.60,4.42	0,0 	0
536     	30.21, -15.59, -7.14 	-0.39, 1.34, -6.62 	25.98, 15.00 	13,22,18,936		1.60,4.42	0,0 	0
544     	30.23, -15.60, -7.14 	-0.42, 1.36, -6.63 	25.98, 15.00 	13,22,18,945		3.85,4.52	0,0 	0
553     	30.23, -15.61, -7.14 	-0.38, 1.36, -6.64 	25.98, 15.00 	13,22,18,955		1.18,5.35	0,0 	0
562     	30.22, -15.59, -7.15 	-0.40, 1.37, -6.63 	25.98, 15.00 	13,22,18,965		2.60,3.44	0,0 	0
570     	30.22, -15.61, -7.13 	-0.39, 1.38, -6.64 	25.98, 15.00 	13,22,18,974		2.66,1.78	0,0 	0
579     	30.22, -15.65, -7.13 	-0.42, 1.40, -6.64 	25.98, 15.00 	13,22,18,984		3.55,3.44	0,0 	0
588     	30.22, -15.66, -7.12 	-0.43, 1.38, -6.63 	25.98, 15.00 	13,22,18,994		1.60,1.59	0,0 	0
596     	30.19, -15.66, -7.12 	-0.39, 1.40, -6.64 	25.98, 15.00 	13,22,19,3		3.61,6.14	0,0 	0
605     	30.20, -15.67, -7.11 	-0.39, 1.40, -6.64 	25.98, 15.00 	13,22,19,13		1.60,0.00	0,0 	0
614     	30.20, -15.69, -7.11 	-0.41, 1.38, -6.63 	25.98, 15.00 	13,22,19,23		2.37,3.40	0,0 	0
622     	30.19, -15.68, -7.12 	-0.42, 1.38, -6.63 	25.98, 15.00 	13,22,19,32		1.79,1.20	0,0 	0
631     	30.20, -15.68, -7.13 	-0.41, 1.40, -6.62 	25.98, 15.00 	13,22,19,42		1.07,1.59	0,0 	0
640     	30.19, -15.67, -7.12 	-0.41, 1.40, -6.62 	25.98, 15.00 	13,22,19,52		1.60,0.00	0,0 	0
648     	30.19, -15.69, -7.10 	-0.42, 1.40, -6.62 	25.98, 15.00 	13,22,19,61		2.66,1.20	0,0 	0
657     	30.18, -15.71, -7.11 	-0.42, 1.40, -6.63 	25.98, 15.00 	13,22,19,71		2.60,0.00	0,0 	0
666     	30.18, -15.71, -7.10 	-0.42, 1.40, -6.63 	25.98, 15.00 	13,22,19,81		0.00,0.00	0,0 	0
674     	30.20, -15.70, -7.10 	-0.42, 1.41, -6.63 	25.98, 15.00 	13,22,19,90		2.75,1.34	0,0 	0
683     	30.20, -15.71, -7.09 	-0.43, 1.41, -6.63 	25.98, 15.00 	13,22,19,100		1.18,1.07	0,0 	0
692     	30.20, -15.70, -7.09 	-0.39, 1.41, -6.62 	25.98, 15.00 	13,22,19,110		1.18,5.35	0,0 	0
701     	30.20, -15.69, -7.11 	-0.40, 1.42, -6.63 	25.98, 15.00 	13,22,19,120		1.18,1.61	0,0 	0
709     	30.21, -15.68, -7.11 	-0.40, 1.42, -6.63 	25.98, 15.00 	13,22,19,129		1.80,1.20	0,0 	0
718     	30.21, -15.67, -7.11 	-0.41, 1.44, -6.64 	25.98, 15.00 	13,22,19,139		1.18,2.62	0,0 	0
727     	30.23, -15.66, -7.11 	-0.41, 1.43, -6.64 	25.98, 15.00 	13,22,19,149		3.42,1.19	0,0 	0
735     	30.22, -15.66, -7.11 	-0.41, 1.44, -6.63 	25.98, 15.00 	13,22,19,158		1.20,1.34	0,0 	0
744     	30.22, -15.66, -7.11 	-0.41, 1.44, -6.63 	25.98, 15.00 	13,22,19,168		0.00,0.00	0,0 	0
753     	30.25, -15.66, -7.12 	-0.42, 1.44, -6.63 	25.98, 15.00 	13,22,19,178		3.21,1.07	0,0 	0
761     	30.23, -15.68, -7.12 	-0.42, 1.44, -6.63 	25.98, 15.00 	13,22,19,187		3.59,0.00	0,0 	0
770     	30.24, -15.69, -7.11 	-0.43, 1.43, -6.63 	25.98, 15.00 	13,22,19,197		1.60,1.59	0,0 	0
779     	30.25, -15.67, -7.13 	-0.44, 1.43, -6.62 	25.98, 15.00 	13,22,19,207		2.60,1.07	0,0 	0
787     	30.25, -15.67, -7.13 	-0.44, 1.44, -6.64 	25.98, 15.00 	13,22,19,216		0.00,1.34	0,0 	0
796     	30.22, -15.68, -7.12 	-0.44, 1.44, -6.64 	25.98, 15.00 	13,22,19,226		4.44,0.00	0,0 	0
805     	30.21, -15.67, -7.12 	-0.41, 1.44, -6.64 	25.98, 15.00 	13,22,19,236		1.60,3.21	0,0 	0
813     	30.23, -15.66, -7.13 	-0.40, 1.43, -6.64 	25.98, 15.00 	13,22,19,245		3.85,1.81	0,0 	0
822     	30.24, -15.66, -7.14 	-0.41, 1.43, -6.63 	25.98, 15.00 	13,22,19,255		1.07,1.07	0,0 	0
831     	30.24, -15.66, -7.14 	-0.41, 1.43, -6.63 	25.98, 15.00 	13,22,19,265		0.00,0.00	0,0 	0
839     	30.27, -15.66, -7.13 	-0.41, 1.43, -6.63 	25.98, 15.00 	13,22,19,274		3.61,0.00	0,0 	0
848     	30.24, -15.69, -7.12 	-0.41, 1.43, -6.63 	25.98, 15.00 	13,22,19,284		4.79,0.00	0,0 	0
857     	30.25, -15.68, -7.11 	-0.42, 1.43, -6.62 	25.98, 15.00 	13,22,19,294		1.60,1.07	0,0 	0
865     	30.25, -15.69, -7.11 	-0.42, 1.43, -6.62 	25.98, 15.00 	13,22,19,303		1.33,0.00	0,0 	0
874     	30.25, -15.69, -7.11 	-0.42, 1.43, -6.62 	25.98, 15.00 	13,22,19,313		0.00,0.00	0,0 	0
883     	30.26, -15.67, -7.12 	-0.43, 1.43, -6.62 	25.98, 15.00 	13,22,19,323		2.60,1.07	0,0 	0
891     	30.27, -15.63, -7.13 	-0.43, 1.44, -6.64 	25.98, 15.00 	13,22,19,332		4.17,1.34	0,0 	0
900     	30.26, -15.63, -7.13 	-0.41, 1.44, -6.63 	25.98, 15.00 	13,22,19,342		1.07,2.14	0,0 	0
909     	30.25, -15.61, -7.12 	-0.40, 1.44, -6.63 	25.98, 15.00 	13,22,19,352		2.60,1.07	0,0 	0
918     	30.25, -15.62, -7.12 	-0.41, 1.45, -6.63 	25.98, 15.00 	13,22,19,362		1.18,1.61	0,0 	0
926     	30.26, -15.62, -7.12 	-0.41, 1.45, -6.63 	25.98, 15.00 	13,22,19,371		1.20,0.00	0,0 	0
935     	30.26, -15.63, -7.12 	-0.41, 1.45, -6.64 	25.98, 15.00 	13,22,19,381		1.18,0.00	0,0 	0
944     	30.27, -15.65, -7.11 	-0.41, 1.45, -6.64 	25.98, 15.00 	13,22,19,391		1.60,0.00	0,0 	0
952     	30.23, -15.65, -7.10 	-0.41, 1.45, -6.64 	25.98, 15.00 	13,22,19,400		4.82,0.00	0,0 	0
961     	30.23, -15.65, -7.10 	-0.41, 1.45, -6.64 	25.98, 15.00 	13,22,19,410		0.00,0.00	0,0 	0
970     	30.22, -15.66, -7.11 	-0.41, 1.45, -6.64 	25.98, 15.00 	13,22,19,420		1.60,0.00	0,0 	0
978     	30.23, -15.66, -7.11 	-0.42, 1.44, -6.63 	25.98, 15.00 	13,22,19,429		1.20,1.78	0,0 	0
987     	30.22, -15.65, -7.11 	-0.42, 1.45, -6.63 	25.98, 15.00 	13,22,19,439		1.60,1.19	0,0 	0
996     	30.25, -15.63, -7.11 	-0.42, 1.45, -6.63 	25.98, 15.00 	13,22,19,449		3.42,0.00	0,0 	0
1004    	30.25, -15.63, -7.11 	-0.42, 1.45, -6.63 	25.98, 15.00 	13,22,19,458		0.00,0.00	1000,1 	0
1013    	30.25, -15.63, -7.11 	-0.42, 1.45, -6.63 	25.98, 15.00 	13,22,19,468		0.00,0.00	1000,1 	0
1022    	30.25, -15.63, -7.11 	-0.44, 1.44, -6.62 	25.98, 15.00 	13,22,19,478		0.00,2.43	1000,1 	0
1030    	30.25, -15.65, -7.11 	-0.44, 1.44, -6.62 	25.98, 15.00 	13,22,19,487		1.33,0.00	1000,1 	0
1039    	30.23, -15.67, -7.11 	-0.44, 1.44, -6.62 	25.98, 15.00 	13,22,19,497		3.19,0.00	1000,1 	0
1048    	30.23, -15.67, -7.11 	-0.44, 1.44, -6.62 	25.98, 15.00 	13,22,19,507		0.00,0.00	1000,1 	0
1056    	30.22, -15.67, -7.11 	-0.40, 1.44, -6.62 	25.98, 15.00 	13,22,19,516		2.41,4.81	1000,1 	0
1065    	30.21, -15.66, -7.10 	-0.40, 1.44, -6.62 	25.98, 15.00 	13,22,19,526		1.60,0.00	1000,1 	0
1074    	30.21, -15.65, -7.11 	-0.41, 1.45, -6.64 	25.98, 15.00 	13,22,19,536		1.18,1.19	1000,1 	0
1083    	30.22, -15.61, -7.12 	-0.42, 1.46, -6.63 	25.98, 15.00 	13,22,19,546		3.71,2.46	1000,1 	0
1091    	30.19, -15.62, -7.12 	-0.42, 1.46, -6.63 	25.98, 15.00 	13,22,19,555		3.85,0.00	1000,1 	0
1100    	30.21, -15.61, -7.12 	-0.40, 1.47, -6.63 	25.98, 15.00 	13,22,19,565		2.45,3.40	1000,1 	0
1109    	30.22, -15.60, -7.12 	-0.40, 1.46, -6.64 	25.98, 15.00 	13,22,19,575		2.45,1.19	1000,1 	0
1117    	30.21, -15.62, -7.13 	-0.40, 1.46, -6.64 	25.98, 15.00 	13,22,19,584		3.59,0.00	1000,1 	0
1126    	30.22, -15.63, -7.12 	-0.40, 1.46, -6.64 	25.98, 15.00 	13,22,19,594		1.60,0.00	1000,1 	0
1135    	30.21, -15.66, -7.11 	-0.40, 1.46, -6.64 	25.98, 15.00 	13,22,19,604		2.60,0.00	1000,1 	0
1143    	30.21, -15.67, -7.11 	-0.40, 1.46, -6.64 	25.98, 15.00 	13,22,19,613		1.33,0.00	1000,1 	0
1152    	30.20, -15.68, -7.11 	-0.40, 1.46, -6.64 	25.98, 15.00 	13,22,19,623		1.60,0.00	1000,1 	0
1161    	30.19, -15.68, -7.11 	-0.40, 1.46, -6.64 	25.98, 15.00 	13,22,19,633		1.07,0.00	1000,1 	0
1169    	30.20, -15.67, -7.11 	-0.40, 1.46, -6.64 	25.98, 15.00 	13,22,19,642		1.80,0.00	1000,1 	0
1178    	30.20, -15.67, -7.12 	-0.40, 1.46, -6.64 	25.98, 15.00 	13,22,19,652		0.00,0.00	1000,1 	0
1187    	30.22, -15.65, -7.11 	-0.40, 1.46, -6.64 	25.98, 15.00 	13,22,19,662		3.19,0.00	1000,1 	0
1195    	30.23, -15.65, -7.12 	-0.40, 1.46, -6.64 	25.98, 15.00 	13,22,19,671		2.41,0.00	1000,1 	0
1204    	30.22, -15.67, -7.12 	-0.40, 1.46, -6.64 	25.98, 15.00 	13,22,19,681		2.60,0.00	1000,1 	0
1213    	30.22, -15.67, -7.12 	-0.40, 1.46, -6.64 	25.98, 15.00 	13,22,19,691		1.07,0.00	1000,1 	0
1221    	30.20, -15.67, -7.12 	-0.41, 1.46, -6.64 	25.98, 15.00 	13,22,19,700		2.41,1.20	1000,1 	0
1230    	30.21, -15.70, -7.11 	-0.41, 1.46, -6.64 	25.98, 15.00 	13,22,19,710		3.71,0.00	1000,1 	0
1239    	30.17, -15.72, -7.11 	-0.41, 1.46, -6.64 	25.98, 15.00 	13,22,19,720		4.89,0.00	1000,1 	0
1247    	30.18, -15.74, -7.11 	-0.41, 1.46, -6.64 	25.98, 15.00 	13,22,19,729		2.92,0.00	1000,1 	0
1256    	30.17, -15.73, -7.10 	-0.41, 1.47, -6.64 	25.98, 15.00 	13,22,19,739		1.60,1.19	1000,1 	0
1265    	30.17, -15.68, -7.12 	-0.41, 1.46, -6.64 	25.98, 15.00 	13,22,19,749		5.92,1.19	1000,1 	0
1273    	30.19, -15.67, -7.13 	-0.41, 1.46, -6.64 	25.98, 15.00 	13,22,19,758		2.75,0.00	1000,1 	0
1282    	30.17, -15.65, -7.13 	-0.42, 1.45, -6.63 	25.98, 15.00 	13,22,19,768		3.19,2.43	1000,1 	0
1291    	30.19, -15.67, -7.11 	-0.41, 1.46, -6.64 	25.98, 15.00 	13,22,19,778		3.19,2.43	1000,1 	0
1300    	30.19, -15.67, -7.11 	-0.41, 1.45, -6.64 	25.98, 15.00 	13,22,19,788		0.00,1.19	1000,1 	0
1308    	30.19, -15.67, -7.11 	-0.41, 1.45, -6.64 	25.98, 15.00 	13,22,19,797		0.00,0.00	1000,1 	0
1317    	30.18, -15.69, -7.10 	-0.41, 1.45, -6.64 	25.98, 15.00 	13,22,19,807		2.60,0.00	1000,1 	0
1326    	30.17, -15.72, -7.10 	-0.41, 1.45, -6.64 	25.98, 15.00 	13,22,19,817		3.71,0.00	1000,1 	0
1334    	30.13, -15.72, -7.09 	-0.41, 1.45, -6.64 	25.98, 15.00 	13,22,19,826		4.82,0.00	1000,1 	0
1343    	30.13, -15.72, -7.11 	-0.41, 1.45, -6.63 	25.98, 15.00 	13,22,19,836		0.00,0.00	1000,1 	0
1352    	30.15, -15.72, -7.11 	-0.41, 1.46, -6.63 	25.98, 15.00 	13,22,19,846		2.14,1.19	1000,1 	0
1360    	30.18, -15.68, -7.13 	-0.41, 1.45, -6.63 	25.98, 15.00 	13,22,19,855		6.44,1.34	1000,1 	0
1369    	30.19, -15.66, -7.12 	-0.41, 1.46, -6.63 	25.98, 15.00 	13,22,19,865		2.60,1.19	1000,1 	0
1378    	30.19, -15.66, -7.14 	-0.41, 1.45, -6.63 	25.98, 15.00 	13,22,19,875		0.00,1.19	1000,1 	0
1386    	30.20, -15.67, -7.13 	-0.41, 1.46, -6.63 	25.98, 15.00 	13,22,19,884		1.79,1.34	1000,1 	0
1395    	30.19, -15.69, -7.13 	-0.40, 1.46, -6.64 	25.98, 15.00 	13,22,19,894		2.60,1.07	1000,1 	0
1404    	30.19, -15.69, -7.13 	-0.40, 1.47, -6.64 	25.98, 15.00 	13,22,19,904		0.00,1.19	1000,1 	0
1412    	30.18, -15.69, -7.14 	-0.41, 1.47, -6.65 	25.98, 15.00 	13,22,19,913		1.20,2.41	1000,1 	0
1421    	30.16, -15.70, -7.14 	-0.41, 1.48, -6.65 	25.98, 15.00 	13,22,19,923		2.45,1.19	1000,1 	0
1430    	30.14, -15.67, -7.14 	-0.41, 1.48, -6.64 	25.98, 15.00 	13,22,19,933		4.15,0.00	1000,1 	0
1438    	30.15, -15.68, -7.14 	-0.41, 1.47, -6.65 	25.98, 15.00 	13,22,19,942		1.80,1.81	1000,1 	0
1447    	30.15, -15.68, -7.15 	-0.41, 1.49, -6.65 	25.98, 15.00 	13,22,19,952		0.00,2.38	1000,1 	0
1456    	30.16, -15.65, -7.17 	-0.41, 1.49, -6.65 	25.98, 15.00 	13,22,19,962		3.71,0.00	1000,1 	0
1465    	30.18, -15.66, -7.16 	-0.41, 1.49, -6.65 	25.98, 15.00 	13,22,19,972		2.45,0.00	1000,1 	0
1473    	30.16, -15.67, -7.17 	-0.42, 1.50, -6.65 	25.98, 15.00 	13,22,19,981		2.75,1.81	1000,1 	0
1482    	30.17, -15.62, -7.17 	-0.41, 1.49, -6.64 	25.98, 15.00 	13,22,19,991		4.86,1.19	1000,1 	0
1491    	30.17, -15.62, -7.16 	-0.42, 1.50, -6.65 	25.98, 15.00 	13,22,20,1		0.00,1.19	1000,1 	0
1499    	30.17, -15.62, -7.17 	-0.41, 1.49, -6.65 	25.98, 15.00 	13,22,20,10		0.00,1.81	1000,1 	0
1508    	30.16, -15.62, -7.17 	-0.41, 1.48, -6.65 	25.98, 15.00 	13,22,20,20		1.07,1.59	1000,1 	0
1517    	30.14, -15.65, -7.17 	-0.41, 1.49, -6.65 	25.98, 15.00 	13,22,20,30		3.19,1.19	1000,1 	0
1525    	30.14, -15.65, -7.17 	-0.40, 1.50, -6.65 	25.98, 15.00 	13,22,20,39		0.00,2.73	1000,1 	0
1534    	30.14, -15.63, -7.18 	-0.40, 1.49, -6.65 	25.98, 15.00 	13,22,20,49		1.18,1.19	1000,1 	0
1543    	30.15, -15.61, -7.19 	-0.41, 1.49, -6.66 	25.98, 15.00 	13,22,20,59		2.60,1.07	1000,1 	0
1551    	30.18, -15.62, -7.19 	-0.41, 1.49, -6.66 	25.98, 15.00 	13,22,20,68		3.85,0.00	1000,1 	0
1560    	30.17, -15.61, -7.19 	-0.42, 1.50, -6.66 	25.98, 15.00 	13,22,20,78		1.60,2.46	1000,1 	0
1569    	30.16, -15.60, -7.20 	-0.41, 1.51, -6.66 	25.98, 15.00 	13,22,20,88		1.60,2.43	1000,1 	0
1577    	30.17, -15.58, -7.20 	-0.41, 1.51, -6.65 	25.98, 15.00 	13,22,20,97		2.92,0.00	1000,1 	0
1586    	30.18, -15.58, -7.19 	-0.38, 1.52, -6.66 	25.98, 15.00 	13,22,20,107		1.07,3.40	1000,1 	0
1595    	30.17, -15.56, -7.21 	-0.36, 1.53, -6.65 	25.98, 15.00 	13,22,20,117		2.60,2.43	1000,1 	0
1603    	30.19, -15.54, -7.20 	-0.37, 1.56, -6.66 	25.98, 15.00 	13,22,20,126		3.59,2.95	1000,1 	0
1612    	30.19, -15.55, -7.19 	-0.31, 1.59, -6.67 	25.98, 15.00 	13,22,20,136		1.18,7.29	1000,1 	0
1621    	30.20, -15.52, -7.20 	-0.28, 1.58, -6.65 	25.98, 15.00 	13,22,20,146		3.71,3.44	1000,1 	0
1629    	30.22, -15.52, -7.19 	-0.24, 1.61, -6.68 	25.98, 15.00 	13,22,20,155		2.41,6.22	1000,1 	0
1638    	30.25, -15.51, -7.20 	-0.13, 1.63, -6.67 	25.98, 15.00 	13,22,20,165		4.44,13.01	1000,1 	0
1647    	30.24, -15.53, -7.21 	-0.12, 1.65, -6.68 	25.98, 15.00 	13,22,20,175		2.60,2.59	1000,1 	0
1656    	30.23, -15.52, -7.21 	0.02, 1.69, -6.67 	25.98, 15.00 	13,22,20,185		1.60,15.64	1000,1 	0
1664    	30.26, -15.53, -7.20 	0.13, 1.71, -6.67 	25.98, 15.00 	13,22,20,194		3.85,14.64	1000,1 	0
1673    	30.22, -15.56, -7.19 	0.35, 1.78, -6.68 	25.98, 15.00 	13,22,20,204		5.56,25.84	1000,1 	0
1682    	30.19, -15.59, -7.18 	0.62, 1.95, -6.68 	25.98, 15.00 	13,22,20,214		5.56,35.22	1000,1 	0
1690    	30.21, -15.58, -7.15 	0.91, 2.09, -6.69 	25.98, 15.00 	13,22,20,223		2.75,39.82	1000,1 	0
1699    	30.21, -15.60, -7.16 	1.26, 2.29, -6.70 	25.98, 15.00 	13,22,20,233		2.37,45.25	1000,1 	0
1708    	30.21, -15.67, -7.15 	1.63, 2.49, -6.77 	25.98, 15.00 	13,22,20,243		7.10,46.18	1000,1 	0
1716    	30.18, -15.62, -7.15 	1.93, 2.66, -6.77 	25.98, 15.00 	13,22,20,252		6.43,43.75	1000,1 	0
1725    	30.20, -15.70, -7.15 	2.18, 2.85, -6.76 	25.98, 15.00 	13,22,20,262		8.56,34.82	1000,1 	0
1734    	30.21, -15.72, -7.15 	2.35, 3.01, -6.77 	25.98, 15.00 	13,22,20,272		3.19,25.26	1000,1 	0
1742    	30.26, -15.74, -7.14 	2.56, 3.16, -6.78 	25.98, 15.00 	13,22,20,281		6.58,32.18	1000,1 	0
1751    	30.28, -15.79, -7.11 	2.71, 3.25, -6.75 	25.98, 15.00 	13,22,20,291		6.29,20.04	1000,1 	0
1760    	30.28, -15.90, -7.06 	2.84, 3.38, -6.72 	25.98, 15.00 	13,22,20,301		11.84,20.52	1000,1 	0
1768    	30.27, -15.98, -7.04 	3.05, 3.53, -6.70 	25.98, 15.00 	13,22,20,310		9.40,32.18	1000,1 	0
1777    	30.26, -16.10, -7.01 	3.39, 3.71, -6.71 	25.98, 15.00 	13,22,20,320		14.25,42.26	1000,1 	0
1786    	30.24, -16.23, -6.98 	3.78, 3.93, -6.72 	25.98, 15.00 	13,22,20,330		14.37,50.11	1000,1 	0
1794    	30.28, -16.28, -6.98 	4.19, 4.13, -6.69 	25.98, 15.00 	13,22,20,339		8.22,56.20	1000,1 	0
1803    	30.32, -16.35, -6.96 	4.49, 4.35, -6.69 	25.98, 15.00 	13,22,20,349		8.29,42.04	1000,1 	0
1812    	30.40, -16.39, -6.93 	4.80, 4.54, -6.73 	25.98, 15.00 	13,22,20,359		9.78,40.07	1000,1 	0
1820    	30.56, -16.41, -6.93 	5.11, 4.76, -6.78 	25.98, 15.00 	13,22,20,368		20.64,47.30	1000,1 	0
1829    	30.71, -16.55, -6.89 	5.34, 4.97, -6.86 	25.98, 15.00 	13,22,20,378		23.02,35.50	1000,1 	0
1838    	30.84, -16.73, -6.82 	5.54, 5.11, -6.88 	25.98, 15.00 	13,22,20,388		24.46,26.19	1000,1 	0
1847    	30.87, -17.03, -6.75 	5.67, 5.26, -6.90 	25.98, 15.00 	13,22,20,398		33.30,22.21	1000,1 	0
1855    	30.86, -17.33, -6.68 	5.90, 5.37, -6.93 	25.98, 15.00 	13,22,20,407		37.31,32.20	1000,1 	0
1864    	30.88, -17.53, -6.65 	6.18, 5.51, -6.94 	25.98, 15.00 	13,22,20,417		22.59,34.43	1000,1 	0
1873    	30.98, -17.58, -6.63 	6.45, 5.62, -6.93 	25.98, 15.00 	13,22,20,427		13.17,32.04	1000,1 	0
1881    	31.08, -17.62, -6.62 	6.73, 5.71, -6.92 	25.98, 15.00 	13,22,20,436		12.68,37.87	1000,1 	0
1890    	31.28, -17.58, -6.67 	6.99, 5.79, -6.91 	25.98, 15.00 	13,22,20,446		22.76,30.26	1000,1 	0
1899    	31.48, -17.58, -6.69 	7.30, 5.89, -6.93 	25.98, 15.00 	13,22,20,456		22.48,35.70	1000,1 	0
1907    	31.71, -17.60, -6.68 	7.56, 5.97, -6.94 	25.98, 15.00 	13,22,20,465		27.73,34.04	1000,1 	0
1916    	31.82, -17.71, -6.67 	7.77, 6.01, -6.94 	25.98, 15.00 	13,22,20,475		18.29,23.93	1000,1 	0
1925    	31.94, -17.95, -6.62 	8.05, 6.05, -6.93 	25.98, 15.00 	13,22,20,485		29.03,31.30	1000,1 	0
1933    	32.00, -18.09, -6.63 	8.30, 6.15, -6.95 	25.98, 15.00 	13,22,20,494		19.25,33.34	1000,1 	0
1942    	32.10, -18.15, -6.62 	8.57, 6.25, -6.98 	25.98, 15.00 	13,22,20,504		12.84,32.04	1000,1 	0
1951    	32.12, -18.20, -6.58 	8.84, 6.34, -7.00 	25.98, 15.00 	13,22,20,514		6.29,31.64	1000,1 	0
1959    	32.12, -18.21, -6.57 	9.05, 6.41, -7.03 	25.98, 15.00 	13,22,20,523		1.33,27.54	1000,1 	0
1968    	32.13, -18.26, -6.60 	9.25, 6.48, -7.07 	25.98, 15.00 	13,22,20,533		4.85,23.83	1000,1 	0
1977    	32.14, -18.35, -6.62 	9.52, 6.54, -7.10 	25.98, 15.00 	13,22,20,543		10.71,30.67	1000,1 	0
1985    	32.19, -18.41, -6.64 	9.82, 6.64, -7.13 	25.98, 15.00 	13,22,20,552		8.97,39.01	1000,1 	0
1994    	32.28, -18.47, -6.65 	10.07, 6.69, -7.15 	25.98, 15.00 	13,22,20,562		12.84,28.34	1000,1 	0
2003    	32.35, -18.54, -6.66 	10.31, 6.79, -7.19 	25.98, 15.00 	13,22,20,572		11.17,29.09	1000,1 	0
2011    	32.45, -18.74, -6.64 	10.50, 6.81, -7.20 	25.98, 15.00 	13,22,20,581		26.82,24.17	1000,1 	0
2020    	32.52, -18.92, -6.63 	10.71, 6.84, -7.18 	25.98, 15.00 	13,22,20,591		21.87,23.74	1000,1 	0
2029    	32.58, -19.12, -6.57 	10.89, 6.87, -7.16 	25.98, 15.00 	13,22,20,601		23.39,20.57	1000,1 	0
2038    	32.62, -19.28, -6.57 	11.05, 6.92, -7.16 	25.98, 15.00 	13,22,20,611		18.26,18.03	1000,1 	0
2046    	32.59, -19.42, -6.57 	11.25, 7.03, -7.19 	25.98, 15.00 	13,22,20,620		17.69,28.40	1000,1 	0
2055    	32.53, -19.46, -6.59 	11.46, 7.16, -7.22 	25.98, 15.00 	13,22,20,630		7.98,27.32	1000,1 	0
2064    	32.61, -19.45, -6.60 	11.69, 7.35, -7.28 	25.98, 15.00 	13,22,20,640		8.65,33.15	1000,1 	0
2072    	32.60, -19.43, -6.64 	11.94, 7.49, -7.33 	25.98, 15.00 	13,22,20,649		2.92,36.20	1000,1 	0
2081    	32.63, -19.48, -6.64 	12.12, 7.60, -7.36 	25.98, 15.00 	13,22,20,659		6.73,23.38	1000,1 	0
2090    	32.66, -19.50, -6.63 	12.32, 7.74, -7.40 	25.98, 15.00 	13,22,20,669		3.99,27.06	1000,1 	0
2098    	32.76, -19.57, -6.64 	12.56, 7.87, -7.44 	25.98, 15.00 	13,22,20,678		15.47,34.50	1000,1 	0
2107    	32.83, -19.66, -6.61 	12.71, 7.98, -7.47 	25.98, 15.00 	13,22,20,688		13.02,20.68	1000,1 	0
2116    	32.95, -19.72, -6.62 	12.85, 8.09, -7.50 	25.98, 15.00 	13,22,20,698		14.14,18.97	1000,1 	0
2124    	32.90, -19.77, -6.62 	13.03, 8.20, -7.56 	25.98, 15.00 	13,22,20,707		8.98,26.99	1000,1 	0
2133    	32.97, -19.77, -6.64 	13.16, 8.32, -7.58 	25.98, 15.00 	13,22,20,717		7.49,19.72	1000,1 	0
2142    	32.93, -19.81, -6.64 	13.35, 8.45, -7.62 	25.98, 15.00 	13,22,20,727		6.39,24.64	1000,1 	0
2150    	33.00, -19.82, -6.63 	13.52, 8.58, -7.66 	25.98, 15.00 	13,22,20,736		9.72,27.56	1000,1 	0
2159    	32.97, -19.88, -6.64 	13.69, 8.73, -7.72 	25.98, 15.00 	13,22,20,746		6.74,25.25	1000,1 	0
2168    	33.07, -19.90, -6.68 	13.92, 8.96, -7.79 	25.98, 15.00 	13,22,20,756		10.96,36.35	1000,1 	0
2176    	33.10, -19.92, -6.69 	14.20, 9.21, -7.86 	25.98, 15.00 	13,22,20,765		4.49,46.15	1000,1 	0
2185    	33.17, -19.90, -6.68 	14.47, 9.42, -7.90 	25.98, 15.00 	13,22,20,775		7.86,37.94	1000,1 	0
2194    	33.17, -19.84, -6.68 	14.64, 9.58, -7.92 	25.98, 15.00 	13,22,20,785		5.92,26.03	1000,1 	0
2202    	33.19, -19.87, -6.67 	14.76, 9.73, -7.96 	25.98, 15.00 	13,22,20,794		3.59,24.20	1000,1 	0
2211    	33.21, -19.90, -6.66 	14.91, 9.89, -7.98 	25.98, 15.00 	13,22,20,804		4.15,24.52	1000,1 	0
2220    	33.18, -19.89, -6.67 	15.05, 9.99, -8.01 	25.98, 15.00 	13,22,20,814		3.42,18.97	1000,1 	0
2229    	33.16, -19.89, -6.66 	15.18, 10.10, -8.05 	25.98, 15.00 	13,22,20,824		2.14,18.97	1000,1 	0
2237    	33.16, -19.90, -6.64 	15.33, 10.21, -8.07 	25.98, 15.00 	13,22,20,833		1.33,23.10	1000,1 	0
2246    	33.15, -19.92, -6.65 	15.52, 10.39, -8.11 	25.98, 15.00 	13,22,20,843		2.60,29.19	1000,1 	0
2255    	33.24, -19.93, -6.63 	15.75, 10.55, -8.13 	25.98, 15.00 	13,22,20,853		10.77,31.02	1000,1 	0
2263    	33.23, -19.92, -6.65 	15.92, 10.71, -8.14 	25.98, 15.00 	13,22,20,862		1.79,29.28	1000,1 	0
2272    	33.26, -19.91, -6.64 	16.12, 10.87, -8.17 	25.98, 15.00 	13,22,20,872		3.42,28.45	1000,1 	0
2281    	33.27, -19.93, -6.63 	16.33, 11.01, -8.20 	25.98, 15.00 	13,22,20,882		2.60,27.94	1000,1 	0
2289    	33.29, -19.92, -6.59 	16.53, 11.19, -8.21 	25.98, 15.00 	13,22,20,891		2.75,33.72	1000,1 	0
2298    	33.30, -19.95, -6.57 	16.69, 11.27, -8.19 	25.98, 15.00 	13,22,20,901		3.71,20.38	1000,1 	0
2307    	33.33, -19.94, -6.52 	16.84, 11.36, -8.16 	25.98, 15.00 	13,22,20,911		3.42,18.52	1000,1 	0
2315    	33.25, -19.98, -6.50 	16.91, 11.42, -8.17 	25.98, 15.00 	13,22,20,920		11.01,11.54	1000,1 	0
2324    	33.23, -20.05, -6.47 	17.06, 11.51, -8.17 	25.98, 15.00 	13,22,20,929		7.42,20.04	1000,1 	0
2333    	33.22, -20.07, -6.49 	17.23, 11.61, -8.16 	25.98, 15.00 	13,22,20,940		2.60,21.88	1000,1 	0
2341    	33.20, -20.04, -6.51 	17.38, 11.69, -8.14 	25.98, 15.00 	13,22,20,948		5.38,21.88	1000,1 	0
2350    	33.23, -20.00, -6.50 	17.55, 11.77, -8.11 	25.98, 15.00 	13,22,20,958		5.56,19.88	1000,1 	0
2359    	33.23, -20.05, -6.50 	17.69, 11.85, -8.08 	25.98, 15.00 	13,22,20,968		4.74,18.52	1000,1 	0
2367    	33.27, -20.07, -6.47 	17.85, 11.89, -8.06 	25.98, 15.00 	13,22,20,977		5.50,21.06	1000,1 	0
2376    	33.29, -20.09, -6.43 	17.98, 11.91, -8.02 	25.98, 15.00 	13,22,20,987		3.19,14.07	1000,1 	0
2385    	33.29, -20.07, -6.43 	18.10, 11.91, -7.97 	25.98, 15.00 	13,22,20,997		2.37,12.83	1000,1 	0
2393    	33.33, -20.14, -6.39 	18.21, 11.92, -7.92 	25.98, 15.00 	13,22,21,6		10.49,14.48	1000,1 	0
2402    	33.29, -20.18, -6.38 	18.31, 11.92, -7.88 	25.98, 15.00 	13,22,21,16		5.56,10.69	1000,1 	0
2411    	33.26, -20.24, -6.35 	18.44, 11.98, -7.84 	25.98, 15.00 	13,22,21,26		7.80,16.48	1000,1 	0
2420    	33.22, -20.31, -6.34 	18.56, 12.03, -7.81 	25.98, 15.00 	13,22,21,36		9.33,13.62	1000,1 	0
2428    	33.20, -20.32, -6.34 	18.72, 12.06, -7.76 	25.98, 15.00 	13,22,21,45		3.85,20.78	1000,1 	0
2437    	33.19, -20.37, -6.34 	18.86, 12.09, -7.71 	25.98, 15.00 	13,22,21,55		4.86,16.38	1000,1 	0
2446    	33.25, -20.36, -6.31 	19.04, 12.14, -7.68 	25.98, 15.00 	13,22,21,65		7.59,20.06	1000,1 	0
2454    	33.30, -20.31, -6.31 	19.26, 12.22, -7.62 	25.98, 15.00 	13,22,21,74		8.04,29.51	1000,1 	0
2463    	33.41, -20.30, -6.29 	19.46, 12.30, -7.58 	25.98, 15.00 	13,22,21,84		11.83,23.83	1000,1 	0
2472    	33.38, -20.36, -6.28 	19.59, 12.35, -7.52 	25.98, 15.00 	13,22,21,94		6.74,16.02	1000,1 	0
2480    	33.40, -20.42, -6.24 	19.75, 12.37, -7.47 	25.98, 15.00 	13,22,21,103		8.34,19.39	1000,1 	0
2489    	33.42, -20.47, -6.20 	19.91, 12.39, -7.42 	25.98, 15.00 	13,22,21,113		6.29,18.30	1000,1 	0
2498    	33.39, -20.47, -6.20 	20.05, 12.40, -7.37 	25.98, 15.00 	13,22,21,123		3.21,16.07	1000,1 	0
2506    	33.30, -20.53, -6.17 	20.25, 12.45, -7.36 	25.98, 15.00 	13,22,21,132		12.72,24.87	1000,1 	0
2515    	33.28, -20.52, -6.18 	20.42, 12.52, -7.33 	25.98, 15.00 	13,22,21,142		2.45,20.85	1000,1 	0
2524    	33.31, -20.45, -6.20 	20.65, 12.63, -7.32 	25.98, 15.00 	13,22,21,152		7.80,28.12	1000,1 	0
2532    	33.31, -20.44, -6.20 	20.89, 12.67, -7.32 	25.98, 15.00 	13,22,21,161		1.33,30.47	1000,1 	0
2541    	33.39, -20.41, -6.20 	21.08, 12.70, -7.33 	25.98, 15.00 	13,22,21,171		9.27,21.63	1000,1 	0
2550    	33.43, -20.46, -6.19 	21.26, 12.76, -7.35 	25.98, 15.00 	13,22,21,181		7.30,21.43	1000,1 	0
2558    	33.47, -20.44, -6.18 	21.44, 12.84, -7.34 	25.98, 15.00 	13,22,21,190		6.59,23.46	1000,1 	0
2567    	33.47, -20.48, -6.17 	21.59, 12.88, -7.35 	25.98, 15.00 	13,22,21,200		4.86,17.69	1000,1 	0
2576    	33.47, -20.46, -6.13 	21.73, 12.90, -7.33 	25.98, 15.00 	13,22,21,210		2.37,15.12	1000,1 	0
2584    	33.48, -20.51, -6.12 	21.86, 12.92, -7.33 	25.98, 15.00 	13,22,21,219		5.84,17.01	1000,1 	0
2593    	33.46, -20.54, -6.09 	22.00, 13.00, -7.35 	25.98, 15.00 	13,22,21,229		4.79,18.52	1000,1 	0
2602    	33.41, -20.54, -6.10 	22.21, 13.14, -7.37 	25.98, 15.00 	13,22,21,239		5.35,27.95	1000,1 	0
2611    	33.42, -20.56, -6.07 	22.42, 13.29, -7.37 	25.98, 15.00 	13,22,21,249		2.60,27.74	1000,1 	0
2619    	33.38, -20.56, -6.06 	22.53, 13.38, -7.39 	25.98, 15.00 	13,22,21,258		4.82,18.65	1000,1 	0
2628    	33.36, -20.56, -6.07 	22.74, 13.49, -7.39 	25.98, 15.00 	13,22,21,268		2.14,26.19	1000,1 	0
2637    	33.44, -20.56, -6.06 	22.90, 13.58, -7.38 	25.98, 15.00 	13,22,21,278		8.56,20.95	1000,1 	0
2645    	33.48, -20.58, -6.04 	23.09, 13.60, -7.36 	25.98, 15.00 	13,22,21,287		6.58,22.97	1000,1 	0
2654    	33.48, -20.56, -6.02 	23.23, 13.63, -7.32 	25.98, 15.00 	13,22,21,297		2.37,16.38	1000,1 	0
2663    	33.50, -20.56, -6.02 	23.33, 13.62, -7.29 	25.98, 15.00 	13,22,21,307		2.14,10.78	1000,1 	0
2671    	33.46, -20.61, -5.99 	23.44, 13.68, -7.26 	25.98, 15.00 	13,22,21,316		8.22,15.82	1000,1 	0
2680    	33.46, -20.60, -5.97 	23.55, 13.71, -7.25 	25.98, 15.00 	13,22,21,326		1.18,12.24	1000,1 	0
2689    	33.42, -20.65, -5.99 	23.67, 13.77, -7.24 	25.98, 15.00 	13,22,21,336		7.98,15.53	1000,1 	0
2697    	33.36, -20.65, -6.00 	23.79, 13.80, -7.22 	25.98, 15.00 	13,22,21,345		7.23,14.92	1000,1 	0
2706    	33.39, -20.59, -6.01 	23.87, 13.83, -7.24 	25.98, 15.00 	13,22,21,355		7.80,10.21	1000,1 	0
2715    	33.42, -20.58, -5.99 	24.02, 13.92, -7.24 	25.98, 15.00 	13,22,21,365		3.42,18.52	1000,1 	0
2723    	33.45, -20.56, -6.01 	24.11, 13.95, -7.26 	25.98, 15.00 	13,22,21,374		4.49,12.62	1000,1 	0
2732    	33.41, -20.54, -5.99 	24.14, 13.96, -7.26 	25.98, 15.00 	13,22,21,384		4.89,3.40	1000,1 	0
2741    	33.45, -20.53, -6.01 	24.21, 13.96, -7.26 	25.98, 15.00 	13,22,21,394		4.44,7.49	1000,1 	0
2749    	33.45, -20.52, -5.99 	24.32, 13.99, -7.26 	25.98, 15.00 	13,22,21,403		1.33,13.77	1000,1 	0
2758    	33.46, -20.49, -5.96 	24.36, 14.00, -7.26 	25.98, 15.00 	13,22,21,413		2.60,5.46	1000,1 	0
2767    	33.45, -20.51, -5.95 	24.42, 14.01, -7.26 	25.98, 15.00 	13,22,21,423		1.60,6.51	1000,1 	0
2775    	33.47, -20.52, -5.97 	24.45, 13.98, -7.25 	25.98, 15.00 	13,22,21,432		2.75,5.44	1000,1 	0
2784    	33.45, -20.49, -5.97 	24.53, 14.00, -7.24 	25.98, 15.00 	13,22,21,442		3.19,8.84	1000,1 	0
2793    	33.44, -20.49, -5.96 	24.57, 14.02, -7.24 	25.98, 15.00 	13,22,21,452		1.07,4.86	1000,1 	0
2802    	33.47, -20.44, -5.96 	24.63, 14.04, -7.24 	25.98, 15.00 	13,22,21,462		6.74,7.82	1000,1 	0
2810    	33.46, -20.43, -5.97 	24.68, 14.07, -7.21 	25.98, 15.00 	13,22,21,471		1.79,7.18	1000,1 	0
2819    	33.48, -20.42, -5.98 	24.75, 14.13, -7.22 	25.98, 15.00 	13,22,21,481		3.42,10.26	1000,1 	0
2828    	33.47, -20.42, -5.99 	24.81, 14.12, -7.20 	25.98, 15.00 	13,22,21,491		1.07,6.54	1000,1 	0
2836    	33.49, -20.42, -5.97 	24.86, 14.14, -7.19 	25.98, 15.00 	13,22,21,500		2.41,7.66	1000,1 	0
2845    	33.48, -20.45, -5.95 	24.90, 14.14, -7.18 	25.98, 15.00 	13,22,21,510		3.71,4.28	1000,1 	0
2854    	33.48, -20.42, -5.96 	24.95, 14.12, -7.16 	25.98, 15.00 	13,22,21,520		3.55,5.88	1000,1 	0
2862    	33.47, -20.46, -5.93 	24.98, 14.10, -7.12 	25.98, 15.00 	13,22,21,529		5.85,4.52	1000,1 	0
2871    	33.47, -20.48, -5.93 	25.03, 14.12, -7.11 	25.98, 15.00 	13,22,21,539		2.60,5.82	1000,1 	0
2880    	33.47, -20.46, -5.95 	25.07, 14.09, -7.09 	25.98, 15.00 	13,22,21,549		2.60,5.61	1000,1 	0
2888    	33.42, -20.52, -5.93 	25.10, 14.09, -7.07 	25.98, 15.00 	13,22,21,558		8.98,3.61	1000,1 	0
2897    	33.46, -20.54, -5.94 	25.10, 14.14, -7.07 	25.98, 15.00 	13,22,21,568		4.89,6.02	1000,1 	0
2906    	33.44, -20.52, -5.95 	25.14, 14.16, -7.06 	25.98, 15.00 	13,22,21,578		3.19,4.86	1000,1 	0
2914    	33.42, -20.49, -5.95 	25.16, 14.20, -7.06 	25.98, 15.00 	13,22,21,587		3.59,4.64	1000,1 	0
2923    	33.40, -20.54, -5.95 	25.16, 14.19, -7.06 	25.98, 15.00 	13,22,21,597		5.20,1.19	1000,1 	0
2932    	33.47, -20.49, -5.94 	25.18, 14.20, -7.06 	25.98, 15.00 	13,22,21,607		9.79,2.43	1000,1 	0
2940    	33.44, -20.54, -5.91 	25.18, 14.20, -7.06 	25.98, 15.00 	13,22,21,616		7.18,0.00	1000,1 	0
2949    	33.42, -20.55, -5.92 	25.18, 14.20, -7.06 	25.98, 15.00 	13,22,21,626		2.45,0.00	1000,1 	0
2958    	33.40, -20.54, -5.91 	25.18, 14.21, -7.05 	25.98, 15.00 	13,22,21,636		2.45,1.19	1000,1 	0
2966    	33.41, -20.55, -5.90 	25.19, 14.22, -7.06 	25.98, 15.00 	13,22,21,645		1.79,1.78	1000,1 	0
2975    	33.40, -20.54, -5.90 	25.20, 14.21, -7.05 	25.98, 15.00 	13,22,21,655		1.60,1.61	1000,1 	0
2984    	33.39, -20.56, -5.92 	25.20, 14.21, -7.05 	25.98, 15.00 	13,22,21,665		2.60,0.00	1000,1 	0
2993    	33.39, -20.55, -5.92 	25.22, 14.24, -7.04 	25.98, 15.00 	13,22,21,675		1.18,4.13	1000,1 	0
3001    	33.40, -20.55, -5.91 	25.21, 14.23, -7.05 	25.98, 15.00 	13,22,21,684		1.20,1.78	1000,1 	0
3010    	33.38, -20.59, -5.92 	25.20, 14.23, -7.05 	25.98, 15.00 	13,22,21,694		5.20,1.07	1000,1 	0
3019    	33.41, -20.60, -5.90 	25.21, 14.23, -7.06 	25.98, 15.00 	13,22,21,704		3.42,1.07	1000,1 	0
3027    	33.41, -20.62, -5.89 	25.22, 14.23, -7.05 	25.98, 15.00 	13,22,21,713		2.66,1.20	1000,1 	0
3036    	33.41, -20.63, -5.89 	25.21, 14.25, -7.06 	25.98, 15.00 	13,22,21,723		1.18,2.62	1000,1 	0
3046    	33.35, -20.62, -5.88 	25.21, 14.26, -7.06 	25.98, 15.00 	13,22,21,734		5.88,1.07	1000,1 	0
3054    	33.35, -20.63, -5.88 	25.23, 14.27, -7.05 	25.98, 15.00 	13,22,21,743		1.33,2.73	1000,1 	0
3063    	33.35, -20.63, -5.88 	25.24, 14.27, -7.06 	25.98, 15.00 	13,22,21,753		0.00,1.07	1000,1 	0
3072    	33.38, -20.62, -5.88 	25.23, 14.28, -7.05 	25.98, 15.00 	13,22,21,763		3.42,1.61	1000,1 	0
3080    	33.33, -20.62, -5.88 	25.26, 14.28, -7.05 	25.98, 15.00 	13,22,21,772		6.02,3.61	1000,1 	0
3089    	33.32, -20.64, -5.89 	25.28, 14.29, -7.06 	25.98, 15.00 	13,22,21,782		2.60,2.43	1000,1 	0
3098    	33.33, -20.60, -5.88 	25.28, 14.32, -7.05 	25.98, 15.00 	13,22,21,792		4.86,3.56	1000,1 	0
3106    	33.38, -20.56, -5.87 	25.29, 14.32, -7.04 	25.98, 15.00 	13,22,21,801		8.04,1.20	1000,1 	0
3115    	33.37, -20.58, -5.89 	25.31, 14.37, -7.04 	25.98, 15.00 	13,22,21,811		2.60,5.18	1000,1 	0
3124    	33.32, -20.59, -5.88 	25.31, 14.37, -7.04 	25.98, 15.00 	13,22,21,821		5.48,0.00	1000,1 	0
3132    	33.32, -20.63, -5.86 	25.29, 14.34, -7.04 	25.98, 15.00 	13,22,21,830		5.33,3.57	1000,1 	0
3141    	33.24, -20.64, -5.86 	25.28, 14.34, -7.04 	25.98, 15.00 	13,22,21,840		8.65,1.07	1000,1 	0
3150    	33.25, -20.69, -5.86 	25.31, 14.34, -7.04 	25.98, 15.00 	13,22,21,850		4.85,3.21	1000,1 	0
3158    	33.26, -20.68, -5.86 	25.31, 14.37, -7.04 	25.98, 15.00 	13,22,21,859		1.80,2.67	1000,1 	0
3167    	33.29, -20.64, -5.86 	25.31, 14.37, -7.04 	25.98, 15.00 	13,22,21,869		4.79,0.00	1000,1 	0
3176    	33.28, -20.62, -5.86 	25.31, 14.37, -7.04 	25.98, 15.00 	13,22,21,879		2.60,1.07	1000,1 	0
3185    	33.33, -20.60, -5.88 	25.31, 14.38, -7.04 	25.98, 15.00 	13,22,21,889		5.85,1.61	1000,1 	0
3193    	33.32, -20.62, -5.88 	25.31, 14.40, -7.04 	25.98, 15.00 	13,22,21,898		2.92,2.91	1000,1 	0
3202    	33.33, -20.63, -5.85 	25.33, 14.43, -7.04 	25.98, 15.00 	13,22,21,908		1.60,4.13	1000,1 	0
3211    	33.29, -20.69, -5.85 	25.31, 14.41, -7.04 	25.98, 15.00 	13,22,21,918		7.31,3.17	1000,1 	0
3219    	33.26, -20.72, -5.82 	25.35, 14.42, -7.05 	25.98, 15.00 	13,22,21,927		5.39,4.97	1000,1 	0
3228    	33.27, -20.75, -5.82 	25.32, 14.41, -7.04 	25.98, 15.00 	13,22,21,937		3.71,3.40	1000,1 	0
3237    	33.25, -20.76, -5.82 	25.30, 14.40, -7.04 	25.98, 15.00 	13,22,21,947		2.45,3.40	1000,1 	0
3245    	33.26, -20.76, -5.83 	25.30, 14.41, -7.04 	25.98, 15.00 	13,22,21,956		1.20,1.78	1000,1 	0
3254    	33.27, -20.75, -5.84 	25.30, 14.41, -7.04 	25.98, 15.00 	13,22,21,966		1.60,0.00	1000,1 	0
3263    	33.26, -20.74, -5.85 	25.32, 14.43, -7.05 	25.98, 15.00 	13,22,21,976		1.60,3.17	1000,1 	0
3271    	33.26, -20.76, -5.84 	25.34, 14.45, -7.05 	25.98, 15.00 	13,22,21,985		2.66,3.57	1000,1 	0
3280    	33.25, -20.75, -5.81 	25.34, 14.48, -7.05 	25.98, 15.00 	13,22,21,995		1.60,3.56	1000,1 	0
3289    	33.27, -20.77, -5.79 	25.33, 14.49, -7.06 	25.98, 15.00 	13,22,22,5		3.19,1.61	1000,1 	0
3297    	33.29, -20.77, -5.80 	25.28, 14.50, -7.04 	25.98, 15.00 	13,22,22,14		2.41,7.36	1000,1 	0
3306    	33.33, -20.77, -5.78 	25.29, 14.55, -7.06 	25.98, 15.00 	13,22,22,24		4.28,5.18	1000,1 	0
3315    	33.33, -20.79, -5.79 	25.28, 14.54, -7.04 	25.98, 15.00 	13,22,22,34		2.37,1.59	1000,1 	0
3323    	33.27, -20.79, -5.79 	25.27, 14.54, -7.05 	25.98, 15.00 	13,22,22,43		7.23,2.41	1000,1 	0
3332    	33.27, -20.82, -5.78 	25.23, 14.54, -7.05 	25.98, 15.00 	13,22,22,53		3.55,4.28	1000,1 	0
3340    	33.23, -20.80, -5.80 	25.20, 14.56, -7.05 	0.00, -0.00 	13,22,22,72		4.89,4.02	1000,1 	0
3349    	33.23, -20.82, -5.80 	25.20, 14.58, -7.05 	0.00, -0.00 	13,22,22,82		1.07,1.07	1000,1 	0
3358    	33.23, -20.82, -5.80 	25.19, 14.61, -7.06 	0.00, -0.00 	13,22,22,92		0.00,1.68	1000,1 	0
3367    	33.25, -20.84, -5.80 	25.18, 14.61, -7.05 	0.00, -0.00 	13,22,22,102		1.16,0.51	1000,1 	0
3375    	33.27, -20.81, -5.77 	25.15, 14.59, -7.05 	0.00, -0.00 	13,22,22,111		1.51,1.88	1000,1 	0
3384    	33.27, -20.79, -5.78 	25.17, 14.60, -7.04 	0.00, -0.00 	13,22,22,121		1.07,1.09	1000,1 	0
3393    	33.25, -20.85, -5.77 	25.13, 14.60, -7.04 	0.00, -0.00 	13,22,22,131		2.98,2.03	1000,1 	0
3401    	33.23, -20.82, -5.77 	25.12, 14.61, -7.04 	0.00, -0.00 	13,22,22,140		1.51,0.76	1000,1 	0
3410    	33.23, -20.87, -5.74 	25.10, 14.59, -7.04 	0.00, -0.00 	13,22,22,150		2.13,1.43	1000,1 	0
3419    	33.24, -20.88, -5.75 	25.08, 14.59, -7.03 	0.00, -0.00 	13,22,22,160		0.76,1.01	1000,1 	0
3427    	33.21, -20.87, -5.76 	25.08, 14.59, -7.03 	0.00, -0.00 	13,22,22,169		1.62,0.00	1000,1 	0
3436    	33.22, -20.89, -5.77 	25.08, 14.58, -7.04 	0.00, -0.00 	13,22,22,179		1.17,0.53	1000,1 	0
3445    	33.22, -20.88, -5.77 	25.07, 14.60, -7.05 	0.00, -0.00 	13,22,22,189		0.56,1.24	1000,1 	0
3453    	33.22, -20.88, -5.77 	25.10, 14.62, -7.04 	0.00, -0.00 	13,22,22,198		0.00,1.88	1000,1 	0
3462    	33.22, -20.90, -5.77 	25.10, 14.62, -7.05 	0.00, -0.00 	13,22,22,208		1.07,0.00	1000,1 	0
3471    	33.22, -20.91, -5.74 	25.09, 14.60, -7.04 	0.00, -0.00 	13,22,22,218		0.56,1.23	1000,1 	0
3479    	33.20, -20.93, -5.75 	25.07, 14.61, -7.05 	0.00, -0.00 	13,22,22,227		1.44,1.11	1000,1 	0
3488    	33.22, -20.94, -5.74 	25.08, 14.60, -7.04 	0.00, -0.00 	13,22,22,237		1.10,0.72	1000,1 	0
3497    	33.18, -20.98, -5.71 	25.09, 14.63, -7.05 	0.00, -0.00 	13,22,22,247		3.39,1.76	1000,1 	0
3505    	33.17, -20.96, -5.70 	25.09, 14.61, -7.03 	0.00, -0.00 	13,22,22,256		1.23,1.13	1000,1 	0
3514    	33.17, -20.94, -5.71 	25.08, 14.62, -7.04 	0.00, -0.00 	13,22,22,266		1.07,0.72	1000,1 	0
3523    	33.17, -20.95, -5.73 	25.08, 14.65, -7.05 	0.00, -0.00 	13,22,22,276		0.56,1.13	1000,1 	0
3531    	33.16, -20.97, -5.73 	25.07, 14.63, -7.05 	0.00, -0.00 	13,22,22,285		1.23,0.75	1000,1 	0
3540    	33.15, -20.96, -5.73 	25.08, 14.63, -7.05 	0.00, -0.00 	13,22,22,295		0.72,0.48	1000,1 	0
3549    	33.16, -20.96, -5.74 	25.10, 14.65, -7.05 	0.00, -0.00 	13,22,22,305		0.48,1.09	1000,1 	0
3558    	33.14, -20.98, -5.71 	25.09, 14.65, -7.03 	0.00, -0.00 	13,22,22,315		1.51,0.51	1000,1 	0
3566    	33.14, -20.93, -5.72 	25.06, 14.63, -7.04 	0.00, -0.00 	13,22,22,324		2.80,1.61	1000,1 	0
3575    	33.11, -20.94, -5.70 	25.09, 14.65, -7.04 	0.00, -0.00 	13,22,22,334		1.54,1.53	1000,1 	0
3584    	33.12, -20.91, -5.70 	25.08, 14.65, -7.04 	0.00, -0.00 	13,22,22,344		1.76,0.51	1000,1 	0
3592    	33.08, -20.90, -5.70 	25.06, 14.63, -7.04 	0.00, -0.00 	13,22,22,353		2.10,1.15	1000,1 	0
3600    	33.09, -20.92, -5.71 	25.07, 14.63, -7.04 	0.00, -0.00 	13,22,22,362		1.17,0.48	1000,1 	0
3610    	33.08, -20.91, -5.72 	25.05, 14.63, -7.03 	0.00, -0.00 	13,22,22,373		0.72,0.96	1000,1 	0
3618    	33.06, -20.92, -5.73 	25.07, 14.65, -7.04 	0.00, -0.00 	13,22,22,382		1.16,1.15	1000,1 	0
3627    	33.05, -20.91, -5.72 	25.07, 14.66, -7.03 	0.00, -0.00 	13,22,22,392		0.72,0.53	1000,1 	0
3636    	33.07, -20.89, -5.72 	25.05, 14.67, -7.04 	0.00, -0.00 	13,22,22,402		1.51,1.17	1000,1 	0
3644    	33.07, -20.89, -5.72 	25.06, 14.67, -7.04 	0.00, -0.00 	13,22,22,411		0.00,0.51	1000,1 	0
3653    	33.07, -20.86, -5.71 	25.05, 14.67, -7.04 	0.00, -0.00 	13,22,22,421		1.60,0.48	1000,1 	0
3662    	33.09, -20.88, -5.69 	25.06, 14.66, -7.04 	0.00, -0.00 	13,22,22,431		1.51,0.76	1000,1 	0
3670    	33.06, -20.89, -5.70 	25.07, 14.67, -7.03 	0.00, -0.00 	13,22,22,440		1.54,0.71	1000,1 	0
3679    	33.07, -20.90, -5.70 	25.07, 14.65, -7.03 	0.00, -0.00 	13,22,22,450		0.72,1.07	1000,1 	0
3688    	33.06, -20.89, -5.71 	25.07, 14.65, -7.02 	0.00, -0.00 	13,22,22,460		0.76,0.00	1000,1 	0
3696    	33.03, -20.90, -5.72 	25.05, 14.65, -7.02 	0.00, -0.00 	13,22,22,469		1.62,1.01	1000,1 	0
3705    	33.02, -20.89, -5.73 	25.06, 14.66, -7.02 	0.00, -0.00 	13,22,22,479		0.72,0.71	1000,1 	0
3714    	33.02, -20.85, -5.73 	25.05, 14.65, -7.02 	0.00, -0.00 	13,22,22,489		2.13,0.71	1000,1 	0
3722    	33.03, -20.85, -5.74 	25.06, 14.63, -7.02 	0.00, -0.00 	13,22,22,498		0.51,0.76	1000,1 	0
3731    	33.05, -20.86, -5.75 	25.05, 14.65, -7.02 	0.00, -0.00 	13,22,22,508		1.10,0.72	1000,1 	0
3740    	33.05, -20.87, -5.73 	25.05, 14.65, -7.02 	0.00, -0.00 	13,22,22,518		0.51,0.00	1000,1 	0
3749    	33.05, -20.86, -5.73 	25.06, 14.63, -7.02 	0.00, -0.00 	13,22,22,528		0.53,0.72	1000,1 	0
3757    	33.02, -20.86, -5.72 	25.04, 14.64, -7.03 	0.00, -0.00 	13,22,22,537		1.45,0.96	1000,1 	0
3766    	32.99, -20.88, -5.70 	25.04, 14.64, -7.03 	0.00, -0.00 	13,22,22,547		1.71,0.00	1000,1 	0
3775    	33.01, -20.87, -5.71 	25.05, 14.65, -7.02 	0.00, -0.00 	13,22,22,557		1.10,0.71	1000,1 	0
3783    	32.98, -20.87, -5.70 	25.06, 14.63, -7.02 	0.00, -0.00 	13,22,22,566		1.45,0.72	1000,1 	0
3792    	32.99, -20.88, -5.71 	25.06, 14.65, -7.02 	0.00, -0.00 	13,22,22,576		0.68,0.51	1000,1 	0
3803    	32.99, -20.88, -5.72 	25.05, 14.62, -7.02 	0.00, -0.00 	13,22,22,588		0.00,1.17	1000,1 	0
3810    	33.02, -20.86, -5.72 	25.05, 14.62, -7.02 	0.00, -0.00 	13,22,22,595		2.00,0.00	1000,1 	0
3819    	33.01, -20.86, -5.71 	25.05, 14.62, -7.02 	0.00, -0.00 	13,22,22,605		0.48,0.00	1000,1 	0
3828    	33.04, -20.82, -5.73 	25.07, 14.63, -7.02 	0.00, -0.00 	13,22,22,615		2.27,1.15	1000,1 	0
3836    	33.06, -20.85, -5.71 	25.07, 14.63, -7.02 	0.00, -0.00 	13,22,22,624		1.51,0.00	1000,1 	0
3845    	33.03, -20.89, -5.71 	25.05, 14.63, -7.02 	0.00, -0.00 	13,22,22,634		2.58,0.96	1000,1 	0
3854    	33.05, -20.92, -5.68 	25.05, 14.63, -7.02 	0.00, -0.00 	13,22,22,644		1.96,0.00	1000,1 	0
3862    	33.04, -20.89, -5.69 	25.05, 14.63, -7.03 	0.00, -0.00 	13,22,22,653		1.76,0.00	1000,1 	0
3871    	32.99, -20.90, -5.69 	25.05, 14.63, -7.03 	0.00, -0.00 	13,22,22,663		2.47,0.00	1000,1 	0
3880    	32.99, -20.94, -5.69 	25.04, 14.64, -7.03 	0.00, -0.00 	13,22,22,673		2.24,0.51	1000,1 	0
3888    	32.96, -20.96, -5.69 	25.02, 14.62, -7.03 	0.00, -0.00 	13,22,22,682		1.89,1.15	1000,1 	0
3897    	32.99, -20.95, -5.69 	25.02, 14.64, -7.03 	0.00, -0.00 	13,22,22,692		1.54,0.53	1000,1 	0
3906    	32.98, -20.93, -5.70 	25.03, 14.64, -7.02 	0.00, -0.00 	13,22,22,702		1.17,0.48	1000,1 	0
3914    	33.02, -20.91, -5.70 	25.03, 14.65, -7.03 	0.00, -0.00 	13,22,22,711		2.32,0.56	1000,1 	0
3923    	33.04, -20.91, -5.70 	25.03, 14.65, -7.03 	0.00, -0.00 	13,22,22,721		0.96,0.00	1000,1 	0
3932    	33.00, -20.95, -5.68 	25.03, 14.64, -7.02 	0.00, -0.00 	13,22,22,731		2.87,0.53	1000,1 	0
3941    	33.01, -20.94, -5.67 	25.03, 14.65, -7.02 	0.00, -0.00 	13,22,22,741		0.76,0.56	1000,1 	0
3949    	33.03, -20.93, -5.67 	25.03, 14.65, -7.03 	0.00, -0.00 	13,22,22,750		1.16,0.00	0,0 	0
3958    	33.04, -20.95, -5.66 	25.00, 14.64, -7.02 	0.00, -0.00 	13,22,22,760		1.17,1.53	0,0 	0
3967    	33.05, -20.95, -5.67 	25.00, 14.67, -7.03 	0.00, -0.00 	13,22,22,770		0.51,1.69	0,0 	0
3975    	33.01, -20.96, -5.67 	24.99, 14.68, -7.04 	0.00, -0.00 	13,22,22,779		2.10,0.76	0,0 	0
3984    	33.02, -20.97, -5.67 	24.99, 14.68, -7.03 	0.00, -0.00 	13,22,22,789		0.72,0.48	0,0 	0
3993    	33.03, -20.97, -5.69 	24.96, 14.68, -7.03 	0.00, -0.00 	13,22,22,799		0.51,1.52	0,0 	0
4001    	33.02, -20.96, -5.68 	24.95, 14.69, -7.04 	0.00, -0.00 	13,22,22,808		0.76,0.76	0,0 	0
4010    	33.02, -21.00, -5.68 	24.94, 14.68, -7.03 	0.00, -0.00 	13,22,22,818		1.60,0.71	0,0 	0
4019    	33.01, -20.98, -5.67 	24.90, 14.67, -7.02 	0.00, -0.00 	13,22,22,828		0.76,2.09	0,0 	0
4027    	32.98, -20.97, -5.67 	24.88, 14.69, -7.02 	0.00, -0.00 	13,22,22,837		1.62,1.53	0,0 	0
4036    	32.95, -20.98, -5.67 	24.82, 14.68, -7.03 	0.00, -0.00 	13,22,22,847		1.54,2.93	0,0 	0
4045    	32.98, -20.97, -5.66 	24.78, 14.68, -7.02 	0.00, -0.00 	13,22,22,857		1.62,2.03	0,0 	0
4053    	32.92, -21.00, -5.66 	24.72, 14.67, -7.02 	0.00, -0.00 	13,22,22,866		3.72,3.58	0,0 	0
4062    	32.93, -21.01, -5.68 	24.64, 14.67, -7.00 	0.00, -0.00 	13,22,22,876		1.10,3.85	0,0 	0
4071    	32.94, -20.98, -5.68 	24.57, 14.69, -7.01 	0.00, -0.00 	13,22,22,886		1.17,3.55	0,0 	0
4079    	32.96, -20.98, -5.70 	24.50, 14.69, -7.00 	0.00, -0.00 	13,22,22,895		0.96,3.37	0,0 	0
4088    	32.98, -20.95, -5.71 	24.43, 14.71, -7.01 	0.00, -0.00 	13,22,22,905		1.87,4.01	0,0 	0
4097    	33.01, -20.98, -5.69 	24.36, 14.75, -7.01 	0.00, -0.00 	13,22,22,915		2.15,3.75	0,0 	0
4105    	33.01, -20.97, -5.70 	24.28, 14.75, -7.01 	0.00, -0.00 	13,22,22,924		0.56,4.05	0,0 	0
4114    	32.98, -21.00, -5.70 	24.15, 14.72, -7.02 	0.00, -0.00 	13,22,22,934		1.80,6.90	0,0 	0
4123    	32.95, -21.01, -5.67 	24.02, 14.65, -7.01 	0.00, -0.00 	13,22,22,944		1.54,6.99	0,0 	0
4132    	32.93, -21.03, -5.69 	23.85, 14.60, -7.01 	0.00, -0.00 	13,22,22,954		1.51,9.50	0,0 	0
4140    	32.93, -21.03, -5.68 	23.67, 14.54, -7.01 	0.00, -0.00 	13,22,22,963		0.00,10.15	0,0 	0
4149    	32.93, -21.03, -5.67 	23.44, 14.49, -7.01 	0.00, -0.00 	13,22,22,973		0.00,11.81	0,0 	0
4158    	32.92, -21.02, -5.69 	23.17, 14.44, -7.01 	0.00, -0.00 	13,22,22,983		1.16,14.42	0,0 	0
4166    	32.93, -21.02, -5.69 	22.93, 14.39, -7.00 	0.00, -0.00 	13,22,22,992		1.01,12.93	0,0 	0
4174    	32.93, -21.03, -5.69 	22.64, 14.27, -6.98 	0.00, -0.00 	13,22,23,1		0.53,15.50	0,0 	0
4184    	32.93, -21.02, -5.70 	22.39, 14.21, -6.97 	0.00, -0.00 	13,22,23,12		0.53,12.87	0,0 	0
4192    	32.97, -21.00, -5.70 	22.09, 14.06, -6.94 	0.00, -0.00 	13,22,23,21		2.32,17.46	0,0 	0
4201    	32.94, -21.01, -5.70 	21.74, 13.87, -6.92 	0.00, -0.00 	13,22,23,31		1.54,20.11	0,0 	0
4210    	32.92, -21.01, -5.70 	21.37, 13.66, -6.91 	0.00, -0.00 	13,22,23,41		1.52,22.15	0,0 	0
4218    	32.94, -21.01, -5.69 	21.04, 13.53, -6.90 	0.00, -0.00 	13,22,23,50		1.45,17.93	0,0 	0
4227    	32.93, -20.98, -5.69 	20.67, 13.37, -6.86 	0.00, -0.00 	13,22,23,60		1.44,20.07	0,0 	0
4236    	32.90, -20.95, -5.69 	20.31, 13.20, -6.86 	0.00, -0.00 	13,22,23,70		2.27,21.13	0,0 	0
4244    	32.91, -20.94, -5.71 	19.95, 13.00, -6.88 	0.00, -0.00 	13,22,23,79		0.76,21.44	0,0 	0
4253    	32.91, -20.94, -5.72 	19.59, 12.85, -6.89 	0.00, -0.00 	13,22,23,89		0.00,19.65	0,0 	0
4262    	32.93, -20.87, -5.73 	19.20, 12.65, -6.91 	0.00, -0.00 	13,22,23,99		3.85,22.05	0,0 	0
4270    	32.90, -20.87, -5.77 	18.73, 12.40, -6.92 	0.00, -0.00 	13,22,23,108		1.52,28.08	0,0 	0
4279    	32.93, -20.85, -5.80 	18.21, 12.14, -6.98 	0.00, -0.00 	13,22,23,118		2.20,29.04	0,0 	0
4288    	32.92, -20.87, -5.80 	17.74, 11.87, -7.05 	0.00, -0.00 	13,22,23,128		1.44,26.93	0,0 	0
4296    	32.93, -20.84, -5.83 	17.29, 11.65, -7.12 	0.00, -0.00 	13,22,23,137		1.96,26.42	0,0 	0
4305    	32.93, -20.80, -5.87 	16.72, 11.39, -7.19 	0.00, -0.00 	13,22,23,147		1.67,31.20	0,0 	0
4314    	32.91, -20.71, -5.95 	16.19, 11.08, -7.28 	0.00, -0.00 	13,22,23,157		4.89,30.88	0,0 	0
4323    	32.80, -20.65, -6.07 	15.69, 10.80, -7.40 	0.00, -0.00 	13,22,23,167		6.24,30.21	0,0 	0
4331    	32.83, -20.51, -6.21 	15.24, 10.63, -7.53 	0.00, -0.00 	13,22,23,176		8.00,25.32	0,0 	0
4340    	32.83, -20.27, -6.40 	14.80, 10.43, -7.63 	0.00, -0.00 	13,22,23,186		11.72,24.21	0,0 	0
4349    	32.94, -19.92, -6.59 	14.33, 10.25, -7.73 	0.00, -0.00 	13,22,23,196		19.33,25.99	0,0 	0
4357    	32.98, -19.60, -6.74 	13.86, 10.10, -7.87 	0.00, -0.00 	13,22,23,205		17.01,26.09	0,0 	0
4365    	33.13, -19.19, -6.89 	13.49, 9.95, -7.98 	0.00, -0.00 	13,22,23,214		21.50,20.10	0,0 	0
4375    	33.21, -18.78, -6.99 	13.07, 9.85, -8.13 	0.00, -0.00 	13,22,23,225		21.13,21.76	0,0 	0
4383    	33.17, -18.49, -7.08 	12.61, 9.71, -8.22 	0.00, -0.00 	13,22,23,234		15.27,25.28	0,0 	0
4392    	33.12, -18.26, -7.18 	12.14, 9.60, -8.31 	0.00, -0.00 	13,22,23,244		11.96,23.75	0,0 	0
4401    	32.97, -18.14, -7.29 	11.71, 9.48, -8.44 	0.00, -0.00 	13,22,23,254		10.19,23.53	0,0 	0
4409    	32.91, -17.91, -7.40 	11.36, 9.41, -8.56 	0.00, -0.00 	13,22,23,263		12.70,19.09	0,0 	0
4418    	32.73, -17.58, -7.52 	11.02, 9.37, -8.64 	0.00, -0.00 	13,22,23,273		18.88,16.95	0,0 	0
4427    	32.60, -17.28, -7.66 	10.66, 9.30, -8.73 	0.00, -0.00 	13,22,23,283		17.02,19.09	0,0 	0
4435    	32.48, -16.99, -7.83 	10.29, 9.25, -8.82 	0.00, -0.00 	13,22,23,292		15.68,18.92	0,0 	0
4444    	32.55, -16.66, -7.94 	10.00, 9.24, -8.94 	0.00, -0.00 	13,22,23,302		16.86,14.44	0,0 	0
4453    	32.63, -16.35, -8.04 	9.66, 9.11, -9.02 	0.00, -0.00 	13,22,23,312		16.05,18.57	0,0 	0
4461    	32.63, -16.10, -8.09 	9.27, 8.88, -9.06 	0.00, -0.00 	13,22,23,321		12.90,23.30	0,0 	0
4470    	32.60, -16.03, -8.16 	8.86, 8.63, -9.08 	0.00, -0.00 	13,22,23,331		4.00,24.18	0,0 	0
4479    	32.46, -16.05, -8.21 	8.50, 8.46, -9.13 	0.00, -0.00 	13,22,23,341		7.30,20.07	0,0 	0
4487    	32.25, -16.08, -8.28 	8.16, 8.31, -9.18 	0.00, -0.00 	13,22,23,350		11.28,19.52	0,0 	0
4496    	32.10, -16.04, -8.31 	7.79, 8.22, -9.25 	0.00, -0.00 	13,22,23,360		7.53,19.18	0,0 	0
4505    	31.95, -15.85, -8.40 	7.40, 8.08, -9.34 	0.00, -0.00 	13,22,23,370		12.30,20.55	0,0 	0
4514    	31.86, -15.64, -8.48 	7.00, 7.91, -9.41 	0.00, -0.00 	13,22,23,380		12.11,22.97	0,0 	0
4522    	31.83, -15.39, -8.58 	6.69, 7.74, -9.45 	0.00, -0.00 	13,22,23,389		12.99,18.42	0,0 	0
4531    	31.90, -15.02, -8.70 	6.42, 7.56, -9.47 	0.00, -0.00 	13,22,23,399		18.95,16.14	0,0 	0
4540    	31.92, -14.76, -8.75 	6.06, 7.32, -9.46 	0.00, -0.00 	13,22,23,409		13.50,23.03	0,0 	0
4548    	31.86, -14.63, -8.77 	5.70, 7.02, -9.44 	0.00, -0.00 	13,22,23,418		7.38,24.69	0,0 	0
4557    	31.83, -14.58, -8.78 	5.38, 6.85, -9.45 	0.00, -0.00 	13,22,23,428		3.29,17.92	0,0 	0
4566    	31.76, -14.56, -8.77 	5.22, 6.76, -9.47 	0.00, -0.00 	13,22,23,438		3.72,9.92	0,0 	0
4574    	31.64, -14.56, -8.76 	4.91, 6.59, -9.45 	0.00, -0.00 	13,22,23,447		6.08,18.42	0,0 	0
4583    	31.57, -14.52, -8.77 	4.57, 6.37, -9.43 	0.00, -0.00 	13,22,23,457		4.40,20.10	0,0 	0
4592    	31.40, -14.45, -8.77 	4.29, 6.09, -9.40 	0.00, -0.00 	13,22,23,467		9.25,20.93	0,0 	0
4600    	31.27, -14.35, -8.79 	4.13, 5.91, -9.37 	0.00, -0.00 	13,22,23,476		9.04,12.77	0,0 	0
4609    	31.21, -14.21, -8.82 	3.95, 5.75, -9.33 	0.00, -0.00 	13,22,23,486		7.50,11.71	0,0 	0
4618    	31.14, -14.06, -8.87 	3.73, 5.56, -9.27 	0.00, -0.00 	13,22,23,496		8.61,15.32	0,0 	0
4626    	31.14, -13.91, -8.89 	3.49, 5.35, -9.21 	0.00, -0.00 	13,22,23,505		7.46,15.97	0,0 	0
4635    	31.08, -13.72, -8.94 	3.34, 5.19, -9.19 	0.00, -0.00 	13,22,23,515		10.01,11.03	0,0 	0
4644    	31.08, -13.58, -8.97 	3.19, 4.98, -9.14 	0.00, -0.00 	13,22,23,525		6.94,13.08	0,0 	0
4652    	31.06, -13.42, -8.97 	3.00, 4.76, -9.08 	0.00, -0.00 	13,22,23,534		8.47,15.45	0,0 	0
4661    	30.96, -13.38, -8.95 	2.76, 4.53, -9.03 	0.00, -0.00 	13,22,23,544		5.27,16.33	0,0 	0
4670    	30.87, -13.35, -8.93 	2.55, 4.29, -8.96 	0.00, -0.00 	13,22,23,554		4.46,16.10	0,0 	0
4678    	30.78, -13.33, -8.93 	2.34, 4.12, -8.92 	0.00, -0.00 	13,22,23,563		5.19,14.22	0,0 	0
4687    	30.68, -13.28, -8.93 	2.15, 3.96, -8.84 	0.00, -0.00 	13,22,23,573		5.50,12.43	0,0 	0
4697    	30.57, -13.22, -8.92 	1.92, 3.74, -8.74 	0.00, -0.00 	13,22,23,584		6.19,15.98	0,0 	0
4706    	30.43, -13.11, -8.92 	1.76, 3.56, -8.67 	0.00, -0.00 	13,22,23,593		9.97,13.48	0,0 	0
4714    	30.34, -12.90, -8.93 	1.57, 3.38, -8.65 	0.00, -0.00 	13,22,23,602		12.78,14.21	0,0 	0
4722    	30.29, -12.68, -8.94 	1.46, 3.18, -8.60 	0.00, -0.00 	13,22,23,611		11.62,12.22	0,0 	0
4732    	30.23, -12.47, -8.94 	1.25, 2.95, -8.54 	0.00, -0.00 	13,22,23,622		11.62,16.12	0,0 	0
4740    	30.12, -12.35, -8.95 	0.98, 2.78, -8.46 	0.00, -0.00 	13,22,23,631		8.77,17.61	0,0 	0
4749    	30.08, -12.28, -8.94 	0.73, 2.56, -8.41 	0.00, -0.00 	13,22,23,641		4.42,17.56	0,0 	0
4758    	29.96, -12.26, -8.93 	0.51, 2.36, -8.38 	0.00, -0.00 	13,22,23,651		7.06,16.56	0,0 	0
4766    	29.86, -12.16, -8.92 	0.35, 2.21, -8.38 	0.00, -0.00 	13,22,23,660		7.55,12.23	0,0 	0
4775    	29.69, -12.11, -8.92 	0.14, 2.10, -8.39 	0.00, -0.00 	13,22,23,670		9.55,12.67	0,0 	0
4784    	29.56, -11.96, -8.93 	-0.03, 1.97, -8.38 	0.00, -0.00 	13,22,23,680		10.82,11.89	0,0 	0
4792    	29.51, -11.81, -8.98 	-0.13, 1.88, -8.41 	0.00, -0.00 	13,22,23,689		8.89,7.10	0,0 	0
4801    	29.52, -11.67, -9.01 	-0.16, 1.81, -8.41 	0.00, -0.00 	13,22,23,699		7.31,4.20	0,0 	0
4810    	29.48, -11.54, -9.01 	-0.23, 1.74, -8.41 	0.00, -0.00 	13,22,23,709		7.42,5.92	0,0 	0
4818    	29.45, -11.40, -9.01 	-0.30, 1.73, -8.42 	0.00, -0.00 	13,22,23,718		7.45,3.58	0,0 	0
4827    	29.39, -11.31, -9.01 	-0.33, 1.68, -8.43 	0.00, -0.00 	13,22,23,728		5.89,2.70	0,0 	0
4836    	29.34, -11.21, -9.00 	-0.34, 1.65, -8.38 	0.00, -0.00 	13,22,23,738		5.65,1.76	0,0 	0
4844    	29.32, -11.12, -8.99 	-0.43, 1.57, -8.34 	0.00, -0.00 	13,22,23,747		5.43,7.10	0,0 	0
4853    	29.29, -11.10, -8.97 	-0.64, 1.53, -8.27 	0.00, -0.00 	13,22,23,757		2.32,10.84	0,0 	0
4862    	29.20, -11.12, -8.93 	-0.78, 1.47, -8.19 	0.00, -0.00 	13,22,23,767		4.70,8.06	0,0 	0
4870    	29.16, -11.12, -8.95 	-0.89, 1.44, -8.11 	0.00, -0.00 	13,22,23,776		2.14,6.12	0,0 	0
4879    	29.13, -11.10, -8.93 	-0.91, 1.46, -8.07 	0.00, -0.00 	13,22,23,786		2.39,1.93	0,0 	0
4888    	29.13, -11.04, -8.95 	-0.91, 1.49, -8.04 	0.00, -0.00 	13,22,23,796		3.55,1.43	0,0 	0
4897    	29.07, -11.00, -8.94 	-0.90, 1.50, -8.00 	0.00, -0.00 	13,22,23,806		5.13,1.02	0,0 	0
4905    	29.10, -10.99, -8.94 	-0.87, 1.51, -7.96 	0.00, -0.00 	13,22,23,815		2.20,2.19	0,0 	0
4914    	29.10, -10.99, -8.93 	-0.80, 1.53, -7.93 	0.00, -0.00 	13,22,23,825		0.00,4.69	0,0 	0
4923    	29.12, -10.96, -8.92 	-0.77, 1.61, -7.89 	0.00, -0.00 	13,22,23,835		2.49,5.99	0,0 	0
4931    	29.14, -10.96, -8.91 	-0.70, 1.69, -7.84 	0.00, -0.00 	13,22,23,844		1.38,7.61	0,0 	0
4939    	29.13, -10.96, -8.91 	-0.58, 1.76, -7.77 	0.00, -0.00 	13,22,23,853		0.64,9.11	0,0 	0
4949    	29.16, -10.95, -8.91 	-0.41, 1.91, -7.62 	0.00, -0.00 	13,22,23,864		1.93,14.20	0,0 	0
4957    	29.18, -10.98, -8.91 	-0.17, 2.05, -7.41 	0.00, -0.00 	13,22,23,873		2.66,19.72	0,0 	0
4966    	29.17, -10.97, -8.90 	0.03, 2.19, -7.23 	0.00, -0.00 	13,22,23,883		0.96,16.64	0,0 	0
4975    	29.15, -11.01, -8.90 	0.22, 2.23, -7.05 	0.00, -0.00 	13,22,23,893		3.12,13.10	0,0 	0
4983    	29.16, -11.05, -8.88 	0.42, 2.24, -6.97 	0.00, -0.00 	13,22,23,902		3.12,13.76	0,0 	0
4992    	29.23, -11.08, -8.90 	0.54, 2.21, -6.90 	0.00, -0.00 	13,22,23,912		4.97,8.64	0,0 	0
5001    	29.26, -11.12, -8.85 	0.60, 2.18, -6.82 	0.00, -0.00 	13,22,23,922		2.69,4.15	0,0 	0
5009    	29.32, -11.14, -8.82 	0.61, 2.17, -6.78 	0.00, -0.00 	13,22,23,931		4.40,1.04	0,0 	0
5018    	29.45, -11.15, -8.80 	0.66, 2.17, -6.78 	0.00, -0.00 	13,22,23,941		9.02,3.21	0,0 	0
5027    	29.55, -11.27, -8.74 	0.70, 2.19, -6.79 	0.00, -0.00 	13,22,23,951		9.48,2.73	0,0 	0
5035    	29.61, -11.39, -8.69 	0.74, 2.18, -6.82 	0.00, -0.00 	13,22,23,960		10.32,2.86	0,0 	0
5044    	29.67, -11.59, -8.60 	0.77, 2.18, -6.81 	0.00, -0.00 	13,22,23,970		13.35,2.57	0,0 	0
5053    	29.64, -11.83, -8.55 	0.81, 2.16, -6.82 	0.00, -0.00 	13,22,23,980		16.45,2.95	0,0 	0
5061    	29.66, -12.06, -8.49 	0.82, 2.17, -6.84 	0.00, -0.00 	13,22,23,989		16.80,1.02	0,0 	0
5070    	29.72, -12.22, -8.44 	0.87, 2.12, -6.83 	0.00, -0.00 	13,22,23,999		11.33,4.32	0,0 	0
5079    	29.85, -12.22, -8.42 	0.91, 2.07, -6.82 	0.00, -0.00 	13,22,24,9		8.99,4.42	0,0 	0
5088    	29.92, -12.31, -8.38 	0.93, 1.99, -6.80 	0.00, -0.00 	13,22,24,19		7.24,5.17	0,0 	0
5096    	29.98, -12.44, -8.35 	0.96, 1.94, -6.78 	0.00, -0.00 	13,22,24,28		10.02,4.37	0,0 	0
5105    	30.06, -12.54, -8.31 	0.94, 1.83, -6.77 	0.00, -0.00 	13,22,24,38		9.15,7.22	0,0 	0
5114    	30.11, -12.62, -8.27 	1.00, 1.75, -6.74 	0.00, -0.00 	13,22,24,48		5.92,6.93	0,0 	0
5122    	30.19, -12.68, -8.23 	1.06, 1.69, -6.72 	0.00, -0.00 	13,22,24,57		7.15,5.66	0,0 	0
5131    	30.15, -12.73, -8.20 	1.03, 1.65, -6.71 	0.00, -0.00 	13,22,24,67		3.83,3.42	0,0 	0
5140    	30.16, -12.72, -8.21 	1.07, 1.61, -6.71 	0.00, -0.00 	13,22,24,77		0.96,3.86	0,0 	0
5148    	30.17, -12.73, -8.21 	1.06, 1.58, -6.71 	0.00, -0.00 	13,22,24,86		1.03,2.38	0,0 	0
5157    	30.16, -12.73, -8.21 	1.10, 1.53, -6.71 	0.00, -0.00 	13,22,24,96		0.64,3.86	0,0 	0
5166    	30.16, -12.75, -8.20 	1.11, 1.53, -6.73 	0.00, -0.00 	13,22,24,106		1.42,1.28	0,0 	0
5174    	30.16, -12.76, -8.22 	1.14, 1.48, -6.72 	0.00, -0.00 	13,22,24,115		0.76,4.37	0,0 	0
5183    	30.19, -12.73, -8.22 	1.17, 1.45, -6.73 	0.00, -0.00 	13,22,24,125		2.87,2.90	0,0 	0
5192    	30.20, -12.70, -8.24 	1.13, 1.38, -6.71 	0.00, -0.00 	13,22,24,135		1.46,4.98	0,0 	0
5200    	30.22, -12.70, -8.23 	1.10, 1.32, -6.70 	0.00, -0.00 	13,22,24,144		1.38,5.00	0,0 	0
5209    	30.21, -12.73, -8.22 	1.05, 1.26, -6.68 	0.00, -0.00 	13,22,24,154		1.56,5.31	0,0 	0
5218    	30.20, -12.72, -8.21 	1.03, 1.22, -6.69 	0.00, -0.00 	13,22,24,164		0.96,2.48	0,0 	0
5226    	30.19, -12.72, -8.21 	0.99, 1.15, -6.68 	0.00, -0.00 	13,22,24,173		0.69,5.97	0,0 	0
5235    	30.17, -12.72, -8.22 	0.97, 1.10, -6.68 	0.00, -0.00 	13,22,24,183		1.28,3.77	0,0 	0
5244    	30.19, -12.72, -8.21 	0.86, 1.04, -6.66 	0.00, -0.00 	13,22,24,193		1.28,8.43	0,0 	0
