#Time 	Sensor1         Sensor2         Target          Time            Vel             
#================================================================

17      	31.39, -14.10, -8.14 	-0.68, 0.16, -6.61 	17.32, 10.00 	13,20,33,543		0.00,0.00	0,0 	0
25      	31.44, -14.09, -8.12 	-0.70, 0.15, -6.60 	17.32, 10.00 	13,20,33,553		6.17,3.83	0,0 	0
33      	31.46, -14.05, -8.11 	-0.68, 0.16, -6.60 	17.32, 10.00 	13,20,33,562		5.85,2.73	0,0 	0
42      	31.45, -14.12, -8.11 	-0.70, 0.17, -6.60 	17.32, 10.00 	13,20,33,572		8.36,2.46	0,0 	0
51      	31.54, -14.09, -8.11 	-0.68, 0.16, -6.60 	17.32, 10.00 	13,20,33,582		10.27,3.44	0,0 	0
59      	31.51, -14.14, -8.09 	-0.69, 0.15, -6.60 	17.32, 10.00 	13,20,33,591		7.58,2.73	0,0 	0
68      	31.48, -14.20, -8.07 	-0.69, 0.13, -6.60 	17.32, 10.00 	13,20,33,601		6.74,2.38	0,0 	0
77      	31.46, -14.23, -8.06 	-0.70, 0.15, -6.60 	17.32, 10.00 	13,20,33,611		4.15,2.62	0,0 	0
85      	31.48, -14.27, -8.04 	-0.70, 0.13, -6.60 	17.32, 10.00 	13,20,33,620		5.84,2.67	0,0 	0
94      	31.42, -14.30, -8.03 	-0.70, 0.13, -6.59 	17.32, 10.00 	13,20,33,630		7.34,0.00	0,0 	0
103     	31.47, -14.26, -8.04 	-0.73, 0.14, -6.59 	17.32, 10.00 	13,20,33,640		7.15,3.44	0,0 	0
111     	31.46, -14.25, -8.02 	-0.70, 0.14, -6.59 	17.32, 10.00 	13,20,33,649		1.79,3.61	0,0 	0
121     	31.45, -14.28, -8.03 	-0.70, 0.14, -6.60 	17.32, 10.00 	13,20,33,660		3.34,0.00	0,0 	0
129     	31.45, -14.29, -8.03 	-0.72, 0.14, -6.59 	17.32, 10.00 	13,20,33,669		1.33,2.41	0,0 	0
138     	31.48, -14.26, -8.02 	-0.71, 0.13, -6.59 	17.32, 10.00 	13,20,33,679		4.79,1.61	0,0 	0
146     	31.50, -14.29, -8.01 	-0.71, 0.12, -6.59 	17.32, 10.00 	13,20,33,688		4.66,1.34	0,0 	0
155     	31.45, -14.35, -8.00 	-0.71, 0.13, -6.59 	17.32, 10.00 	13,20,33,698		7.98,1.19	0,0 	0
164     	31.46, -14.38, -8.01 	-0.73, 0.12, -6.59 	17.32, 10.00 	13,20,33,708		3.71,2.43	0,0 	0
172     	31.43, -14.43, -7.99 	-0.73, 0.12, -6.59 	17.32, 10.00 	13,20,33,717		7.58,0.00	0,0 	0
181     	31.43, -14.44, -7.98 	-0.68, 0.11, -6.58 	17.32, 10.00 	13,20,33,727		1.18,5.35	0,0 	0
190     	31.43, -14.44, -7.98 	-0.69, 0.13, -6.58 	17.32, 10.00 	13,20,33,737		0.00,1.61	0,0 	0
198     	31.40, -14.46, -7.98 	-0.71, 0.14, -6.58 	17.32, 10.00 	13,20,33,746		4.49,2.77	0,0 	0
207     	31.41, -14.46, -7.98 	-0.71, 0.14, -6.58 	17.32, 10.00 	13,20,33,756		1.07,0.00	0,0 	0
216     	31.43, -14.46, -7.97 	-0.71, 0.10, -6.59 	17.32, 10.00 	13,20,33,766		2.14,3.56	0,0 	0
224     	31.44, -14.48, -7.95 	-0.71, 0.12, -6.60 	17.32, 10.00 	13,20,33,775		2.92,1.34	0,0 	0
233     	31.42, -14.48, -7.95 	-0.72, 0.12, -6.58 	17.32, 10.00 	13,20,33,785		2.14,1.07	0,0 	0
242     	31.41, -14.52, -7.95 	-0.73, 0.13, -6.60 	17.32, 10.00 	13,20,33,795		3.71,1.61	0,0 	0
250     	31.41, -14.51, -7.93 	-0.74, 0.14, -6.60 	17.32, 10.00 	13,20,33,804		1.33,1.81	0,0 	0
259     	31.41, -14.53, -7.94 	-0.71, 0.14, -6.60 	17.32, 10.00 	13,20,33,814		2.37,3.21	0,0 	0
268     	31.38, -14.53, -7.94 	-0.70, 0.14, -6.60 	17.32, 10.00 	13,20,33,824		3.21,1.07	0,0 	0
276     	31.38, -14.53, -7.95 	-0.70, 0.14, -6.60 	17.32, 10.00 	13,20,33,833		0.00,0.00	0,0 	0
285     	31.37, -14.56, -7.93 	-0.70, 0.14, -6.60 	17.32, 10.00 	13,20,33,843		3.71,0.00	0,0 	0
294     	31.34, -14.56, -7.94 	-0.70, 0.14, -6.62 	17.32, 10.00 	13,20,33,853		3.21,0.00	0,0 	0
302     	31.40, -14.52, -7.93 	-0.69, 0.15, -6.62 	17.32, 10.00 	13,20,33,862		8.98,1.78	0,0 	0
311     	31.37, -14.52, -7.92 	-0.69, 0.14, -6.62 	17.32, 10.00 	13,20,33,872		3.21,1.19	0,0 	0
320     	31.38, -14.54, -7.91 	-0.70, 0.13, -6.61 	17.32, 10.00 	13,20,33,882		2.60,1.59	0,0 	0
328     	31.41, -14.53, -7.91 	-0.70, 0.13, -6.61 	17.32, 10.00 	13,20,33,891		3.85,0.00	0,0 	0
338     	31.40, -14.53, -7.91 	-0.69, 0.14, -6.61 	17.32, 10.00 	13,20,33,902		0.96,1.43	0,0 	0
346     	31.41, -14.56, -7.91 	-0.72, 0.14, -6.60 	17.32, 10.00 	13,20,33,911		4.17,3.61	0,0 	0
355     	31.41, -14.56, -7.91 	-0.71, 0.14, -6.60 	17.32, 10.00 	13,20,33,921		0.00,1.07	0,0 	0
363     	31.39, -14.57, -7.91 	-0.72, 0.14, -6.60 	17.32, 10.00 	13,20,33,930		2.75,1.20	0,0 	0
372     	31.43, -14.55, -7.91 	-0.72, 0.16, -6.61 	17.32, 10.00 	13,20,33,940		4.89,2.38	0,0 	0
381     	31.43, -14.56, -7.90 	-0.72, 0.15, -6.62 	17.32, 10.00 	13,20,33,950		1.18,1.19	0,0 	0
389     	31.42, -14.55, -7.91 	-0.71, 0.15, -6.62 	17.32, 10.00 	13,20,33,959		1.79,1.20	0,0 	0
398     	31.42, -14.55, -7.92 	-0.73, 0.16, -6.60 	17.32, 10.00 	13,20,33,969		0.00,2.46	0,0 	0
407     	31.44, -14.55, -7.92 	-0.73, 0.16, -6.61 	17.32, 10.00 	13,20,33,979		2.14,0.00	0,0 	0
415     	31.43, -14.57, -7.91 	-0.73, 0.15, -6.60 	17.32, 10.00 	13,20,33,988		2.92,1.34	0,0 	0
424     	31.42, -14.59, -7.90 	-0.69, 0.14, -6.60 	17.32, 10.00 	13,20,33,998		2.60,4.46	0,0 	0
433     	31.42, -14.60, -7.88 	-0.68, 0.13, -6.60 	17.32, 10.00 	13,20,34,8		1.18,1.61	0,0 	0
441     	31.40, -14.62, -7.88 	-0.68, 0.13, -6.60 	17.32, 10.00 	13,20,34,17		3.59,0.00	0,0 	0
450     	31.42, -14.59, -7.88 	-0.68, 0.15, -6.60 	17.32, 10.00 	13,20,34,27		4.15,2.59	0,0 	0
459     	31.42, -14.60, -7.88 	-0.72, 0.16, -6.61 	17.32, 10.00 	13,20,34,37		1.18,5.49	0,0 	0
467     	31.42, -14.61, -7.87 	-0.72, 0.15, -6.61 	17.32, 10.00 	13,20,34,46		1.33,1.34	0,0 	0
476     	31.42, -14.61, -7.88 	-0.70, 0.14, -6.61 	17.32, 10.00 	13,20,34,56		0.00,2.46	0,0 	0
485     	31.43, -14.59, -7.88 	-0.71, 0.13, -6.61 	17.32, 10.00 	13,20,34,66		2.60,1.59	0,0 	0
493     	31.42, -14.62, -7.88 	-0.71, 0.13, -6.61 	17.32, 10.00 	13,20,34,75		4.17,0.00	0,0 	0
503     	31.41, -14.67, -7.87 	-0.70, 0.14, -6.61 	17.32, 10.00 	13,20,34,86		4.37,1.43	0,0 	0
511     	31.39, -14.70, -7.86 	-0.71, 0.13, -6.61 	17.32, 10.00 	13,20,34,95		4.67,1.78	0,0 	0
520     	31.40, -14.71, -7.85 	-0.70, 0.14, -6.60 	17.32, 10.00 	13,20,34,105		1.60,1.59	0,0 	0
528     	31.38, -14.75, -7.84 	-0.70, 0.14, -6.60 	17.32, 10.00 	13,20,34,114		5.85,0.00	0,0 	0
537     	31.38, -14.74, -7.84 	-0.70, 0.13, -6.60 	17.32, 10.00 	13,20,34,124		1.18,1.19	0,0 	0
546     	31.39, -14.76, -7.83 	-0.69, 0.13, -6.60 	17.32, 10.00 	13,20,34,134		2.60,1.07	0,0 	0
554     	31.36, -14.78, -7.84 	-0.69, 0.13, -6.60 	17.32, 10.00 	13,20,34,143		4.49,0.00	0,0 	0
563     	31.39, -14.78, -7.84 	-0.69, 0.13, -6.60 	17.32, 10.00 	13,20,34,153		3.21,0.00	0,0 	0
572     	31.38, -14.77, -7.84 	-0.70, 0.14, -6.60 	17.32, 10.00 	13,20,34,163		1.60,1.61	0,0 	0
580     	31.38, -14.78, -7.83 	-0.69, 0.14, -6.60 	17.32, 10.00 	13,20,34,172		1.33,1.20	0,0 	0
589     	31.41, -14.76, -7.83 	-0.68, 0.13, -6.60 	17.32, 10.00 	13,20,34,182		3.99,1.61	0,0 	0
598     	31.40, -14.75, -7.83 	-0.68, 0.14, -6.61 	17.32, 10.00 	13,20,34,192		1.60,1.19	0,0 	0
606     	31.41, -14.77, -7.81 	-0.68, 0.16, -6.61 	17.32, 10.00 	13,20,34,201		2.92,2.91	0,0 	0
615     	31.41, -14.78, -7.80 	-0.68, 0.16, -6.61 	17.32, 10.00 	13,20,34,211		1.18,0.00	0,0 	0
624     	31.39, -14.83, -7.78 	-0.66, 0.15, -6.60 	17.32, 10.00 	13,20,34,221		5.20,2.46	0,0 	0
632     	31.39, -14.84, -7.77 	-0.67, 0.15, -6.62 	17.32, 10.00 	13,20,34,230		1.33,1.20	0,0 	0
641     	31.36, -14.84, -7.78 	-0.70, 0.15, -6.62 	17.32, 10.00 	13,20,34,240		3.21,4.28	0,0 	0
650     	31.38, -14.84, -7.78 	-0.68, 0.16, -6.62 	17.32, 10.00 	13,20,34,250		2.14,2.43	0,0 	0
658     	31.37, -14.84, -7.79 	-0.69, 0.16, -6.62 	17.32, 10.00 	13,20,34,259		1.20,1.20	0,0 	0
667     	31.38, -14.84, -7.79 	-0.68, 0.16, -6.62 	17.32, 10.00 	13,20,34,269		1.07,2.14	0,0 	0
676     	31.39, -14.84, -7.80 	-0.67, 0.16, -6.62 	17.32, 10.00 	13,20,34,279		1.07,1.07	0,0 	0
685     	31.42, -14.83, -7.78 	-0.67, 0.15, -6.63 	17.32, 10.00 	13,20,34,289		3.42,1.19	0,0 	0
694     	31.40, -14.83, -7.78 	-0.69, 0.16, -6.62 	17.32, 10.00 	13,20,34,299		2.14,3.44	0,0 	0
702     	31.40, -14.84, -7.78 	-0.69, 0.17, -6.62 	17.32, 10.00 	13,20,34,308		1.33,1.34	0,0 	0
711     	31.38, -14.86, -7.77 	-0.69, 0.17, -6.62 	17.32, 10.00 	13,20,34,318		3.19,0.00	0,0 	0
719     	31.38, -14.86, -7.77 	-0.69, 0.18, -6.61 	17.32, 10.00 	13,20,34,327		0.00,1.34	0,0 	0
728     	31.36, -14.88, -7.78 	-0.72, 0.17, -6.61 	17.32, 10.00 	13,20,34,337		3.19,3.40	0,0 	0
737     	31.36, -14.88, -7.79 	-0.73, 0.16, -6.62 	17.32, 10.00 	13,20,34,347		0.00,1.59	0,0 	0
745     	31.36, -14.89, -7.78 	-0.71, 0.15, -6.62 	17.32, 10.00 	13,20,34,356		1.33,2.77	0,0 	0
754     	31.34, -14.92, -7.77 	-0.70, 0.15, -6.61 	17.32, 10.00 	13,20,34,366		4.15,1.07	0,0 	0
763     	31.36, -14.90, -7.78 	-0.70, 0.15, -6.61 	17.32, 10.00 	13,20,34,376		3.19,0.00	0,0 	0
771     	31.34, -14.93, -7.78 	-0.69, 0.17, -6.62 	17.32, 10.00 	13,20,34,385		4.67,2.91	0,0 	0
780     	31.34, -14.92, -7.76 	-0.68, 0.14, -6.62 	17.32, 10.00 	13,20,34,395		1.18,3.74	0,0 	0
789     	31.36, -14.91, -7.75 	-0.67, 0.14, -6.62 	17.32, 10.00 	13,20,34,405		2.45,1.07	0,0 	0
797     	31.34, -14.92, -7.76 	-0.67, 0.13, -6.62 	17.32, 10.00 	13,20,34,414		2.75,1.34	0,0 	0
806     	31.34, -14.91, -7.75 	-0.71, 0.13, -6.62 	17.32, 10.00 	13,20,34,424		1.18,4.28	0,0 	0
815     	31.30, -14.94, -7.75 	-0.71, 0.14, -6.61 	17.32, 10.00 	13,20,34,434		5.56,1.19	0,0 	0
823     	31.30, -14.95, -7.75 	-0.71, 0.14, -6.61 	17.32, 10.00 	13,20,34,443		1.33,0.00	0,0 	0
832     	31.31, -14.93, -7.76 	-0.71, 0.14, -6.61 	17.32, 10.00 	13,20,34,453		2.60,0.00	0,0 	0
841     	31.33, -14.92, -7.75 	-0.69, 0.15, -6.62 	17.32, 10.00 	13,20,34,463		2.45,2.43	0,0 	0
849     	31.33, -14.92, -7.75 	-0.70, 0.16, -6.62 	17.32, 10.00 	13,20,34,472		0.00,1.81	0,0 	0
858     	31.33, -14.93, -7.73 	-0.68, 0.15, -6.61 	17.32, 10.00 	13,20,34,482		1.18,2.46	0,0 	0
867     	31.32, -14.94, -7.73 	-0.68, 0.15, -6.61 	17.32, 10.00 	13,20,34,492		1.60,0.00	0,0 	0
876     	31.34, -14.95, -7.74 	-0.71, 0.15, -6.62 	17.32, 10.00 	13,20,34,502		2.45,3.21	0,0 	0
885     	31.33, -14.97, -7.73 	-0.71, 0.13, -6.62 	17.32, 10.00 	13,20,34,512		2.60,2.38	0,0 	0
893     	31.33, -14.99, -7.73 	-0.71, 0.15, -6.63 	17.32, 10.00 	13,20,34,521		1.33,2.67	0,0 	0
902     	31.32, -15.01, -7.72 	-0.69, 0.15, -6.62 	17.32, 10.00 	13,20,34,531		2.60,2.14	0,0 	0
910     	31.31, -15.01, -7.71 	-0.68, 0.15, -6.63 	17.32, 10.00 	13,20,34,540		1.20,1.20	0,0 	0
919     	31.31, -15.00, -7.72 	-0.67, 0.15, -6.62 	17.32, 10.00 	13,20,34,550		1.18,2.14	0,0 	0
928     	31.31, -15.01, -7.72 	-0.67, 0.14, -6.60 	17.32, 10.00 	13,20,34,560		1.18,1.19	0,0 	0
936     	31.32, -15.03, -7.72 	-0.69, 0.14, -6.61 	17.32, 10.00 	13,20,34,569		2.92,3.61	0,0 	0
945     	31.32, -15.03, -7.69 	-0.69, 0.15, -6.60 	17.32, 10.00 	13,20,34,579		0.00,1.19	0,0 	0
954     	31.36, -15.03, -7.68 	-0.68, 0.15, -6.60 	17.32, 10.00 	13,20,34,589		4.28,1.07	0,0 	0
962     	31.32, -15.05, -7.67 	-0.67, 0.14, -6.60 	17.32, 10.00 	13,20,34,598		5.51,1.81	0,0 	0
971     	31.30, -15.07, -7.67 	-0.67, 0.14, -6.60 	17.32, 10.00 	13,20,34,608		3.19,1.07	0,0 	0
980     	31.30, -15.07, -7.67 	-0.64, 0.14, -6.60 	17.32, 10.00 	13,20,34,618		0.00,3.21	0,0 	0
988     	31.32, -15.06, -7.67 	-0.68, 0.13, -6.61 	17.32, 10.00 	13,20,34,627		2.75,6.14	0,0 	0
997     	31.31, -15.05, -7.66 	-0.67, 0.14, -6.62 	17.32, 10.00 	13,20,34,637		1.60,2.43	0,0 	0
1006    	31.31, -15.06, -7.66 	-0.70, 0.14, -6.61 	17.32, 10.00 	13,20,34,647		1.18,4.28	1000,1 	0
1014    	31.29, -15.08, -7.69 	-0.69, 0.13, -6.60 	17.32, 10.00 	13,20,34,656		3.59,1.81	1000,1 	0
1023    	31.30, -15.08, -7.67 	-0.67, 0.14, -6.61 	17.32, 10.00 	13,20,34,666		1.07,2.43	1000,1 	0
1032    	31.31, -15.08, -7.68 	-0.69, 0.14, -6.61 	17.32, 10.00 	13,20,34,676		1.07,2.14	1000,1 	0
1040    	31.31, -15.09, -7.66 	-0.69, 0.14, -6.61 	17.32, 10.00 	13,20,34,685		1.33,0.00	1000,1 	0
1049    	31.30, -15.10, -7.67 	-0.68, 0.14, -6.61 	17.32, 10.00 	13,20,34,695		1.60,1.07	1000,1 	0
1058    	31.29, -15.09, -7.67 	-0.67, 0.14, -6.60 	17.32, 10.00 	13,20,34,705		2.45,2.14	1000,1 	0
1067    	31.29, -15.09, -7.66 	-0.66, 0.14, -6.60 	17.32, 10.00 	13,20,34,715		0.00,1.07	1000,1 	0
1076    	31.27, -15.08, -7.66 	-0.65, 0.15, -6.60 	17.32, 10.00 	13,20,34,725		2.45,1.59	1000,1 	0
1084    	31.27, -15.08, -7.66 	-0.68, 0.15, -6.60 	17.32, 10.00 	13,20,34,734		0.00,3.61	1000,1 	0
1093    	31.26, -15.08, -7.65 	-0.67, 0.14, -6.59 	17.32, 10.00 	13,20,34,744		1.07,1.61	1000,1 	0
1101    	31.26, -15.08, -7.65 	-0.65, 0.15, -6.60 	17.32, 10.00 	13,20,34,753		0.00,2.73	1000,1 	0
1110    	31.25, -15.10, -7.68 	-0.65, 0.15, -6.60 	17.32, 10.00 	13,20,34,763		2.60,0.00	1000,1 	0
1119    	31.25, -15.11, -7.66 	-0.65, 0.14, -6.60 	17.32, 10.00 	13,20,34,773		1.18,1.19	1000,1 	0
1127    	31.25, -15.11, -7.67 	-0.67, 0.15, -6.60 	17.32, 10.00 	13,20,34,782		0.00,2.77	1000,1 	0
1136    	31.25, -15.12, -7.65 	-0.66, 0.14, -6.60 	17.32, 10.00 	13,20,34,792		1.18,1.61	1000,1 	0
1145    	31.24, -15.14, -7.64 	-0.63, 0.14, -6.60 	17.32, 10.00 	13,20,34,802		2.60,3.21	1000,1 	0
1153    	31.19, -15.17, -7.63 	-0.66, 0.14, -6.60 	17.32, 10.00 	13,20,34,811		6.59,3.61	1000,1 	0
1162    	31.21, -15.21, -7.61 	-0.66, 0.14, -6.60 	17.32, 10.00 	13,20,34,821		5.20,0.00	1000,1 	0
1171    	31.22, -15.22, -7.61 	-0.66, 0.14, -6.60 	17.32, 10.00 	13,20,34,831		1.60,0.00	1000,1 	0
1179    	31.22, -15.22, -7.61 	-0.69, 0.14, -6.60 	17.32, 10.00 	13,20,34,840		0.00,4.81	1000,1 	0
1188    	31.19, -15.22, -7.60 	-0.67, 0.13, -6.60 	17.32, 10.00 	13,20,34,850		3.21,2.46	1000,1 	0
1197    	31.20, -15.20, -7.62 	-0.67, 0.13, -6.60 	17.32, 10.00 	13,20,34,860		2.60,0.00	1000,1 	0
1205    	31.22, -15.18, -7.62 	-0.67, 0.13, -6.59 	17.32, 10.00 	13,20,34,869		3.59,1.20	1000,1 	0
1214    	31.24, -15.17, -7.61 	-0.67, 0.13, -6.59 	17.32, 10.00 	13,20,34,879		2.45,0.00	1000,1 	0
1223    	31.27, -15.12, -7.60 	-0.65, 0.13, -6.60 	17.32, 10.00 	13,20,34,889		5.72,2.14	1000,1 	0
1231    	31.27, -15.17, -7.60 	-0.64, 0.13, -6.59 	17.32, 10.00 	13,20,34,898		5.33,1.20	1000,1 	0
1240    	31.27, -15.17, -7.60 	-0.64, 0.15, -6.61 	17.32, 10.00 	13,20,34,908		0.00,2.38	1000,1 	0
1249    	31.23, -15.19, -7.59 	-0.62, 0.15, -6.61 	17.32, 10.00 	13,20,34,918		4.89,2.14	1000,1 	0
1257    	31.23, -15.18, -7.58 	-0.62, 0.15, -6.61 	17.32, 10.00 	13,20,34,927		1.33,0.00	1000,1 	0
1266    	31.21, -15.16, -7.58 	-0.66, 0.15, -6.61 	17.32, 10.00 	13,20,34,937		3.19,4.28	1000,1 	0
1275    	31.22, -15.17, -7.59 	-0.65, 0.17, -6.60 	17.32, 10.00 	13,20,34,947		1.60,2.59	1000,1 	0
1284    	31.22, -15.18, -7.59 	-0.66, 0.17, -6.60 	17.32, 10.00 	13,20,34,957		1.18,1.07	1000,1 	0
1293    	31.21, -15.17, -7.59 	-0.66, 0.17, -6.60 	17.32, 10.00 	13,20,34,967		1.60,0.00	1000,1 	0
1301    	31.21, -15.21, -7.59 	-0.65, 0.17, -6.60 	17.32, 10.00 	13,20,34,976		5.33,1.20	1000,1 	0
1310    	31.19, -15.19, -7.58 	-0.65, 0.17, -6.60 	17.32, 10.00 	13,20,34,986		3.19,0.00	1000,1 	0
1318    	31.21, -15.19, -7.57 	-0.64, 0.15, -6.60 	17.32, 10.00 	13,20,34,995		2.41,2.95	1000,1 	0
1327    	31.22, -15.20, -7.58 	-0.64, 0.15, -6.60 	17.32, 10.00 	13,20,35,5		1.60,0.00	1000,1 	0
1336    	31.21, -15.20, -7.57 	-0.64, 0.15, -6.60 	17.32, 10.00 	13,20,35,15		1.07,0.00	1000,1 	0
1344    	31.22, -15.23, -7.57 	-0.65, 0.14, -6.60 	17.32, 10.00 	13,20,35,24		4.17,1.78	1000,1 	0
1353    	31.16, -15.26, -7.57 	-0.64, 0.14, -6.60 	17.32, 10.00 	13,20,35,34		7.34,1.07	1000,1 	0
1362    	31.14, -15.29, -7.57 	-0.68, 0.15, -6.59 	17.32, 10.00 	13,20,35,44		4.15,4.46	1000,1 	0
1370    	31.14, -15.30, -7.57 	-0.67, 0.13, -6.59 	17.32, 10.00 	13,20,35,53		1.33,2.67	1000,1 	0
1379    	31.14, -15.30, -7.57 	-0.67, 0.13, -6.59 	17.32, 10.00 	13,20,35,63		0.00,0.00	1000,1 	0
1388    	31.14, -15.30, -7.57 	-0.65, 0.14, -6.59 	17.32, 10.00 	13,20,35,73		0.00,3.40	1000,1 	0
1396    	31.14, -15.29, -7.57 	-0.65, 0.14, -6.59 	17.32, 10.00 	13,20,35,82		1.33,0.00	1000,1 	0
1405    	31.17, -15.29, -7.58 	-0.65, 0.14, -6.59 	17.32, 10.00 	13,20,35,92		3.21,0.00	1000,1 	0
1414    	31.17, -15.32, -7.57 	-0.66, 0.13, -6.60 	17.32, 10.00 	13,20,35,102		2.37,1.59	1000,1 	0
1422    	31.21, -15.32, -7.55 	-0.64, 0.14, -6.60 	17.32, 10.00 	13,20,35,111		4.82,2.73	1000,1 	0
1431    	31.16, -15.33, -7.55 	-0.64, 0.14, -6.60 	17.32, 10.00 	13,20,35,121		5.48,0.00	1000,1 	0
1440    	31.16, -15.33, -7.55 	-0.64, 0.14, -6.60 	17.32, 10.00 	13,20,35,131		0.00,0.00	1000,1 	0
1449    	31.16, -15.33, -7.55 	-0.63, 0.14, -6.60 	17.32, 10.00 	13,20,35,141		0.00,1.07	1000,1 	0
1457    	31.16, -15.33, -7.55 	-0.63, 0.16, -6.60 	17.32, 10.00 	13,20,35,150		0.00,2.67	1000,1 	0
1466    	31.14, -15.35, -7.56 	-0.63, 0.15, -6.60 	17.32, 10.00 	13,20,35,160		3.19,1.19	1000,1 	0
1475    	31.14, -15.36, -7.57 	-0.61, 0.15, -6.62 	17.32, 10.00 	13,20,35,170		1.18,2.14	1000,1 	0
1483    	31.13, -15.34, -7.57 	-0.63, 0.16, -6.61 	17.32, 10.00 	13,20,35,179		2.92,2.77	1000,1 	0
1492    	31.17, -15.34, -7.57 	-0.64, 0.16, -6.61 	17.32, 10.00 	13,20,35,189		4.28,1.07	1000,1 	0
1501    	31.17, -15.35, -7.56 	-0.64, 0.16, -6.61 	17.32, 10.00 	13,20,35,199		1.18,0.00	1000,1 	0
1509    	31.17, -15.38, -7.55 	-0.64, 0.17, -6.63 	17.32, 10.00 	13,20,35,208		4.00,1.34	1000,1 	0
1518    	31.16, -15.40, -7.54 	-0.64, 0.17, -6.63 	17.32, 10.00 	13,20,35,218		2.60,0.00	1000,1 	0
1527    	31.15, -15.40, -7.54 	-0.64, 0.17, -6.63 	17.32, 10.00 	13,20,35,228		1.07,0.00	1000,1 	0
1535    	31.14, -15.43, -7.54 	-0.63, 0.15, -6.62 	17.32, 10.00 	13,20,35,237		4.17,2.95	1000,1 	0
1544    	31.14, -15.44, -7.54 	-0.63, 0.16, -6.62 	17.32, 10.00 	13,20,35,247		1.18,1.19	1000,1 	0
1553    	31.14, -15.44, -7.54 	-0.64, 0.16, -6.61 	17.32, 10.00 	13,20,35,257		0.00,1.07	1000,1 	0
1561    	31.14, -15.44, -7.54 	-0.65, 0.16, -6.61 	17.32, 10.00 	13,20,35,266		0.00,1.20	1000,1 	0
1570    	31.18, -15.42, -7.53 	-0.66, 0.17, -6.62 	17.32, 10.00 	13,20,35,276		4.89,1.61	1000,1 	0
1579    	31.17, -15.44, -7.53 	-0.60, 0.17, -6.62 	17.32, 10.00 	13,20,35,286		2.60,6.42	1000,1 	0
1587    	31.20, -15.43, -7.54 	-0.62, 0.17, -6.63 	17.32, 10.00 	13,20,35,295		3.85,2.41	1000,1 	0
1596    	31.19, -15.43, -7.52 	-0.62, 0.17, -6.63 	17.32, 10.00 	13,20,35,305		1.07,0.00	1000,1 	0
1605    	31.18, -15.45, -7.52 	-0.62, 0.17, -6.63 	17.32, 10.00 	13,20,35,315		2.60,0.00	1000,1 	0
1613    	31.16, -15.48, -7.52 	-0.60, 0.17, -6.62 	17.32, 10.00 	13,20,35,324		3.59,2.41	1000,1 	0
1622    	31.14, -15.49, -7.52 	-0.58, 0.19, -6.63 	17.32, 10.00 	13,20,35,334		2.45,3.17	1000,1 	0
1631    	31.15, -15.50, -7.50 	-0.59, 0.17, -6.63 	17.32, 10.00 	13,20,35,344		1.60,2.59	1000,1 	0
1640    	31.12, -15.50, -7.53 	-0.61, 0.17, -6.62 	17.32, 10.00 	13,20,35,354		3.21,2.14	1000,1 	0
1648    	31.12, -15.49, -7.53 	-0.57, 0.17, -6.61 	17.32, 10.00 	13,20,35,363		1.33,4.81	1000,1 	0
1657    	31.14, -15.46, -7.53 	-0.57, 0.16, -6.61 	17.32, 10.00 	13,20,35,373		3.19,1.19	1000,1 	0
1666    	31.14, -15.48, -7.53 	-0.59, 0.17, -6.61 	17.32, 10.00 	13,20,35,383		1.18,2.46	1000,1 	0
1674    	31.13, -15.48, -7.54 	-0.59, 0.15, -6.61 	17.32, 10.00 	13,20,35,392		1.20,2.67	1000,1 	0
1683    	31.15, -15.45, -7.54 	-0.56, 0.15, -6.60 	17.32, 10.00 	13,20,35,402		3.19,3.21	1000,1 	0
1692    	31.15, -15.44, -7.54 	-0.55, 0.15, -6.62 	17.32, 10.00 	13,20,35,412		1.18,1.07	1000,1 	0
1700    	31.15, -15.45, -7.53 	-0.54, 0.15, -6.61 	17.32, 10.00 	13,20,35,421		1.33,1.20	1000,1 	0
1709    	31.16, -15.48, -7.52 	-0.53, 0.15, -6.63 	17.32, 10.00 	13,20,35,431		2.60,1.07	1000,1 	0
1718    	31.13, -15.46, -7.54 	-0.49, 0.17, -6.64 	17.32, 10.00 	13,20,35,441		3.42,4.86	1000,1 	0
1726    	31.11, -15.49, -7.54 	-0.49, 0.13, -6.63 	17.32, 10.00 	13,20,35,450		3.59,4.01	1000,1 	0
1735    	31.11, -15.49, -7.54 	-0.53, 0.17, -6.63 	17.32, 10.00 	13,20,35,460		0.00,5.61	1000,1 	0
1744    	31.09, -15.51, -7.55 	-0.54, 0.14, -6.63 	17.32, 10.00 	13,20,35,470		3.19,3.71	1000,1 	0
1752    	31.13, -15.49, -7.55 	-0.51, 0.15, -6.63 	17.32, 10.00 	13,20,35,479		5.51,3.83	1000,1 	0
1761    	31.12, -15.51, -7.56 	-0.47, 0.15, -6.64 	17.32, 10.00 	13,20,35,489		2.60,4.28	1000,1 	0
1770    	31.14, -15.49, -7.55 	-0.42, 0.14, -6.63 	17.32, 10.00 	13,20,35,499		3.19,6.42	1000,1 	0
1778    	31.13, -15.51, -7.55 	-0.42, 0.13, -6.63 	17.32, 10.00 	13,20,35,508		2.92,1.34	1000,1 	0
1787    	31.11, -15.53, -7.54 	-0.40, 0.17, -6.62 	17.32, 10.00 	13,20,35,518		3.19,4.13	1000,1 	0
1796    	31.11, -15.53, -7.54 	-0.40, 0.16, -6.61 	17.32, 10.00 	13,20,35,528		0.00,1.19	1000,1 	0
1805    	31.14, -15.53, -7.54 	-0.40, 0.13, -6.61 	17.32, 10.00 	13,20,35,538		3.21,2.38	1000,1 	0
1813    	31.10, -15.55, -7.55 	-0.38, 0.12, -6.60 	17.32, 10.00 	13,20,35,547		5.51,2.77	1000,1 	0
1822    	31.10, -15.55, -7.55 	-0.38, 0.11, -6.61 	17.32, 10.00 	13,20,35,557		0.00,1.19	1000,1 	0
1831    	31.12, -15.57, -7.55 	-0.35, 0.13, -6.60 	17.32, 10.00 	13,20,35,567		3.19,3.96	1000,1 	0
1839    	31.09, -15.58, -7.55 	-0.38, 0.14, -6.62 	17.32, 10.00 	13,20,35,576		3.85,3.87	1000,1 	0
1848    	31.10, -15.59, -7.54 	-0.32, 0.12, -6.62 	17.32, 10.00 	13,20,35,586		1.60,6.88	1000,1 	0
1857    	31.10, -15.60, -7.55 	-0.29, 0.13, -6.61 	17.32, 10.00 	13,20,35,596		1.18,3.40	1000,1 	0
1865    	31.11, -15.61, -7.54 	-0.27, 0.13, -6.62 	17.32, 10.00 	13,20,35,605		1.79,2.41	1000,1 	0
1874    	31.12, -15.63, -7.53 	-0.28, 0.11, -6.61 	17.32, 10.00 	13,20,35,615		2.60,2.59	1000,1 	0
1883    	31.15, -15.62, -7.53 	-0.29, 0.10, -6.60 	17.32, 10.00 	13,20,35,625		3.42,1.59	1000,1 	0
1892    	31.15, -15.62, -7.53 	-0.29, 0.09, -6.60 	17.32, 10.00 	13,20,35,635		0.00,1.19	1000,1 	0
1900    	31.15, -15.61, -7.53 	-0.26, 0.09, -6.61 	17.32, 10.00 	13,20,35,644		1.33,3.61	1000,1 	0
1909    	31.15, -15.64, -7.52 	-0.20, 0.11, -6.62 	17.32, 10.00 	13,20,35,654		2.37,6.81	1000,1 	0
1917    	31.15, -15.65, -7.52 	-0.18, 0.11, -6.61 	17.32, 10.00 	13,20,35,663		1.33,2.41	1000,1 	0
1926    	31.18, -15.62, -7.52 	-0.18, 0.10, -6.62 	17.32, 10.00 	13,20,35,673		3.99,1.19	1000,1 	0
1935    	31.16, -15.64, -7.52 	-0.14, 0.10, -6.61 	17.32, 10.00 	13,20,35,683		2.45,5.35	1000,1 	0
1943    	31.18, -15.62, -7.53 	-0.09, 0.09, -6.62 	17.32, 10.00 	13,20,35,692		2.75,6.18	1000,1 	0
1952    	31.18, -15.65, -7.53 	-0.07, 0.10, -6.64 	17.32, 10.00 	13,20,35,702		2.37,2.43	1000,1 	0
1961    	31.17, -15.62, -7.54 	0.01, 0.08, -6.63 	17.32, 10.00 	13,20,35,712		2.60,8.91	1000,1 	0
1969    	31.16, -15.67, -7.53 	0.06, 0.02, -6.62 	17.32, 10.00 	13,20,35,721		5.46,9.06	1000,1 	0
1978    	31.16, -15.68, -7.55 	0.12, -0.02, -6.61 	17.32, 10.00 	13,20,35,731		1.18,8.93	1000,1 	0
1987    	31.15, -15.71, -7.53 	0.19, -0.10, -6.60 	17.32, 10.00 	13,20,35,741		3.71,11.27	1000,1 	0
1995    	31.14, -15.71, -7.55 	0.39, -0.13, -6.60 	17.32, 10.00 	13,20,35,750		1.20,24.45	1000,1 	0
2004    	31.17, -15.70, -7.55 	0.58, -0.19, -6.58 	17.32, 10.00 	13,20,35,760		3.42,22.65	1000,1 	0
2013    	31.17, -15.74, -7.58 	0.80, -0.26, -6.60 	17.32, 10.00 	13,20,35,770		4.74,25.71	1000,1 	0
2022    	31.18, -15.75, -7.58 	1.02, -0.29, -6.62 	17.32, 10.00 	13,20,35,780		1.60,24.91	1000,1 	0
2030    	31.22, -15.75, -7.60 	1.30, -0.31, -6.69 	17.32, 10.00 	13,20,35,789		4.82,34.93	1000,1 	0
2039    	31.24, -15.76, -7.62 	1.56, -0.31, -6.76 	17.32, 10.00 	13,20,35,799		2.45,28.87	1000,1 	0
2048    	31.26, -15.82, -7.64 	1.77, -0.30, -6.80 	17.32, 10.00 	13,20,35,809		6.29,23.54	1000,1 	0
2056    	31.26, -15.87, -7.64 	1.82, -0.34, -6.80 	17.32, 10.00 	13,20,35,818		6.77,8.11	1000,1 	0
2065    	31.30, -15.92, -7.69 	1.98, -0.39, -6.79 	17.32, 10.00 	13,20,35,828		7.30,17.83	1000,1 	0
2074    	31.32, -15.92, -7.72 	2.08, -0.42, -6.81 	17.32, 10.00 	13,20,35,838		2.14,12.34	1000,1 	0
2082    	31.33, -15.99, -7.77 	2.23, -0.42, -6.83 	17.32, 10.00 	13,20,35,847		8.08,18.05	1000,1 	0
2091    	31.33, -16.07, -7.84 	2.34, -0.40, -6.86 	17.32, 10.00 	13,20,35,857		9.47,13.01	1000,1 	0
2100    	31.46, -16.15, -7.93 	2.48, -0.39, -6.89 	17.32, 10.00 	13,20,35,867		16.19,15.00	1000,1 	0
2108    	31.58, -16.16, -8.01 	2.64, -0.36, -6.97 	17.32, 10.00 	13,20,35,876		15.71,20.78	1000,1 	0
2117    	31.71, -16.17, -8.08 	2.84, -0.35, -7.01 	17.32, 10.00 	13,20,35,886		13.96,22.47	1000,1 	0
2126    	31.81, -16.22, -8.11 	3.00, -0.29, -7.11 	17.32, 10.00 	13,20,35,896		13.17,19.43	1000,1 	0
2134    	31.91, -16.36, -8.15 	3.24, -0.24, -7.20 	17.32, 10.00 	13,20,35,905		21.08,30.71	1000,1 	0
2143    	31.97, -16.53, -8.18 	3.50, -0.15, -7.29 	17.32, 10.00 	13,20,35,915		20.00,30.26	1000,1 	0
2152    	31.99, -16.71, -8.22 	3.70, -0.08, -7.38 	17.32, 10.00 	13,20,35,925		20.24,22.83	1000,1 	0
2160    	31.95, -16.86, -8.27 	3.87, 0.00, -7.46 	17.32, 10.00 	13,20,35,934		19.26,24.00	1000,1 	0
2169    	31.92, -16.92, -8.34 	3.92, 0.15, -7.56 	17.32, 10.00 	13,20,35,944		7.80,17.74	1000,1 	0
2178    	31.89, -16.98, -8.38 	4.00, 0.29, -7.67 	17.32, 10.00 	13,20,35,954		6.74,17.54	1000,1 	0
2187    	31.97, -16.97, -8.44 	4.11, 0.46, -7.83 	17.32, 10.00 	13,20,35,964		8.65,22.20	1000,1 	0
2195    	32.03, -16.97, -8.47 	4.29, 0.62, -7.97 	17.32, 10.00 	13,20,35,973		8.43,30.17	1000,1 	0
2204    	32.16, -16.96, -8.52 	4.52, 0.82, -8.08 	17.32, 10.00 	13,20,35,983		13.97,33.92	1000,1 	0
2213    	32.22, -16.92, -8.58 	4.69, 1.04, -8.20 	17.32, 10.00 	13,20,35,993		7.34,31.28	1000,1 	0
2222    	32.30, -16.97, -8.60 	4.83, 1.19, -8.28 	17.32, 10.00 	13,20,36,3		10.73,22.93	1000,1 	0
2230    	32.39, -17.03, -8.62 	4.99, 1.33, -8.35 	17.32, 10.00 	13,20,36,12		13.46,26.63	1000,1 	0
2239    	32.44, -17.12, -8.61 	5.08, 1.43, -8.41 	17.32, 10.00 	13,20,36,22		10.87,14.28	1000,1 	0
2247    	32.43, -17.20, -8.65 	5.15, 1.61, -8.51 	17.32, 10.00 	13,20,36,31		10.72,24.11	1000,1 	0
2256    	32.46, -17.17, -8.67 	5.31, 1.77, -8.60 	17.32, 10.00 	13,20,36,41		4.79,25.26	1000,1 	0
2265    	32.42, -17.22, -8.69 	5.45, 1.91, -8.69 	17.32, 10.00 	13,20,36,51		7.31,22.93	1000,1 	0
2273    	32.44, -17.30, -8.70 	5.64, 2.07, -8.77 	17.32, 10.00 	13,20,36,60		9.63,31.08	1000,1 	0
2282    	32.46, -17.39, -8.73 	5.78, 2.27, -8.85 	17.32, 10.00 	13,20,36,70		10.87,26.89	1000,1 	0
2291    	32.51, -17.40, -8.72 	5.90, 2.49, -8.94 	17.32, 10.00 	13,20,36,80		5.48,27.34	1000,1 	0
2299    	32.59, -17.39, -8.74 	6.04, 2.68, -9.04 	17.32, 10.00 	13,20,36,89		10.92,29.85	1000,1 	0
2308    	32.62, -17.36, -8.73 	6.12, 2.81, -9.08 	17.32, 10.00 	13,20,36,99		4.79,16.51	1000,1 	0
2317    	32.63, -17.40, -8.71 	6.23, 2.88, -9.11 	17.32, 10.00 	13,20,36,109		4.85,15.18	1000,1 	0
2325    	32.70, -17.44, -8.72 	6.33, 3.02, -9.15 	17.32, 10.00 	13,20,36,118		9.33,20.98	1000,1 	0
2334    	32.70, -17.48, -8.71 	6.43, 3.16, -9.18 	17.32, 10.00 	13,20,36,128		4.74,18.65	1000,1 	0
2343    	32.71, -17.52, -8.71 	6.60, 3.28, -9.21 	17.32, 10.00 	13,20,36,138		4.85,23.78	1000,1 	0
2352    	32.72, -17.53, -8.71 	6.77, 3.41, -9.23 	17.32, 10.00 	13,20,36,148		1.60,23.78	1000,1 	0
2360    	32.70, -17.57, -8.73 	6.91, 3.52, -9.25 	17.32, 10.00 	13,20,36,157		5.85,22.29	1000,1 	0
2369    	32.74, -17.50, -8.75 	7.06, 3.69, -9.29 	17.32, 10.00 	13,20,36,167		9.33,24.68	1000,1 	0
2378    	32.78, -17.47, -8.75 	7.23, 3.89, -9.36 	17.32, 10.00 	13,20,36,177		5.56,29.44	1000,1 	0
2386    	32.89, -17.34, -8.75 	7.48, 4.10, -9.38 	17.32, 10.00 	13,20,36,186		21.55,40.83	1000,1 	0
2395    	32.93, -17.38, -8.77 	7.70, 4.26, -9.38 	17.32, 10.00 	13,20,36,196		6.38,30.15	1000,1 	0
2404    	33.05, -17.40, -8.75 	7.86, 4.41, -9.39 	17.32, 10.00 	13,20,36,206		13.06,24.45	1000,1 	0
2413    	33.07, -17.47, -8.74 	8.03, 4.58, -9.40 	17.32, 10.00 	13,20,36,216		7.79,26.85	1000,1 	0
2421    	33.14, -17.49, -8.72 	8.27, 4.77, -9.41 	17.32, 10.00 	13,20,36,225		8.84,38.23	1000,1 	0
2430    	33.15, -17.59, -8.67 	8.47, 4.95, -9.41 	17.32, 10.00 	13,20,36,235		10.71,29.97	1000,1 	0
2438    	33.16, -17.68, -8.63 	8.63, 5.08, -9.39 	17.32, 10.00 	13,20,36,244		12.05,25.73	1000,1 	0
2447    	33.15, -17.78, -8.59 	8.77, 5.20, -9.36 	17.32, 10.00 	13,20,36,254		10.71,20.53	1000,1 	0
2456    	33.17, -17.89, -8.57 	9.00, 5.40, -9.36 	17.32, 10.00 	13,20,36,264		13.20,33.92	1000,1 	0
2464    	33.22, -17.97, -8.55 	9.22, 5.51, -9.31 	17.32, 10.00 	13,20,36,273		11.09,30.54	1000,1 	0
2473    	33.30, -18.03, -8.53 	9.47, 5.63, -9.27 	17.32, 10.00 	13,20,36,283		11.96,31.05	1000,1 	0
2482    	33.37, -18.11, -8.54 	9.66, 5.75, -9.23 	17.32, 10.00 	13,20,36,293		11.17,24.89	1000,1 	0
2490    	33.52, -18.19, -8.53 	9.87, 5.82, -9.19 	17.32, 10.00 	13,20,36,302		20.97,27.94	1000,1 	0
2499    	33.62, -18.29, -8.46 	10.09, 5.88, -9.16 	17.32, 10.00 	13,20,36,312		15.87,25.50	1000,1 	0
2508    	33.70, -18.49, -8.40 	10.28, 5.93, -9.11 	17.32, 10.00 	13,20,36,322		24.06,21.84	1000,1 	0
2516    	33.69, -18.80, -8.35 	10.48, 6.01, -9.08 	17.32, 10.00 	13,20,36,331		38.64,26.18	1000,1 	0
2525    	33.71, -18.93, -8.35 	10.72, 6.09, -9.04 	17.32, 10.00 	13,20,36,341		14.36,28.24	1000,1 	0
2534    	33.69, -19.02, -8.32 	10.91, 6.21, -9.04 	17.32, 10.00 	13,20,36,351		10.87,24.89	1000,1 	0
2542    	33.69, -19.04, -8.32 	11.14, 6.30, -9.01 	17.32, 10.00 	13,20,36,360		1.33,31.11	1000,1 	0
2551    	33.75, -19.13, -8.31 	11.35, 6.40, -8.98 	17.32, 10.00 	13,20,36,370		12.44,25.69	1000,1 	0
2560    	33.81, -19.18, -8.33 	11.52, 6.53, -8.97 	17.32, 10.00 	13,20,36,380		9.55,23.78	1000,1 	0
2569    	33.88, -19.26, -8.31 	11.77, 6.65, -8.92 	17.32, 10.00 	13,20,36,390		11.17,31.05	1000,1 	0
2577    	34.10, -19.30, -8.29 	12.09, 6.77, -8.91 	17.32, 10.00 	13,20,36,399		28.20,42.12	1000,1 	0
2586    	34.17, -19.37, -8.25 	12.34, 6.83, -8.87 	17.32, 10.00 	13,20,36,409		10.32,28.60	1000,1 	0
2595    	34.21, -19.44, -8.23 	12.59, 6.87, -8.82 	17.32, 10.00 	13,20,36,419		9.32,28.13	1000,1 	0
2603    	34.27, -19.54, -8.21 	12.76, 6.93, -8.81 	17.32, 10.00 	13,20,36,428		13.99,22.98	1000,1 	0
2612    	34.34, -19.59, -8.22 	13.00, 7.04, -8.80 	17.32, 10.00 	13,20,36,438		10.41,29.09	1000,1 	0
2621    	34.35, -19.65, -8.21 	13.27, 7.15, -8.80 	17.32, 10.00 	13,20,36,448		7.18,32.49	1000,1 	0
2629    	34.41, -19.66, -8.23 	13.44, 7.21, -8.78 	17.32, 10.00 	13,20,36,457		7.35,22.98	1000,1 	0
2638    	34.44, -19.70, -8.26 	13.66, 7.34, -8.77 	17.32, 10.00 	13,20,36,467		4.79,28.24	1000,1 	0
2647    	34.50, -19.75, -8.25 	13.86, 7.49, -8.76 	17.32, 10.00 	13,20,36,477		8.73,27.74	1000,1 	0
2655    	34.53, -19.78, -8.25 	14.14, 7.62, -8.75 	17.32, 10.00 	13,20,36,486		5.38,38.18	1000,1 	0
2664    	34.63, -19.77, -8.25 	14.42, 7.77, -8.74 	17.32, 10.00 	13,20,36,495		11.83,35.53	1000,1 	0
2673    	34.76, -19.81, -8.22 	14.66, 7.93, -8.74 	17.32, 10.00 	13,20,36,505		14.70,31.90	1000,1 	0
2681    	34.83, -19.85, -8.23 	14.92, 8.08, -8.72 	17.32, 10.00 	13,20,36,515		10.43,37.24	1000,1 	0
2690    	34.92, -19.96, -8.20 	15.16, 8.21, -8.70 	17.32, 10.00 	13,20,36,524		16.19,30.11	1000,1 	0
2699    	34.95, -20.09, -8.16 	15.35, 8.26, -8.62 	17.32, 10.00 	13,20,36,534		14.56,22.11	1000,1 	0
2708    	34.94, -20.21, -8.16 	15.49, 8.27, -8.56 	17.32, 10.00 	13,20,36,544		13.07,16.07	1000,1 	0
2716    	34.87, -20.29, -8.17 	15.62, 8.36, -8.57 	17.32, 10.00 	13,20,36,553		13.59,19.58	1000,1 	0
2725    	34.92, -20.35, -8.14 	15.81, 8.48, -8.58 	17.32, 10.00 	13,20,36,563		7.98,24.89	1000,1 	0
2734    	35.00, -20.27, -8.17 	16.04, 8.67, -8.58 	17.32, 10.00 	13,20,36,573		11.92,33.15	1000,1 	0
2742    	34.99, -20.37, -8.17 	16.23, 8.87, -8.58 	17.32, 10.00 	13,20,36,583		12.05,34.72	1000,1 	0
2751    	35.05, -20.31, -8.14 	16.44, 9.05, -8.54 	17.32, 10.00 	13,20,36,592		8.74,30.77	1000,1 	0
2760    	35.14, -20.28, -8.12 	16.58, 9.12, -8.52 	17.32, 10.00 	13,20,36,602		11.28,17.96	1000,1 	0
2768    	35.25, -20.30, -8.10 	16.73, 9.27, -8.48 	17.32, 10.00 	13,20,36,611		13.51,25.80	1000,1 	0
2777    	35.22, -20.36, -8.07 	16.82, 9.34, -8.45 	17.32, 10.00 	13,20,36,621		6.74,12.76	1000,1 	0
2786    	35.24, -20.47, -7.99 	16.94, 9.39, -8.40 	17.32, 10.00 	13,20,36,631		13.20,14.06	1000,1 	0
2795    	35.21, -20.56, -7.98 	16.95, 9.43, -8.36 	17.32, 10.00 	13,20,36,641		10.00,4.85	1000,1 	0
2803    	35.15, -20.61, -7.95 	17.01, 9.49, -8.31 	17.32, 10.00 	13,20,36,650		9.83,11.54	1000,1 	0
2812    	35.16, -20.59, -7.92 	17.07, 9.55, -8.27 	17.32, 10.00 	13,20,36,660		2.60,8.68	1000,1 	0
2820    	35.07, -20.64, -7.91 	17.14, 9.59, -8.21 	17.32, 10.00 	13,20,36,669		12.72,9.91	1000,1 	0
2829    	35.11, -20.60, -7.92 	17.11, 9.56, -8.17 	17.32, 10.00 	13,20,36,680		6.39,4.76	1000,1 	0
2838    	35.09, -20.59, -7.89 	17.16, 9.60, -8.12 	17.32, 10.00 	13,20,36,690		2.45,7.10	1000,1 	0
2846    	35.12, -20.55, -7.89 	17.19, 9.60, -8.07 	17.32, 10.00 	13,20,36,698		6.44,3.61	1000,1 	0
2855    	35.10, -20.52, -7.84 	17.27, 9.65, -8.01 	17.32, 10.00 	13,20,36,708		4.15,11.23	1000,1 	0
2864    	35.07, -20.59, -7.81 	17.29, 9.66, -7.94 	17.32, 10.00 	13,20,36,718		8.89,2.43	1000,1 	0
2872    	35.07, -20.59, -7.78 	17.29, 9.66, -7.90 	17.32, 10.00 	13,20,36,727		0.00,0.00	1000,1 	0
2881    	35.08, -20.60, -7.77 	17.30, 9.66, -7.82 	17.32, 10.00 	13,20,36,737		1.60,1.07	1000,1 	0
2890    	35.07, -20.66, -7.72 	17.33, 9.68, -7.76 	17.32, 10.00 	13,20,36,747		6.02,3.96	1000,1 	0
2899    	35.04, -20.69, -7.70 	17.30, 9.72, -7.69 	17.32, 10.00 	13,20,36,757		4.79,4.83	1000,1 	0
2907    	35.03, -20.70, -7.73 	17.27, 9.72, -7.63 	17.32, 10.00 	13,20,36,766		2.75,3.61	1000,1 	0
2916    	35.02, -20.78, -7.69 	17.26, 9.74, -7.57 	17.32, 10.00 	13,20,36,776		9.53,2.62	1000,1 	0
2925    	35.03, -20.80, -7.70 	17.26, 9.79, -7.53 	17.32, 10.00 	13,20,36,786		2.60,5.94	1000,1 	0
2933    	35.14, -20.76, -7.71 	17.28, 9.77, -7.45 	17.32, 10.00 	13,20,36,795		15.40,3.62	1000,1 	0
2942    	35.10, -20.79, -7.68 	17.27, 9.76, -7.40 	17.32, 10.00 	13,20,36,805		5.56,1.59	1000,1 	0
2951    	35.11, -20.76, -7.66 	17.25, 9.74, -7.32 	17.32, 10.00 	13,20,36,815		3.71,3.17	1000,1 	0
2959    	35.15, -20.72, -7.66 	17.27, 9.75, -7.27 	17.32, 10.00 	13,20,36,824		7.18,2.73	1000,1 	0
2968    	35.11, -20.77, -7.64 	17.28, 9.78, -7.23 	17.32, 10.00 	13,20,36,834		7.31,3.71	1000,1 	0
2977    	35.05, -20.84, -7.62 	17.25, 9.77, -7.17 	17.32, 10.00 	13,20,36,844		9.58,3.40	1000,1 	0
2986    	35.03, -20.89, -7.57 	17.23, 9.75, -7.14 	17.32, 10.00 	13,20,36,854		6.30,3.17	1000,1 	0
2994    	35.02, -20.99, -7.58 	17.20, 9.76, -7.15 	17.32, 10.00 	13,20,36,863		12.23,5.01	1000,1 	0
3003    	35.01, -21.03, -7.54 	17.17, 9.78, -7.13 	17.32, 10.00 	13,20,36,873		4.86,4.02	1000,1 	0
3011    	34.98, -21.03, -7.51 	17.22, 9.82, -7.14 	17.32, 10.00 	13,20,36,882		3.61,8.92	1000,1 	0
3020    	35.02, -20.99, -7.55 	17.20, 9.86, -7.15 	17.32, 10.00 	13,20,36,892		6.39,4.18	1000,1 	0
3029    	35.03, -20.94, -7.55 	17.24, 9.88, -7.14 	17.32, 10.00 	13,20,36,902		5.20,4.86	1000,1 	0
3037    	35.04, -20.90, -7.54 	17.24, 9.90, -7.14 	17.32, 10.00 	13,20,36,911		5.46,2.67	1000,1 	0
3046    	35.06, -20.93, -7.50 	17.26, 9.93, -7.13 	17.32, 10.00 	13,20,36,921		4.15,4.13	1000,1 	0
3055    	35.03, -20.95, -7.47 	17.28, 9.94, -7.13 	17.32, 10.00 	13,20,36,931		4.89,2.43	1000,1 	0
3063    	35.03, -21.03, -7.43 	17.29, 9.96, -7.13 	17.32, 10.00 	13,20,36,940		9.40,2.91	1000,1 	0
3072    	35.02, -21.01, -7.42 	17.30, 9.96, -7.11 	17.32, 10.00 	13,20,36,950		3.19,1.07	1000,1 	0
3081    	34.98, -21.07, -7.43 	17.27, 9.96, -7.10 	17.32, 10.00 	13,20,36,960		8.30,3.21	1000,1 	0
3090    	34.98, -21.09, -7.43 	17.32, 9.99, -7.09 	17.32, 10.00 	13,20,36,970		2.37,6.38	1000,1 	0
3098    	34.97, -21.10, -7.43 	17.34, 10.03, -7.09 	17.32, 10.00 	13,20,36,979		1.80,4.64	1000,1 	0
3107    	34.99, -21.08, -7.45 	17.38, 10.05, -7.07 	17.32, 10.00 	13,20,36,989		3.19,4.86	1000,1 	0
3116    	35.01, -21.06, -7.43 	17.42, 10.07, -7.06 	17.32, 10.00 	13,20,36,999		3.19,4.86	1000,1 	0
3124    	35.03, -21.08, -7.42 	17.42, 10.07, -7.04 	17.32, 10.00 	13,20,37,8		3.59,1.20	1000,1 	0
3133    	35.04, -21.11, -7.39 	17.42, 10.07, -7.04 	17.32, 10.00 	13,20,37,18		4.15,0.00	1000,1 	0
3142    	35.04, -21.17, -7.36 	17.44, 10.08, -7.03 	17.32, 10.00 	13,20,37,28		5.92,2.43	1000,1 	0
3150    	35.00, -21.23, -7.36 	17.43, 10.06, -7.01 	17.32, 10.00 	13,20,37,37		10.01,2.91	1000,1 	0
3159    	35.01, -21.23, -7.32 	17.44, 10.06, -7.00 	17.32, 10.00 	13,20,37,47		1.07,1.07	1000,1 	0
3168    	34.95, -21.26, -7.33 	17.46, 10.06, -7.00 	17.32, 10.00 	13,20,37,57		7.34,2.14	1000,1 	0
3176    	34.95, -21.27, -7.32 	17.45, 10.09, -7.00 	17.32, 10.00 	13,20,37,66		1.33,4.20	1000,1 	0
3185    	34.95, -21.28, -7.30 	17.44, 10.08, -7.00 	17.32, 10.00 	13,20,37,76		1.18,1.59	1000,1 	0
3194    	34.94, -21.31, -7.30 	17.44, 10.08, -7.00 	17.32, 10.00 	13,20,37,86		2.60,0.00	1000,1 	0
3202    	34.97, -21.37, -7.28 	17.46, 10.11, -6.99 	17.32, 10.00 	13,20,37,95		8.77,4.64	1000,1 	0
3211    	34.98, -21.37, -7.29 	17.45, 10.10, -6.98 	17.32, 10.00 	13,20,37,105		1.07,1.59	1000,1 	0
3220    	35.02, -21.37, -7.29 	17.41, 10.12, -7.00 	17.32, 10.00 	13,20,37,115		4.28,4.92	1000,1 	0
3228    	35.06, -21.41, -7.25 	17.40, 10.13, -6.98 	17.32, 10.00 	13,20,37,124		8.04,2.77	1000,1 	0
3237    	35.08, -21.44, -7.22 	17.35, 10.19, -6.95 	17.32, 10.00 	13,20,37,134		4.15,8.05	1000,1 	0
3246    	35.06, -21.51, -7.21 	17.30, 10.17, -6.93 	17.32, 10.00 	13,20,37,144		7.42,5.82	1000,1 	0
3254    	35.00, -21.54, -7.19 	17.26, 10.14, -6.93 	17.32, 10.00 	13,20,37,153		9.33,5.47	1000,1 	0
3263    	35.01, -21.59, -7.19 	17.19, 10.13, -6.92 	17.32, 10.00 	13,20,37,163		6.29,7.56	1000,1 	0
3272    	34.99, -21.60, -7.17 	17.18, 10.17, -6.92 	17.32, 10.00 	13,20,37,173		3.42,3.74	1000,1 	0
3281    	34.93, -21.61, -7.15 	17.17, 10.21, -6.93 	17.32, 10.00 	13,20,37,183		6.53,4.89	1000,1 	0
3289    	35.01, -21.58, -7.19 	17.18, 10.22, -6.91 	17.32, 10.00 	13,20,37,192		10.43,1.78	1000,1 	0
3298    	35.06, -21.53, -7.19 	17.15, 10.23, -6.93 	17.32, 10.00 	13,20,37,202		8.74,3.44	1000,1 	0
3307    	35.12, -21.47, -7.15 	17.18, 10.25, -6.93 	17.32, 10.00 	13,20,37,212		9.58,3.96	1000,1 	0
3315    	35.17, -21.45, -7.14 	17.18, 10.25, -6.93 	17.32, 10.00 	13,20,37,221		6.17,0.00	1000,1 	0
3324    	35.25, -21.42, -7.12 	17.18, 10.25, -6.92 	17.32, 10.00 	13,20,37,231		9.27,0.00	1000,1 	0
3333    	35.19, -21.53, -7.11 	17.18, 10.24, -6.92 	17.32, 10.00 	13,20,37,241		13.47,1.19	1000,1 	0
3341    	35.17, -21.61, -7.08 	17.15, 10.21, -6.90 	17.32, 10.00 	13,20,37,250		10.92,5.35	1000,1 	0
3350    	35.14, -21.63, -7.10 	17.15, 10.20, -6.90 	17.32, 10.00 	13,20,37,260		3.42,1.19	1000,1 	0
3359    	35.15, -21.65, -7.08 	17.14, 10.19, -6.90 	17.32, 10.00 	13,20,37,270		2.60,1.59	1000,1 	0
3367    	35.17, -21.69, -7.11 	17.14, 10.21, -6.90 	0.00, -0.00 	13,20,37,289		5.20,2.38	1000,1 	0
3376    	35.17, -21.73, -7.09 	17.15, 10.21, -6.90 	0.00, -0.00 	13,20,37,299		10.65,2.41	1000,1 	0
3384    	35.20, -21.70, -7.07 	17.15, 10.21, -6.90 	0.00, -0.00 	13,20,37,308		14.37,0.00	1000,1 	0
3393    	35.17, -21.72, -7.07 	17.16, 10.22, -6.90 	0.00, -0.00 	13,20,37,318		8.98,3.57	1000,1 	0
3402    	35.20, -21.77, -7.06 	17.16, 10.22, -6.90 	0.00, -0.00 	13,20,37,328		15.15,0.00	1000,1 	0
3410    	35.20, -21.78, -7.05 	17.16, 10.21, -6.90 	0.00, -0.00 	13,20,37,337		3.55,3.56	1000,1 	0
3419    	35.22, -21.78, -7.03 	17.16, 10.21, -6.90 	0.00, -0.00 	13,20,37,347		4.82,0.00	1000,1 	0
3428    	35.17, -21.84, -7.03 	17.16, 10.21, -6.91 	0.00, -0.00 	13,20,37,357		17.96,0.00	1000,1 	0
3437    	35.15, -21.85, -7.04 	17.16, 10.23, -6.90 	0.00, -0.00 	13,20,37,367		7.34,7.13	1000,1 	0
3445    	35.16, -21.88, -7.03 	17.15, 10.22, -6.90 	0.00, -0.00 	13,20,37,376		11.13,4.76	1000,1 	0
3454    	35.13, -21.89, -7.04 	17.13, 10.22, -6.90 	0.00, -0.00 	13,20,37,386		7.70,4.81	1000,1 	0
3463    	35.15, -21.89, -7.02 	17.13, 10.22, -6.90 	0.00, -0.00 	13,20,37,396		6.42,0.00	1000,1 	0
3471    	35.12, -21.87, -7.04 	17.14, 10.22, -6.90 	0.00, -0.00 	13,20,37,405		11.96,3.21	1000,1 	0
3480    	35.16, -21.86, -7.02 	17.14, 10.22, -6.90 	0.00, -0.00 	13,20,37,415		10.00,0.00	1000,1 	0
3489    	35.20, -21.89, -7.01 	17.14, 10.22, -6.90 	0.00, -0.00 	13,20,37,425		12.51,0.00	1000,1 	0
3497    	35.17, -21.87, -7.04 	17.13, 10.21, -6.90 	0.00, -0.00 	13,20,37,434		11.96,4.76	1000,1 	0
3506    	35.17, -21.91, -7.01 	17.14, 10.22, -6.90 	0.00, -0.00 	13,20,37,444		10.65,3.57	1000,1 	0
3515    	35.20, -21.91, -7.00 	17.14, 10.20, -6.89 	0.00, -0.00 	13,20,37,454		7.23,5.83	1000,1 	0
3523    	35.20, -21.91, -7.02 	17.13, 10.20, -6.89 	0.00, -0.00 	13,20,37,463		0.00,3.21	1000,1 	0
3532    	35.19, -21.93, -7.00 	17.14, 10.21, -6.90 	0.00, -0.00 	13,20,37,473		5.85,5.47	1000,1 	0
3541    	35.16, -21.96, -7.00 	17.14, 10.21, -6.90 	0.00, -0.00 	13,20,37,483		8.98,0.00	1000,1 	0
3550    	35.17, -21.96, -6.99 	17.14, 10.22, -6.90 	0.00, -0.00 	13,20,37,493		3.21,3.56	1000,1 	0
3558    	35.18, -21.96, -7.02 	17.15, 10.22, -6.90 	0.00, -0.00 	13,20,37,502		3.21,3.21	1000,1 	0
3567    	35.27, -21.93, -7.02 	17.13, 10.22, -6.90 	0.00, -0.00 	13,20,37,512		19.74,3.85	1000,1 	0
3575    	35.26, -21.98, -7.02 	17.15, 10.24, -6.90 	0.00, -0.00 	13,20,37,521		11.70,7.14	1000,1 	0
3584    	35.24, -22.00, -6.97 	17.15, 10.24, -6.89 	0.00, -0.00 	13,20,37,531		5.75,0.00	1000,1 	0
3593    	35.17, -22.07, -6.99 	17.14, 10.23, -6.90 	0.00, -0.00 	13,20,37,541		20.12,2.86	1000,1 	0
3601    	35.21, -22.06, -6.96 	17.13, 10.20, -6.88 	0.00, -0.00 	13,20,37,550		10.00,9.29	1000,1 	0
3610    	35.16, -22.12, -6.95 	17.15, 10.21, -6.88 	0.00, -0.00 	13,20,37,560		14.37,6.13	1000,1 	0
3619    	35.18, -22.08, -6.94 	17.13, 10.21, -6.89 	0.00, -0.00 	13,20,37,570		7.47,3.85	1000,1 	0
3628    	35.18, -22.08, -6.97 	17.14, 10.21, -6.88 	0.00, -0.00 	13,20,37,580		0.00,2.41	1000,1 	0
3636    	35.13, -22.08, -6.98 	17.14, 10.23, -6.90 	0.00, -0.00 	13,20,37,589		12.04,5.35	1000,1 	0
3645    	35.14, -22.09, -6.96 	17.13, 10.23, -6.89 	0.00, -0.00 	13,20,37,599		2.87,1.92	1000,1 	0
3654    	35.15, -22.09, -6.95 	17.13, 10.24, -6.90 	0.00, -0.00 	13,20,37,609		2.41,3.62	1000,1 	0
3662    	35.18, -22.08, -6.93 	17.13, 10.25, -6.88 	0.00, -0.00 	13,20,37,618		7.70,3.57	1000,1 	0
3671    	35.15, -22.09, -6.95 	17.13, 10.25, -6.89 	0.00, -0.00 	13,20,37,628		6.16,0.00	1000,1 	0
3680    	35.22, -22.09, -6.94 	17.15, 10.28, -6.89 	0.00, -0.00 	13,20,37,638		13.49,7.43	1000,1 	0
3688    	35.16, -22.10, -6.95 	17.14, 10.27, -6.90 	0.00, -0.00 	13,20,37,647		14.70,3.57	1000,1 	0
3697    	35.10, -22.13, -6.91 	17.16, 10.27, -6.89 	0.00, -0.00 	13,20,37,657		12.32,3.85	1000,1 	0
3706    	35.11, -22.15, -6.92 	17.14, 10.26, -6.89 	0.00, -0.00 	13,20,37,667		4.68,4.38	1000,1 	0
3714    	35.10, -22.17, -6.90 	17.15, 10.28, -6.88 	0.00, -0.00 	13,20,37,676		5.85,5.83	1000,1 	0
3723    	35.08, -22.17, -6.92 	17.15, 10.27, -6.89 	0.00, -0.00 	13,20,37,686		4.82,2.67	1000,1 	0
3732    	35.09, -22.17, -6.93 	17.14, 10.27, -6.88 	0.00, -0.00 	13,20,37,696		1.93,1.92	1000,1 	0
3741    	35.09, -22.17, -6.91 	17.14, 10.28, -6.89 	0.00, -0.00 	13,20,37,706		0.00,2.67	1000,1 	0
3749    	35.10, -22.19, -6.91 	17.15, 10.28, -6.89 	0.00, -0.00 	13,20,37,715		5.84,2.41	1000,1 	0
3758    	35.12, -22.20, -6.90 	17.14, 10.28, -6.89 	0.00, -0.00 	13,20,37,725		4.40,1.92	1000,1 	0
3766    	35.11, -22.18, -6.90 	17.13, 10.27, -6.89 	0.00, -0.00 	13,20,37,734		5.85,3.57	1000,1 	0
3775    	35.13, -22.15, -6.90 	17.14, 10.30, -6.89 	0.00, -0.00 	13,20,37,744		7.47,4.66	1000,1 	0
3784    	35.10, -22.17, -6.89 	17.14, 10.28, -6.88 	0.00, -0.00 	13,20,37,754		7.18,2.14	1000,1 	0
3793    	35.13, -22.14, -6.89 	17.12, 10.30, -6.89 	0.00, -0.00 	13,20,37,764		10.78,5.54	1000,1 	0
3801    	35.11, -22.15, -6.90 	17.12, 10.30, -6.89 	0.00, -0.00 	13,20,37,773		5.51,2.41	1000,1 	0
3810    	35.12, -22.15, -6.91 	17.12, 10.30, -6.88 	0.00, -0.00 	13,20,37,783		1.93,1.92	1000,1 	0
3819    	35.05, -22.17, -6.91 	17.12, 10.28, -6.87 	0.00, -0.00 	13,20,37,793		17.68,3.57	1000,1 	0
3827    	35.04, -22.20, -6.91 	17.11, 10.27, -6.88 	0.00, -0.00 	13,20,37,802		8.35,3.57	1000,1 	0
3836    	35.10, -22.19, -6.91 	17.11, 10.27, -6.89 	0.00, -0.00 	13,20,37,812		11.76,0.00	1000,1 	0
3845    	35.12, -22.17, -6.89 	17.11, 10.27, -6.88 	0.00, -0.00 	13,20,37,822		7.18,0.00	1000,1 	0
3853    	35.14, -22.17, -6.86 	17.10, 10.29, -6.90 	0.00, -0.00 	13,20,37,831		4.82,3.62	1000,1 	0
3862    	35.09, -22.18, -6.87 	17.11, 10.30, -6.90 	0.00, -0.00 	13,20,37,841		9.87,2.86	1000,1 	0
3871    	35.08, -22.18, -6.86 	17.12, 10.28, -6.89 	0.00, -0.00 	13,20,37,851		1.93,2.90	1000,1 	0
3879    	35.09, -22.18, -6.86 	17.10, 10.29, -6.89 	0.00, -0.00 	13,20,37,860		2.41,4.81	1000,1 	0
3888    	35.05, -22.17, -6.85 	17.12, 10.30, -6.89 	0.00, -0.00 	13,20,37,870		7.99,4.38	1000,1 	0
3897    	35.07, -22.17, -6.83 	17.10, 10.30, -6.89 	0.00, -0.00 	13,20,37,880		3.85,3.85	1000,1 	0
3905    	35.08, -22.14, -6.85 	17.11, 10.30, -6.88 	0.00, -0.00 	13,20,37,889		8.35,2.41	1000,1 	0
3914    	35.06, -22.18, -6.84 	17.09, 10.31, -6.89 	0.00, -0.00 	13,20,37,899		9.36,4.43	1000,1 	0
3923    	35.08, -22.16, -6.86 	17.11, 10.31, -6.89 	0.00, -0.00 	13,20,37,909		5.75,3.85	1000,1 	0
3932    	35.11, -22.16, -6.83 	17.10, 10.32, -6.90 	0.00, -0.00 	13,20,37,919		7.23,3.62	1000,1 	0
3940    	35.11, -22.22, -6.83 	17.10, 10.32, -6.90 	0.00, -0.00 	13,20,37,928		15.98,0.00	1000,1 	0
3949    	35.11, -22.25, -6.85 	17.09, 10.32, -6.89 	0.00, -0.00 	13,20,37,938		6.39,1.92	1000,1 	0
3957    	35.14, -22.26, -6.81 	17.08, 10.30, -6.89 	0.00, -0.00 	13,20,37,947		7.70,5.83	0,0 	0
3966    	35.07, -22.30, -6.82 	17.08, 10.31, -6.90 	0.00, -0.00 	13,20,37,957		14.93,2.14	0,0 	0
3975    	35.03, -22.36, -6.80 	17.08, 10.31, -6.90 	0.00, -0.00 	13,20,37,967		14.93,0.00	0,0 	0
3984    	35.06, -22.34, -6.81 	17.08, 10.31, -6.89 	0.00, -0.00 	13,20,37,977		8.98,0.00	0,0 	0
3992    	35.07, -22.30, -6.80 	17.07, 10.30, -6.89 	0.00, -0.00 	13,20,37,986		10.92,3.57	0,0 	0
4001    	35.07, -22.30, -6.80 	17.07, 10.31, -6.88 	0.00, -0.00 	13,20,37,996		0.00,2.14	0,0 	0
4010    	35.04, -22.29, -6.81 	17.07, 10.32, -6.90 	0.00, -0.00 	13,20,38,6		7.70,2.67	0,0 	0
4018    	35.03, -22.31, -6.81 	17.09, 10.33, -6.88 	0.00, -0.00 	13,20,38,15		5.85,5.47	0,0 	0
4027    	35.03, -22.33, -6.78 	17.09, 10.33, -6.88 	0.00, -0.00 	13,20,38,25		4.26,0.00	0,0 	0
4036    	35.02, -22.33, -6.78 	17.08, 10.32, -6.89 	0.00, -0.00 	13,20,38,35		2.41,3.57	0,0 	0
4044    	35.01, -22.35, -6.77 	17.08, 10.32, -6.88 	0.00, -0.00 	13,20,38,44		5.85,0.00	0,0 	0
4053    	35.02, -22.38, -6.75 	17.10, 10.33, -6.88 	0.00, -0.00 	13,20,38,54		6.68,4.38	0,0 	0
4062    	34.99, -22.40, -6.77 	17.10, 10.33, -6.88 	0.00, -0.00 	13,20,38,64		7.18,0.00	0,0 	0
4070    	35.01, -22.41, -6.78 	17.10, 10.33, -6.88 	0.00, -0.00 	13,20,38,73		5.50,0.00	0,0 	0
4079    	35.00, -22.40, -6.78 	17.08, 10.34, -6.89 	0.00, -0.00 	13,20,38,83		2.87,4.43	0,0 	0
4088    	35.00, -22.39, -6.78 	17.08, 10.34, -6.89 	0.00, -0.00 	13,20,38,93		2.13,0.00	0,0 	0
4096    	34.99, -22.42, -6.79 	17.08, 10.33, -6.88 	0.00, -0.00 	13,20,38,102		8.35,2.67	0,0 	0
4105    	34.99, -22.38, -6.80 	17.11, 10.34, -6.88 	0.00, -0.00 	13,20,38,112		10.65,7.66	0,0 	0
4114    	35.02, -22.36, -6.80 	17.09, 10.34, -6.88 	0.00, -0.00 	13,20,38,122		7.18,3.85	0,0 	0
4123    	35.05, -22.33, -6.78 	17.07, 10.34, -6.88 	0.00, -0.00 	13,20,38,132		10.78,4.81	0,0 	0
4131    	35.05, -22.33, -6.78 	17.07, 10.34, -6.89 	0.00, -0.00 	13,20,38,141		0.00,0.00	0,0 	0
4140    	35.05, -22.33, -6.78 	17.05, 10.34, -6.90 	0.00, -0.00 	13,20,38,151		0.00,3.85	0,0 	0
4149    	35.05, -22.35, -6.76 	17.05, 10.34, -6.90 	0.00, -0.00 	13,20,38,161		5.33,0.00	0,0 	0
4157    	35.01, -22.36, -6.77 	17.05, 10.33, -6.89 	0.00, -0.00 	13,20,38,170		10.00,2.67	0,0 	0
4166    	34.98, -22.36, -6.75 	17.05, 10.33, -6.89 	0.00, -0.00 	13,20,38,180		5.78,0.00	0,0 	0
4175    	34.96, -22.39, -6.75 	17.06, 10.34, -6.90 	0.00, -0.00 	13,20,38,190		10.78,3.57	0,0 	0
4183    	34.96, -22.38, -6.75 	17.04, 10.32, -6.89 	0.00, -0.00 	13,20,38,199		2.66,7.14	0,0 	0
4192    	34.98, -22.39, -6.75 	17.05, 10.33, -6.90 	0.00, -0.00 	13,20,38,209		4.40,2.86	0,0 	0
4201    	35.01, -22.37, -6.75 	17.07, 10.34, -6.89 	0.00, -0.00 	13,20,38,219		11.01,5.47	0,0 	0
4209    	34.96, -22.41, -6.75 	17.05, 10.35, -6.90 	0.00, -0.00 	13,20,38,228		17.96,5.54	0,0 	0
4218    	34.98, -22.42, -6.74 	17.06, 10.36, -6.90 	0.00, -0.00 	13,20,38,238		6.16,2.86	0,0 	0
4227    	34.99, -22.41, -6.74 	17.05, 10.35, -6.90 	0.00, -0.00 	13,20,38,248		3.59,3.57	0,0 	0
4235    	34.96, -22.43, -6.73 	17.02, 10.35, -6.89 	0.00, -0.00 	13,20,38,257		11.01,7.22	0,0 	0
4244    	34.90, -22.47, -6.73 	17.01, 10.33, -6.87 	0.00, -0.00 	13,20,38,267		13.21,4.66	0,0 	0
4253    	34.85, -22.51, -6.73 	16.97, 10.31, -6.88 	0.00, -0.00 	13,20,38,277		12.87,8.75	0,0 	0
4261    	34.90, -22.51, -6.71 	16.93, 10.29, -6.87 	0.00, -0.00 	13,20,38,286		12.04,10.94	0,0 	0
4270    	34.89, -22.53, -6.74 	16.90, 10.27, -6.86 	0.00, -0.00 	13,20,38,296		4.68,7.13	0,0 	0
4279    	34.89, -22.46, -6.75 	16.87, 10.24, -6.86 	0.00, -0.00 	13,20,38,306		14.92,8.75	0,0 	0
4287    	34.90, -22.47, -6.78 	16.82, 10.21, -6.85 	0.00, -0.00 	13,20,38,315		3.59,14.36	0,0 	0
4296    	34.91, -22.45, -6.78 	16.69, 10.13, -6.84 	0.00, -0.00 	13,20,38,325		5.85,37.62	0,0 	0
4305    	34.94, -22.41, -6.80 	16.59, 10.03, -6.82 	0.00, -0.00 	13,20,38,335		8.62,28.40	0,0 	0
4314    	34.96, -22.43, -6.79 	16.38, 9.81, -6.78 	0.00, -0.00 	13,20,38,345		7.18,76.57	0,0 	0
4322    	34.91, -22.47, -6.77 	16.08, 9.44, -6.70 	0.00, -0.00 	13,20,38,354		14.46,118.76	0,0 	0
4331    	34.94, -22.42, -6.79 	15.62, 8.95, -6.63 	0.00, -0.00 	13,20,38,364		10.30,133.92	0,0 	0
4340    	34.96, -22.39, -6.80 	15.48, 8.76, -6.59 	0.00, -0.00 	13,20,38,374		9.33,59.70	0,0 	0
4348    	34.93, -22.38, -6.82 	15.38, 8.62, -6.58 	0.00, -0.00 	13,20,38,383		7.70,41.96	0,0 	0
4357    	34.91, -22.38, -6.83 	15.24, 8.44, -6.60 	0.00, -0.00 	13,20,38,393		3.85,46.08	0,0 	0
4366    	34.93, -22.37, -6.89 	15.07, 8.22, -6.63 	0.00, -0.00 	13,20,38,403		5.51,70.37	0,0 	0
4374    	34.96, -22.34, -6.94 	15.01, 8.05, -6.68 	0.00, -0.00 	13,20,38,412		10.78,44.93	0,0 	0
4383    	35.03, -22.30, -6.95 	14.90, 7.86, -6.70 	0.00, -0.00 	13,20,38,422		17.62,44.59	0,0 	0
4392    	35.09, -22.23, -7.03 	14.73, 7.61, -6.72 	0.00, -0.00 	13,20,38,432		21.55,74.66	0,0 	0
4400    	35.03, -22.24, -7.05 	14.47, 7.32, -6.75 	0.00, -0.00 	13,20,38,441		14.70,96.36	0,0 	0
4409    	34.99, -22.23, -7.11 	14.25, 7.13, -6.82 	0.00, -0.00 	13,20,38,451		9.87,58.22	0,0 	0
4418    	34.99, -22.12, -7.19 	14.00, 7.01, -6.93 	0.00, -0.00 	13,20,38,461		29.40,69.87	0,0 	0
4426    	34.93, -21.96, -7.29 	13.76, 6.90, -7.00 	0.00, -0.00 	13,20,38,470		43.35,65.45	0,0 	0
4435    	34.78, -21.89, -7.39 	13.56, 6.82, -7.06 	0.00, -0.00 	13,20,38,480		31.60,43.65	0,0 	0
4444    	34.74, -21.73, -7.50 	13.27, 6.69, -7.15 	0.00, -0.00 	13,20,38,490		33.38,62.83	0,0 	0
4452    	34.70, -21.44, -7.66 	13.11, 6.64, -7.22 	0.00, -0.00 	13,20,38,499		72.55,42.84	0,0 	0
4461    	34.75, -21.13, -7.76 	12.90, 6.52, -7.29 	0.00, -0.00 	13,20,38,509		52.12,40.11	0,0 	0
4470    	34.84, -20.84, -7.88 	12.67, 6.41, -7.31 	0.00, -0.00 	13,20,38,519		52.26,42.93	0,0 	0
4478    	34.78, -20.56, -7.98 	12.41, 6.29, -7.37 	0.00, -0.00 	13,20,38,528		57.01,56.72	0,0 	0
4487    	34.84, -20.35, -8.05 	12.13, 6.21, -7.41 	0.00, -0.00 	13,20,38,538		44.71,58.13	0,0 	0
4496    	34.88, -20.14, -8.10 	11.85, 6.17, -7.50 	0.00, -0.00 	13,20,38,548		34.35,46.95	0,0 	0
4505    	34.91, -19.93, -8.17 	11.62, 6.13, -7.59 	0.00, -0.00 	13,20,38,558		43.01,46.85	0,0 	0
4513    	34.62, -19.78, -8.24 	11.27, 6.13, -7.67 	0.00, -0.00 	13,20,38,567		65.03,69.29	0,0 	0
4522    	34.36, -19.62, -8.34 	10.91, 6.13, -7.77 	0.00, -0.00 	13,20,38,577		50.86,60.95	0,0 	0
4531    	34.15, -19.39, -8.46 	10.51, 6.15, -7.90 	0.00, -0.00 	13,20,38,587		63.18,78.98	0,0 	0
4539    	34.02, -19.06, -8.56 	10.25, 6.16, -7.97 	0.00, -0.00 	13,20,38,596		71.34,52.05	0,0 	0
4548    	34.03, -18.73, -8.67 	9.94, 6.13, -8.04 	0.00, -0.00 	13,20,38,606		55.07,53.12	0,0 	0
4557    	34.01, -18.42, -8.84 	9.62, 6.10, -8.11 	0.00, -0.00 	13,20,38,616		61.91,63.74	0,0 	0
4565    	34.04, -18.19, -8.94 	9.30, 6.05, -8.18 	0.00, -0.00 	13,20,38,625		45.12,64.25	0,0 	0
4574    	34.02, -17.86, -8.99 	8.98, 6.04, -8.27 	0.00, -0.00 	13,20,38,635		55.14,52.94	0,0 	0
4583    	33.89, -17.53, -9.00 	8.67, 6.04, -8.33 	0.00, -0.00 	13,20,38,645		70.63,63.52	0,0 	0
4591    	33.62, -17.25, -9.00 	8.19, 5.96, -8.37 	0.00, -0.00 	13,20,38,654		78.84,97.17	0,0 	0
4600    	33.42, -16.91, -9.06 	7.72, 5.88, -8.40 	0.00, -0.00 	13,20,38,664		55.31,66.93	0,0 	0
4609    	33.26, -16.63, -9.16 	7.32, 5.88, -8.47 	0.00, -0.00 	13,20,38,674		55.15,67.36	0,0 	0
4617    	33.06, -16.37, -9.27 	7.00, 5.88, -8.52 	0.00, -0.00 	13,20,38,683		54.32,52.93	0,0 	0
4626    	32.89, -16.07, -9.41 	6.62, 5.88, -8.59 	0.00, -0.00 	13,20,38,693		48.60,54.99	0,0 	0
4635    	32.76, -15.84, -9.49 	6.25, 5.88, -8.68 	0.00, -0.00 	13,20,38,703		45.06,60.95	0,0 	0
4643    	32.66, -15.59, -9.57 	5.92, 5.83, -8.73 	0.00, -0.00 	13,20,38,712		43.87,56.71	0,0 	0
4652    	32.71, -15.33, -9.62 	5.62, 5.79, -8.76 	0.00, -0.00 	13,20,38,722		38.67,42.96	0,0 	0
4661    	32.61, -15.17, -9.61 	5.37, 5.72, -8.77 	0.00, -0.00 	13,20,38,732		31.09,43.35	0,0 	0
4669    	32.46, -15.02, -9.60 	4.98, 5.64, -8.78 	0.00, -0.00 	13,20,38,741		35.74,65.51	0,0 	0
4678    	32.30, -14.90, -9.59 	4.55, 5.49, -8.79 	0.00, -0.00 	13,20,38,751		28.76,65.15	0,0 	0
4687    	32.11, -14.74, -9.58 	4.20, 5.41, -8.81 	0.00, -0.00 	13,20,38,761		40.48,60.83	0,0 	0
4696    	31.90, -14.52, -9.56 	3.82, 5.32, -8.82 	0.00, -0.00 	13,20,38,771		51.35,64.34	0,0 	0
4704    	31.69, -14.34, -9.58 	3.54, 5.23, -8.79 	0.00, -0.00 	13,20,38,780		46.45,48.44	0,0 	0
4713    	31.54, -14.10, -9.67 	3.28, 5.17, -8.84 	0.00, -0.00 	13,20,38,790		46.74,44.45	0,0 	0
4722    	31.44, -13.81, -9.80 	3.09, 5.12, -8.89 	0.00, -0.00 	13,20,38,800		50.55,33.16	0,0 	0
4730    	31.34, -13.51, -9.85 	2.91, 5.02, -8.90 	0.00, -0.00 	13,20,38,809		52.24,34.22	0,0 	0
4739    	31.27, -13.25, -9.86 	2.69, 4.86, -8.87 	0.00, -0.00 	13,20,38,819		39.61,39.67	0,0 	0
4748    	31.21, -13.13, -9.87 	2.48, 4.60, -8.82 	0.00, -0.00 	13,20,38,829		21.77,55.03	0,0 	0
4756    	31.20, -12.96, -9.88 	2.21, 4.40, -8.78 	0.00, -0.00 	13,20,38,838		28.46,55.83	0,0 	0
4765    	31.17, -12.78, -9.89 	2.01, 4.22, -8.78 	0.00, -0.00 	13,20,38,848		26.20,38.54	0,0 	0
4774    	31.10, -12.72, -9.89 	1.77, 4.05, -8.76 	0.00, -0.00 	13,20,38,858		16.68,48.85	0,0 	0
4782    	30.93, -12.73, -9.90 	1.52, 3.84, -8.75 	0.00, -0.00 	13,20,38,867		27.35,54.45	0,0 	0
4791    	30.83, -12.70, -9.91 	1.28, 3.64, -8.73 	0.00, -0.00 	13,20,38,877		15.44,44.65	0,0 	0
4800    	30.72, -12.67, -9.91 	1.01, 3.45, -8.72 	0.00, -0.00 	13,20,38,887		18.44,54.79	0,0 	0
4808    	30.66, -12.57, -9.91 	0.92, 3.31, -8.71 	0.00, -0.00 	13,20,38,896		20.20,27.98	0,0 	0
4817    	30.59, -12.50, -9.88 	0.88, 3.17, -8.70 	0.00, -0.00 	13,20,38,906		13.27,20.52	0,0 	0
4826    	30.54, -12.40, -9.88 	0.85, 3.03, -8.66 	0.00, -0.00 	13,20,38,916		20.20,23.59	0,0 	0
4834    	30.51, -12.31, -9.89 	0.82, 2.83, -8.62 	0.00, -0.00 	13,20,38,925		15.00,34.36	0,0 	0
4843    	30.55, -12.26, -9.87 	0.72, 2.60, -8.58 	0.00, -0.00 	13,20,38,935		9.40,34.71	0,0 	0
4852    	30.54, -12.20, -9.89 	0.69, 2.41, -8.52 	0.00, -0.00 	13,20,38,945		9.02,32.36	0,0 	0
4861    	30.55, -12.18, -9.86 	0.67, 2.24, -8.46 	0.00, -0.00 	13,20,38,955		3.90,28.84	0,0 	0
4869    	30.53, -12.21, -9.83 	0.57, 2.01, -8.41 	0.00, -0.00 	13,20,38,964		6.22,42.13	0,0 	0
4878    	30.50, -12.15, -9.81 	0.49, 1.87, -8.35 	0.00, -0.00 	13,20,38,974		11.69,27.11	0,0 	0
4887    	30.48, -12.15, -9.80 	0.48, 1.74, -8.30 	0.00, -0.00 	13,20,38,984		3.21,21.42	0,0 	0
4895    	30.44, -12.14, -9.78 	0.42, 1.61, -8.21 	0.00, -0.00 	13,20,38,993		6.66,23.32	0,0 	0
4904    	30.41, -12.18, -9.74 	0.38, 1.50, -8.15 	0.00, -0.00 	13,20,39,3		7.36,17.60	0,0 	0
4913    	30.37, -12.15, -9.74 	0.35, 1.39, -8.09 	0.00, -0.00 	13,20,39,13		8.34,18.85	0,0 	0
4921    	30.36, -12.15, -9.70 	0.40, 1.34, -8.05 	0.00, -0.00 	13,20,39,22		1.61,13.21	0,0 	0
4930    	30.36, -12.13, -9.70 	0.48, 1.29, -8.02 	0.00, -0.00 	13,20,39,32		2.37,9.85	0,0 	0
4939    	30.38, -12.11, -9.66 	0.50, 1.25, -7.96 	0.00, -0.00 	13,20,39,42		3.19,5.24	0,0 	0
