#Time 	Sensor1         Sensor2         Target          Time            Vel             
#================================================================

16      	30.73, -12.02, -8.37 	-0.39, 1.40, -6.76 	-5.13, 14.10 	13,20,20,503		0.00,0.00	0,0 	0
21      	30.74, -12.02, -8.38 	-0.38, 1.38, -6.76 	-5.13, 14.10 	13,20,20,513		1.93,2.90	0,0 	0
30      	30.75, -12.01, -8.37 	-0.38, 1.38, -6.76 	-5.13, 14.10 	13,20,20,523		1.60,0.00	0,0 	0
39      	30.74, -12.01, -8.38 	-0.37, 1.41, -6.76 	-5.13, 14.10 	13,20,20,533		1.07,2.59	0,0 	0
48      	30.74, -12.03, -8.37 	-0.37, 1.42, -6.76 	-5.13, 14.10 	13,20,20,543		2.37,1.19	0,0 	0
56      	30.72, -12.04, -8.36 	-0.36, 1.40, -6.75 	-5.13, 14.10 	13,20,20,552		2.75,2.95	0,0 	0
65      	30.74, -12.07, -8.35 	-0.38, 1.41, -6.76 	-5.13, 14.10 	13,20,20,562		3.19,2.46	0,0 	0
74      	30.72, -12.04, -8.36 	-0.36, 1.41, -6.76 	-5.13, 14.10 	13,20,20,572		3.19,2.14	0,0 	0
82      	30.73, -12.03, -8.37 	-0.36, 1.43, -6.76 	-5.13, 14.10 	13,20,20,581		1.80,2.67	0,0 	0
91      	30.73, -12.03, -8.37 	-0.35, 1.42, -6.75 	-5.13, 14.10 	13,20,20,591		0.00,1.61	0,0 	0
99      	30.75, -11.99, -8.38 	-0.36, 1.42, -6.76 	-5.13, 14.10 	13,20,20,600		5.85,1.20	0,0 	0
108     	30.74, -11.99, -8.38 	-0.40, 1.42, -6.77 	-5.13, 14.10 	13,20,20,610		1.07,4.28	0,0 	0
117     	30.75, -11.98, -8.36 	-0.36, 1.43, -6.76 	-5.13, 14.10 	13,20,20,620		1.60,4.42	0,0 	0
125     	30.75, -12.00, -8.37 	-0.41, 1.45, -6.77 	-5.13, 14.10 	13,20,20,629		2.66,6.62	0,0 	0
134     	30.78, -12.00, -8.37 	-0.40, 1.44, -6.77 	-5.13, 14.10 	13,20,20,639		3.21,1.61	0,0 	0
143     	30.76, -12.01, -8.37 	-0.40, 1.43, -6.76 	-5.13, 14.10 	13,20,20,649		2.45,1.19	0,0 	0
151     	30.77, -12.03, -8.36 	-0.39, 1.43, -6.77 	-5.13, 14.10 	13,20,20,658		2.92,1.20	0,0 	0
160     	30.76, -12.03, -8.36 	-0.40, 1.43, -6.76 	-5.13, 14.10 	13,20,20,668		1.07,1.07	0,0 	0
169     	30.75, -12.04, -8.36 	-0.40, 1.42, -6.76 	-5.13, 14.10 	13,20,20,678		1.60,1.19	0,0 	0
177     	30.72, -12.02, -8.36 	-0.40, 1.44, -6.78 	-5.13, 14.10 	13,20,20,687		4.49,2.67	0,0 	0
186     	30.72, -12.02, -8.36 	-0.40, 1.45, -6.77 	-5.13, 14.10 	13,20,20,697		0.00,1.19	0,0 	0
195     	30.72, -12.02, -8.36 	-0.41, 1.46, -6.78 	-5.13, 14.10 	13,20,20,707		0.00,1.61	0,0 	0
203     	30.71, -12.01, -8.36 	-0.41, 1.46, -6.78 	-5.13, 14.10 	13,20,20,716		1.79,0.00	0,0 	0
212     	30.74, -12.01, -8.36 	-0.41, 1.46, -6.77 	-5.13, 14.10 	13,20,20,726		3.21,0.00	0,0 	0
221     	30.73, -12.00, -8.36 	-0.41, 1.44, -6.78 	-5.13, 14.10 	13,20,20,736		1.60,2.59	0,0 	0
230     	30.75, -12.03, -8.36 	-0.40, 1.44, -6.75 	-5.13, 14.10 	13,20,20,746		4.15,2.14	0,0 	0
239     	30.75, -12.04, -8.35 	-0.41, 1.45, -6.76 	-5.13, 14.10 	13,20,20,756		1.18,1.61	0,0 	0
247     	30.73, -12.04, -8.34 	-0.42, 1.44, -6.79 	-5.13, 14.10 	13,20,20,765		2.41,2.73	0,0 	0
256     	30.74, -12.04, -8.35 	-0.41, 1.45, -6.78 	-5.13, 14.10 	13,20,20,775		1.07,2.43	0,0 	0
265     	30.73, -12.03, -8.35 	-0.42, 1.43, -6.77 	-5.13, 14.10 	13,20,20,785		1.60,3.17	0,0 	0
273     	30.73, -12.02, -8.35 	-0.40, 1.47, -6.79 	-5.13, 14.10 	13,20,20,794		1.33,6.40	0,0 	0
282     	30.74, -12.02, -8.35 	-0.42, 1.45, -6.79 	-5.13, 14.10 	13,20,20,804		1.07,3.96	0,0 	0
290     	30.74, -12.01, -8.37 	-0.39, 1.47, -6.80 	-5.13, 14.10 	13,20,20,813		1.33,5.47	0,0 	0
299     	30.74, -12.02, -8.36 	-0.37, 1.47, -6.79 	-5.13, 14.10 	13,20,20,823		1.18,2.14	0,0 	0
308     	30.74, -12.03, -8.36 	-0.38, 1.46, -6.79 	-5.13, 14.10 	13,20,20,833		1.18,1.59	0,0 	0
316     	30.73, -12.03, -8.36 	-0.38, 1.46, -6.78 	-5.13, 14.10 	13,20,20,842		1.20,0.00	0,0 	0
325     	30.77, -12.03, -8.35 	-0.42, 1.44, -6.76 	-5.13, 14.10 	13,20,20,852		4.28,5.82	0,0 	0
334     	30.76, -12.05, -8.34 	-0.42, 1.45, -6.76 	-5.13, 14.10 	13,20,20,862		2.60,1.19	0,0 	0
342     	30.73, -12.08, -8.33 	-0.43, 1.46, -6.76 	-5.13, 14.10 	13,20,20,871		4.49,1.81	0,0 	0
351     	30.73, -12.08, -8.33 	-0.45, 1.46, -6.75 	-5.13, 14.10 	13,20,20,881		0.00,2.14	0,0 	0
360     	30.74, -12.08, -8.34 	-0.45, 1.46, -6.78 	-5.13, 14.10 	13,20,20,891		1.07,0.00	0,0 	0
368     	30.73, -12.07, -8.35 	-0.46, 1.48, -6.79 	-5.13, 14.10 	13,20,20,900		1.79,2.95	0,0 	0
377     	30.74, -12.09, -8.34 	-0.46, 1.48, -6.80 	-5.13, 14.10 	13,20,20,910		2.60,0.00	0,0 	0
386     	30.76, -12.09, -8.34 	-0.45, 1.50, -6.79 	-5.13, 14.10 	13,20,20,920		2.14,2.59	0,0 	0
395     	30.77, -12.10, -8.33 	-0.47, 1.49, -6.78 	-5.13, 14.10 	13,20,20,930		1.60,2.43	0,0 	0
403     	30.74, -12.11, -8.34 	-0.42, 1.48, -6.76 	-5.13, 14.10 	13,20,20,939		3.85,6.18	0,0 	0
412     	30.74, -12.11, -8.33 	-0.41, 1.46, -6.75 	-5.13, 14.10 	13,20,20,949		0.00,2.62	0,0 	0
421     	30.76, -12.12, -8.33 	-0.41, 1.45, -6.75 	-5.13, 14.10 	13,20,20,959		2.45,1.61	0,0 	0
430     	30.75, -12.14, -8.33 	-0.42, 1.47, -6.76 	-5.13, 14.10 	13,20,20,969		2.60,3.22	0,0 	0
438     	30.74, -12.13, -8.32 	-0.41, 1.45, -6.76 	-5.13, 14.10 	13,20,20,978		1.80,2.95	0,0 	0
447     	30.74, -12.13, -8.33 	-0.44, 1.42, -6.75 	-5.13, 14.10 	13,20,20,988		0.00,4.76	0,0 	0
456     	30.73, -12.13, -8.33 	-0.46, 1.44, -6.75 	-5.13, 14.10 	13,20,20,998		1.07,3.22	0,0 	0
464     	30.76, -12.11, -8.33 	-0.44, 1.44, -6.75 	-5.13, 14.10 	13,20,21,7		4.49,2.41	0,0 	0
473     	30.76, -12.11, -8.34 	-0.47, 1.41, -6.72 	-5.13, 14.10 	13,20,21,17		0.00,4.76	0,0 	0
481     	30.76, -12.12, -8.33 	-0.45, 1.42, -6.72 	-5.13, 14.10 	13,20,21,26		1.33,2.73	0,0 	0
490     	30.77, -12.11, -8.33 	-0.43, 1.44, -6.71 	-5.13, 14.10 	13,20,21,36		1.60,3.17	0,0 	0
499     	30.79, -12.11, -8.34 	-0.44, 1.42, -6.72 	-5.13, 14.10 	13,20,21,46		2.14,2.59	0,0 	0
507     	30.79, -12.13, -8.34 	-0.48, 1.40, -6.71 	-5.13, 14.10 	13,20,21,55		2.66,5.47	0,0 	0
516     	30.77, -12.17, -8.33 	-0.48, 1.39, -6.71 	-5.13, 14.10 	13,20,21,65		5.20,1.19	0,0 	0
525     	30.74, -12.14, -8.34 	-0.47, 1.42, -6.73 	-5.13, 14.10 	13,20,21,75		4.79,3.71	0,0 	0
533     	30.75, -12.17, -8.34 	-0.42, 1.40, -6.74 	-5.13, 14.10 	13,20,21,84		4.17,6.62	0,0 	0
542     	30.75, -12.14, -8.33 	-0.40, 1.38, -6.74 	-5.13, 14.10 	13,20,21,94		3.55,2.46	0,0 	0
551     	30.74, -12.15, -8.34 	-0.39, 1.37, -6.74 	-5.13, 14.10 	13,20,21,104		1.60,2.46	0,0 	0
559     	30.75, -12.11, -8.35 	-0.32, 1.33, -6.74 	-5.13, 14.10 	13,20,21,113		5.46,10.04	0,0 	0
568     	30.74, -12.11, -8.35 	-0.32, 1.30, -6.72 	-5.13, 14.10 	13,20,21,123		1.07,3.56	0,0 	0
577     	30.77, -12.09, -8.35 	-0.28, 1.23, -6.71 	-5.13, 14.10 	13,20,21,133		3.99,8.37	0,0 	0
586     	30.77, -12.09, -8.34 	-0.21, 1.14, -6.68 	-5.13, 14.10 	13,20,21,143		0.00,13.14	0,0 	0
594     	30.78, -12.08, -8.34 	-0.17, 1.05, -6.68 	-5.13, 14.10 	13,20,21,152		1.80,11.79	0,0 	0
603     	30.76, -12.08, -8.33 	-0.15, 0.90, -6.66 	-5.13, 14.10 	13,20,21,162		2.14,16.80	0,0 	0
612     	30.73, -12.10, -8.35 	-0.11, 0.73, -6.68 	-5.13, 14.10 	13,20,21,172		3.99,19.55	0,0 	0
621     	30.70, -12.11, -8.33 	-0.06, 0.62, -6.68 	-5.13, 14.10 	13,20,21,182		3.42,13.10	0,0 	0
629     	30.70, -12.11, -8.34 	-0.02, 0.49, -6.69 	-5.13, 14.10 	13,20,21,191		0.00,16.81	0,0 	0
638     	30.67, -12.13, -8.34 	0.04, 0.40, -6.69 	-5.13, 14.10 	13,20,21,201		3.99,12.55	0,0 	0
647     	30.68, -12.12, -8.34 	0.13, 0.31, -6.71 	-5.13, 14.10 	13,20,21,211		1.60,14.41	0,0 	0
655     	30.70, -12.10, -8.35 	0.18, 0.29, -6.75 	-5.13, 14.10 	13,20,21,220		3.59,6.62	0,0 	0
664     	30.69, -12.11, -8.35 	0.20, 0.23, -6.77 	-5.13, 14.10 	13,20,21,230		1.60,7.47	0,0 	0
672     	30.70, -12.12, -8.34 	0.18, 0.21, -6.75 	-5.13, 14.10 	13,20,21,239		1.79,2.73	0,0 	0
681     	30.70, -12.13, -8.32 	0.23, 0.17, -6.77 	-5.13, 14.10 	13,20,21,249		1.18,7.21	0,0 	0
690     	30.71, -12.14, -8.34 	0.23, 0.18, -6.80 	-5.13, 14.10 	13,20,21,259		1.60,1.19	0,0 	0
698     	30.73, -12.13, -8.34 	0.22, 0.13, -6.79 	-5.13, 14.10 	13,20,21,268		2.75,6.77	0,0 	0
707     	30.69, -12.14, -8.34 	0.19, 0.11, -6.79 	-5.13, 14.10 	13,20,21,278		4.44,3.96	0,0 	0
716     	30.67, -12.15, -8.34 	0.20, 0.10, -6.82 	-5.13, 14.10 	13,20,21,288		2.45,1.61	0,0 	0
724     	30.69, -12.17, -8.34 	0.20, 0.11, -6.82 	-5.13, 14.10 	13,20,21,297		3.59,1.34	0,0 	0
733     	30.68, -12.14, -8.35 	0.21, 0.11, -6.81 	-5.13, 14.10 	13,20,21,307		3.71,1.07	0,0 	0
742     	30.68, -12.13, -8.34 	0.25, 0.09, -6.79 	-5.13, 14.10 	13,20,21,317		1.18,4.92	0,0 	0
750     	30.68, -12.14, -8.34 	0.24, 0.09, -6.79 	-5.13, 14.10 	13,20,21,326		1.33,1.20	0,0 	0
759     	30.69, -12.13, -8.33 	0.24, 0.08, -6.79 	-5.13, 14.10 	13,20,21,336		1.60,1.19	0,0 	0
768     	30.68, -12.13, -8.34 	0.23, 0.06, -6.79 	-5.13, 14.10 	13,20,21,346		1.07,1.59	0,0 	0
777     	30.70, -12.16, -8.32 	0.27, 0.09, -6.79 	-5.13, 14.10 	13,20,21,356		4.15,4.86	0,0 	0
785     	30.71, -12.15, -8.32 	0.29, 0.07, -6.79 	-5.13, 14.10 	13,20,21,365		1.80,2.77	0,0 	0
794     	30.67, -12.15, -8.31 	0.29, 0.07, -6.80 	-5.13, 14.10 	13,20,21,375		4.28,0.00	0,0 	0
803     	30.65, -12.14, -8.32 	0.27, 0.06, -6.79 	-5.13, 14.10 	13,20,21,385		2.45,2.43	0,0 	0
811     	30.64, -12.14, -8.33 	0.25, 0.06, -6.79 	-5.13, 14.10 	13,20,21,394		1.20,2.41	0,0 	0
820     	30.64, -12.14, -8.33 	0.29, 0.07, -6.79 	-5.13, 14.10 	13,20,21,404		0.00,4.42	0,0 	0
829     	30.65, -12.12, -8.34 	0.27, 0.07, -6.79 	-5.13, 14.10 	13,20,21,414		2.60,2.14	0,0 	0
838     	30.66, -12.13, -8.34 	0.25, 0.08, -6.79 	-5.13, 14.10 	13,20,21,424		1.60,2.14	0,0 	0
846     	30.68, -12.11, -8.34 	0.24, 0.09, -6.80 	-5.13, 14.10 	13,20,21,433		3.59,1.81	0,0 	0
855     	30.68, -12.11, -8.34 	0.23, 0.09, -6.80 	-5.13, 14.10 	13,20,21,443		0.00,1.07	0,0 	0
863     	30.68, -12.12, -8.34 	0.24, 0.10, -6.80 	-5.13, 14.10 	13,20,21,452		1.33,1.78	0,0 	0
872     	30.67, -12.12, -8.34 	0.23, 0.09, -6.81 	-5.13, 14.10 	13,20,21,462		1.07,1.59	0,0 	0
881     	30.64, -12.14, -8.33 	0.21, 0.11, -6.81 	-5.13, 14.10 	13,20,21,472		3.99,3.22	0,0 	0
889     	30.63, -12.15, -8.33 	0.21, 0.12, -6.81 	-5.13, 14.10 	13,20,21,481		1.80,1.34	0,0 	0
898     	30.62, -12.15, -8.33 	0.20, 0.12, -6.82 	-5.13, 14.10 	13,20,21,491		1.07,1.07	0,0 	0
907     	30.62, -12.15, -8.33 	0.22, 0.12, -6.80 	-5.13, 14.10 	13,20,21,501		0.00,2.14	0,0 	0
915     	30.64, -12.14, -8.34 	0.20, 0.12, -6.80 	-5.13, 14.10 	13,20,21,510		2.75,2.41	0,0 	0
924     	30.63, -12.14, -8.35 	0.21, 0.10, -6.80 	-5.13, 14.10 	13,20,21,520		1.07,2.62	0,0 	0
933     	30.64, -12.16, -8.35 	0.22, 0.09, -6.79 	-5.13, 14.10 	13,20,21,530		2.60,1.61	0,0 	0
942     	30.62, -12.16, -8.34 	0.22, 0.09, -6.79 	-5.13, 14.10 	13,20,21,540		2.14,0.00	0,0 	0
950     	30.65, -12.15, -8.34 	0.22, 0.09, -6.79 	-5.13, 14.10 	13,20,21,549		3.85,0.00	0,0 	0
959     	30.63, -12.17, -8.33 	0.21, 0.09, -6.79 	-5.13, 14.10 	13,20,21,559		3.19,1.07	0,0 	0
968     	30.61, -12.16, -8.32 	0.21, 0.09, -6.79 	-5.13, 14.10 	13,20,21,569		2.45,0.00	0,0 	0
976     	30.60, -12.16, -8.32 	0.20, 0.08, -6.77 	-5.13, 14.10 	13,20,21,578		1.20,1.78	0,0 	0
985     	30.60, -12.16, -8.33 	0.18, 0.08, -6.77 	-5.13, 14.10 	13,20,21,588		0.00,2.14	0,0 	0
994     	30.60, -12.16, -8.33 	0.18, 0.10, -6.77 	-5.13, 14.10 	13,20,21,598		0.00,2.38	0,0 	0
1003    	30.60, -12.14, -8.34 	0.18, 0.08, -6.77 	-5.13, 14.10 	13,20,21,608		2.37,2.38	1000,1 	0
1011    	30.60, -12.14, -8.33 	0.21, 0.09, -6.77 	-5.13, 14.10 	13,20,21,617		0.00,3.83	1000,1 	0
1020    	30.60, -12.15, -8.34 	0.21, 0.09, -6.77 	-5.13, 14.10 	13,20,21,627		1.18,0.00	1000,1 	0
1029    	30.60, -12.15, -8.34 	0.18, 0.09, -6.76 	-5.13, 14.10 	13,20,21,637		1.07,3.21	1000,1 	0
1037    	30.60, -12.15, -8.34 	0.18, 0.10, -6.76 	-5.13, 14.10 	13,20,21,646		1.20,1.34	1000,1 	0
1046    	30.60, -12.15, -8.33 	0.16, 0.10, -6.76 	-5.13, 14.10 	13,20,21,656		0.00,2.14	1000,1 	0
1054    	30.59, -12.15, -8.34 	0.17, 0.10, -6.77 	-5.13, 14.10 	13,20,21,665		2.41,1.20	1000,1 	0
1063    	30.57, -12.19, -8.34 	0.17, 0.08, -6.75 	-5.13, 14.10 	13,20,21,675		5.20,2.38	1000,1 	0
1072    	30.56, -12.19, -8.33 	0.17, 0.08, -6.75 	-5.13, 14.10 	13,20,21,685		1.07,0.00	1000,1 	0
1080    	30.54, -12.24, -8.32 	0.17, 0.10, -6.75 	-5.13, 14.10 	13,20,21,694		5.85,2.67	1000,1 	0
1089    	30.54, -12.23, -8.31 	0.14, 0.09, -6.75 	-5.13, 14.10 	13,20,21,704		1.18,3.40	1000,1 	0
1098    	30.54, -12.23, -8.31 	0.14, 0.09, -6.75 	-5.13, 14.10 	13,20,21,714		0.00,0.00	1000,1 	0
1106    	30.54, -12.24, -8.31 	0.16, 0.10, -6.75 	-5.13, 14.10 	13,20,21,723		1.33,2.73	1000,1 	0
1115    	30.57, -12.23, -8.31 	0.16, 0.09, -6.74 	-5.13, 14.10 	13,20,21,733		3.42,1.19	1000,1 	0
1124    	30.59, -12.20, -8.31 	0.17, 0.09, -6.74 	-5.13, 14.10 	13,20,21,743		3.19,1.07	1000,1 	0
1133    	30.60, -12.21, -8.31 	0.17, 0.09, -6.74 	-5.13, 14.10 	13,20,21,753		1.60,0.00	1000,1 	0
1141    	30.56, -12.27, -8.31 	0.20, 0.10, -6.75 	-5.13, 14.10 	13,20,21,762		8.22,3.83	1000,1 	0
1150    	30.55, -12.28, -8.31 	0.17, 0.08, -6.73 	-5.13, 14.10 	13,20,21,772		1.60,3.96	1000,1 	0
1159    	30.57, -12.28, -8.30 	0.14, 0.09, -6.75 	-5.13, 14.10 	13,20,21,782		2.14,3.44	1000,1 	0
1167    	30.53, -12.31, -8.29 	0.13, 0.07, -6.73 	-5.13, 14.10 	13,20,21,791		6.26,2.91	1000,1 	0
1176    	30.55, -12.29, -8.30 	0.13, 0.08, -6.74 	-5.13, 14.10 	13,20,21,801		3.19,1.19	1000,1 	0
1185    	30.55, -12.29, -8.30 	0.10, 0.09, -6.75 	-5.13, 14.10 	13,20,21,811		0.00,3.44	1000,1 	0
1194    	30.54, -12.26, -8.31 	0.10, 0.10, -6.75 	-5.13, 14.10 	13,20,21,821		3.71,1.19	1000,1 	0
1202    	30.56, -12.23, -8.33 	0.13, 0.09, -6.74 	-5.13, 14.10 	13,20,21,830		4.67,3.87	1000,1 	0
1211    	30.58, -12.19, -8.31 	0.10, 0.09, -6.73 	-5.13, 14.10 	13,20,21,840		4.15,3.21	1000,1 	0
1220    	30.60, -12.19, -8.31 	0.10, 0.10, -6.74 	-5.13, 14.10 	13,20,21,850		2.14,1.19	1000,1 	0
1228    	30.60, -12.20, -8.31 	0.09, 0.08, -6.73 	-5.13, 14.10 	13,20,21,859		1.33,3.57	1000,1 	0
1237    	30.60, -12.20, -8.30 	0.05, 0.08, -6.74 	-5.13, 14.10 	13,20,21,869		1.07,4.28	1000,1 	0
1245    	30.60, -12.20, -8.30 	0.07, 0.07, -6.73 	-5.13, 14.10 	13,20,21,878		0.00,2.77	1000,1 	0
1254    	30.59, -12.21, -8.30 	0.05, 0.04, -6.73 	-5.13, 14.10 	13,20,21,888		2.45,3.17	1000,1 	0
1263    	30.58, -12.19, -8.31 	0.06, 0.08, -6.74 	-5.13, 14.10 	13,20,21,898		2.60,3.71	1000,1 	0
1271    	30.57, -12.17, -8.31 	0.02, 0.08, -6.73 	-5.13, 14.10 	13,20,21,907		2.92,4.81	1000,1 	0
1280    	30.59, -12.17, -8.31 	0.03, 0.09, -6.74 	-5.13, 14.10 	13,20,21,917		2.14,1.59	1000,1 	0
1289    	30.59, -12.17, -8.31 	0.04, 0.08, -6.72 	-5.13, 14.10 	13,20,21,927		0.00,1.61	1000,1 	0
1298    	30.59, -12.18, -8.31 	0.06, 0.08, -6.73 	-5.13, 14.10 	13,20,21,937		1.18,2.14	1000,1 	0
1306    	30.58, -12.18, -8.31 	0.06, 0.08, -6.74 	-5.13, 14.10 	13,20,21,946		1.20,0.00	1000,1 	0
1315    	30.58, -12.18, -8.31 	0.09, 0.08, -6.71 	-5.13, 14.10 	13,20,21,956		0.00,3.21	1000,1 	0
1324    	30.59, -12.18, -8.31 	0.06, 0.08, -6.72 	-5.13, 14.10 	13,20,21,966		1.07,3.21	1000,1 	0
1332    	30.57, -12.21, -8.30 	0.07, 0.08, -6.73 	-5.13, 14.10 	13,20,21,975		4.67,1.20	1000,1 	0
1341    	30.55, -12.21, -8.30 	0.03, 0.08, -6.74 	-5.13, 14.10 	13,20,21,985		2.14,4.28	1000,1 	0
1350    	30.51, -12.24, -8.29 	0.03, 0.08, -6.74 	-5.13, 14.10 	13,20,21,995		4.89,0.00	1000,1 	0
1358    	30.51, -12.25, -8.30 	-0.01, 0.08, -6.74 	-5.13, 14.10 	13,20,22,4		1.33,4.81	1000,1 	0
1367    	30.54, -12.24, -8.29 	0.01, 0.08, -6.73 	-5.13, 14.10 	13,20,22,14		3.42,2.14	1000,1 	0
1376    	30.53, -12.24, -8.31 	0.01, 0.08, -6.73 	-5.13, 14.10 	13,20,22,24		1.07,0.00	1000,1 	0
1384    	30.53, -12.23, -8.31 	0.01, 0.08, -6.72 	-5.13, 14.10 	13,20,22,33		1.33,0.00	1000,1 	0
1393    	30.51, -12.25, -8.29 	-0.02, 0.07, -6.71 	-5.13, 14.10 	13,20,22,43		3.19,3.40	1000,1 	0
1402    	30.51, -12.25, -8.31 	-0.02, 0.08, -6.71 	-5.13, 14.10 	13,20,22,53		0.00,1.19	1000,1 	0
1410    	30.51, -12.26, -8.31 	-0.01, 0.07, -6.71 	-5.13, 14.10 	13,20,22,62		1.33,1.81	1000,1 	0
1419    	30.52, -12.26, -8.30 	-0.00, 0.06, -6.70 	-5.13, 14.10 	13,20,22,72		1.07,1.61	1000,1 	0
1428    	30.50, -12.27, -8.30 	0.01, 0.08, -6.71 	-5.13, 14.10 	13,20,22,82		2.45,2.59	1000,1 	0
1436    	30.49, -12.27, -8.30 	0.02, 0.07, -6.71 	-5.13, 14.10 	13,20,22,91		1.20,1.81	1000,1 	0
1445    	30.50, -12.28, -8.30 	0.02, 0.06, -6.70 	-5.13, 14.10 	13,20,22,101		1.60,1.19	1000,1 	0
1454    	30.50, -12.23, -8.31 	-0.01, 0.06, -6.70 	-5.13, 14.10 	13,20,22,111		5.92,3.21	1000,1 	0
1462    	30.49, -12.24, -8.31 	-0.01, 0.06, -6.71 	-5.13, 14.10 	13,20,22,120		1.80,0.00	1000,1 	0
1471    	30.50, -12.24, -8.31 	-0.00, 0.05, -6.71 	-5.13, 14.10 	13,20,22,130		1.07,1.61	1000,1 	0
1480    	30.50, -12.25, -8.31 	-0.00, 0.05, -6.71 	-5.13, 14.10 	13,20,22,140		1.18,0.00	1000,1 	0
1488    	30.50, -12.25, -8.31 	0.01, 0.06, -6.71 	-5.13, 14.10 	13,20,22,149		0.00,1.78	1000,1 	0
1497    	30.50, -12.25, -8.31 	0.01, 0.06, -6.71 	-5.13, 14.10 	13,20,22,159		0.00,0.00	1000,1 	0
1506    	30.51, -12.25, -8.30 	0.01, 0.06, -6.71 	-5.13, 14.10 	13,20,22,169		1.07,0.00	1000,1 	0
1515    	30.49, -12.27, -8.30 	0.01, 0.06, -6.71 	-5.13, 14.10 	13,20,22,179		3.19,0.00	1000,1 	0
1523    	30.47, -12.28, -8.30 	-0.03, 0.08, -6.71 	-5.13, 14.10 	13,20,22,188		2.75,5.54	1000,1 	0
1532    	30.48, -12.27, -8.30 	-0.02, 0.07, -6.70 	-5.13, 14.10 	13,20,22,198		1.60,1.61	1000,1 	0
1541    	30.50, -12.26, -8.30 	-0.02, 0.08, -6.71 	-5.13, 14.10 	13,20,22,208		2.45,1.19	1000,1 	0
1549    	30.50, -12.25, -8.31 	-0.02, 0.08, -6.72 	-5.13, 14.10 	13,20,22,217		1.33,0.00	1000,1 	0
1558    	30.52, -12.23, -8.31 	-0.02, 0.08, -6.72 	-5.13, 14.10 	13,20,22,227		3.19,0.00	1000,1 	0
1567    	30.51, -12.23, -8.31 	-0.01, 0.08, -6.72 	-5.13, 14.10 	13,20,22,237		1.07,1.07	1000,1 	0
1576    	30.52, -12.23, -8.30 	-0.04, 0.08, -6.72 	-5.13, 14.10 	13,20,22,247		1.07,3.21	1000,1 	0
1584    	30.53, -12.23, -8.29 	-0.04, 0.08, -6.72 	-5.13, 14.10 	13,20,22,256		1.20,0.00	1000,1 	0
1593    	30.52, -12.25, -8.29 	-0.02, 0.07, -6.72 	-5.13, 14.10 	13,20,22,266		2.60,2.46	1000,1 	0
1601    	30.51, -12.21, -8.30 	-0.02, 0.07, -6.71 	-5.13, 14.10 	13,20,22,275		4.17,0.00	1000,1 	0
1610    	30.49, -12.21, -8.29 	-0.04, 0.06, -6.71 	-5.13, 14.10 	13,20,22,285		2.14,2.43	1000,1 	0
1619    	30.52, -12.19, -8.30 	-0.04, 0.07, -6.71 	-5.13, 14.10 	13,20,22,295		3.99,1.19	1000,1 	0
1627    	30.47, -12.20, -8.31 	-0.03, 0.06, -6.71 	-5.13, 14.10 	13,20,22,304		6.17,1.81	1000,1 	0
1636    	30.47, -12.19, -8.31 	-0.04, 0.08, -6.73 	-5.13, 14.10 	13,20,22,314		1.18,2.62	1000,1 	0
1645    	30.46, -12.19, -8.31 	-0.04, 0.05, -6.71 	-5.13, 14.10 	13,20,22,324		1.07,3.56	1000,1 	0
1653    	30.49, -12.18, -8.32 	-0.03, 0.07, -6.71 	-5.13, 14.10 	13,20,22,333		3.85,2.91	1000,1 	0
1662    	30.45, -12.17, -8.33 	-0.00, 0.08, -6.72 	-5.13, 14.10 	13,20,22,343		4.44,3.40	1000,1 	0
1671    	30.45, -12.16, -8.31 	-0.00, 0.05, -6.74 	-5.13, 14.10 	13,20,22,353		1.18,3.56	1000,1 	0
1680    	30.46, -12.15, -8.31 	0.01, 0.03, -6.71 	-5.13, 14.10 	13,20,22,363		1.60,1.61	1000,1 	0
1688    	30.43, -12.17, -8.33 	0.10, -0.01, -6.73 	-5.13, 14.10 	13,20,22,372		4.49,12.15	1000,1 	0
1697    	30.44, -12.12, -8.35 	0.08, -0.05, -6.76 	-5.13, 14.10 	13,20,22,382		6.02,5.18	1000,1 	0
1706    	30.40, -12.10, -8.36 	0.16, -0.07, -6.81 	-5.13, 14.10 	13,20,22,392		4.89,9.95	1000,1 	0
1714    	30.35, -12.09, -8.40 	0.16, -0.13, -6.82 	-5.13, 14.10 	13,20,22,401		6.17,6.68	1000,1 	0
1723    	30.34, -12.05, -8.41 	0.16, -0.18, -6.86 	-5.13, 14.10 	13,20,22,411		4.15,5.94	1000,1 	0
1732    	30.28, -12.04, -8.45 	0.22, -0.18, -6.91 	-5.13, 14.10 	13,20,22,421		6.53,6.42	1000,1 	0
1740    	30.24, -11.99, -8.49 	0.28, -0.13, -6.99 	-5.13, 14.10 	13,20,22,430		8.22,9.76	1000,1 	0
1749    	30.21, -11.94, -8.52 	0.39, -0.09, -7.05 	-5.13, 14.10 	13,20,22,440		6.73,13.62	1000,1 	0
1758    	30.18, -11.89, -8.57 	0.43, -0.01, -7.12 	-5.13, 14.10 	13,20,22,450		5.72,9.29	1000,1 	0
1767    	30.17, -11.84, -8.61 	0.47, 0.03, -7.14 	-5.13, 14.10 	13,20,22,460		6.01,6.34	1000,1 	0
1775    	30.07, -11.76, -8.66 	0.50, 0.06, -7.15 	-5.13, 14.10 	13,20,22,469		16.99,5.35	1000,1 	0
1784    	30.00, -11.68, -8.71 	0.53, 0.09, -7.19 	-5.13, 14.10 	13,20,22,479		11.17,4.76	1000,1 	0
1792    	29.86, -11.62, -8.77 	0.53, 0.17, -7.21 	-5.13, 14.10 	13,20,22,488		18.65,9.36	1000,1 	0
1801    	29.74, -11.51, -8.81 	0.49, 0.21, -7.25 	-5.13, 14.10 	13,20,22,498		18.26,6.44	1000,1 	0
1810    	29.64, -11.33, -8.86 	0.40, 0.29, -7.29 	-5.13, 14.10 	13,20,22,508		22.79,12.81	1000,1 	0
1818    	29.60, -11.06, -8.91 	0.32, 0.37, -7.31 	-5.13, 14.10 	13,20,22,517		33.64,14.49	1000,1 	0
1827    	29.55, -10.87, -8.94 	0.27, 0.52, -7.38 	-5.13, 14.10 	13,20,22,527		22.25,17.92	1000,1 	0
1836    	29.46, -10.73, -8.96 	0.15, 0.72, -7.41 	-5.13, 14.10 	13,20,22,537		18.15,25.10	1000,1 	0
1845    	29.40, -10.62, -8.97 	-0.01, 0.92, -7.50 	-5.13, 14.10 	13,20,22,547		14.52,28.53	1000,1 	0
1853    	29.34, -10.49, -8.96 	-0.14, 1.09, -7.51 	-5.13, 14.10 	13,20,22,556		17.53,27.42	1000,1 	0
1862    	29.23, -10.41, -8.96 	-0.29, 1.28, -7.57 	-5.13, 14.10 	13,20,22,566		15.28,25.98	1000,1 	0
1871    	29.10, -10.45, -8.94 	-0.41, 1.44, -7.63 	-5.13, 14.10 	13,20,22,576		14.36,22.77	1000,1 	0
1879    	29.01, -10.46, -8.93 	-0.63, 1.58, -7.70 	-5.13, 14.10 	13,20,22,585		12.12,31.88	1000,1 	0
1888    	28.91, -10.42, -8.94 	-0.72, 1.70, -7.77 	-5.13, 14.10 	13,20,22,595		11.28,17.01	1000,1 	0
1897    	28.82, -10.35, -8.96 	-0.80, 1.84, -7.83 	-5.13, 14.10 	13,20,22,605		12.70,17.77	1000,1 	0
1905    	28.70, -10.30, -8.95 	-0.85, 1.89, -7.86 	-5.13, 14.10 	13,20,22,614		17.01,9.06	1000,1 	0
1914    	28.63, -10.19, -8.99 	-0.97, 1.97, -7.88 	-5.13, 14.10 	13,20,22,624		14.01,15.40	1000,1 	0
1923    	28.59, -10.15, -8.99 	-1.04, 2.00, -7.91 	-5.13, 14.10 	13,20,22,634		6.38,9.32	1000,1 	0
1931    	28.55, -10.08, -8.99 	-1.11, 2.05, -7.94 	-5.13, 14.10 	13,20,22,643		10.00,10.83	1000,1 	0
1940    	28.49, -10.05, -8.96 	-1.13, 2.13, -7.98 	-5.13, 14.10 	13,20,22,653		7.34,8.62	1000,1 	0
1949    	28.45, -10.04, -8.95 	-1.20, 2.17, -8.00 	-5.13, 14.10 	13,20,22,663		4.44,8.93	1000,1 	0
1958    	28.38, -9.99, -8.97 	-1.31, 2.20, -8.02 	-5.13, 14.10 	13,20,22,673		9.55,12.34	1000,1 	0
1966    	28.31, -9.92, -8.97 	-1.34, 2.26, -8.04 	-5.13, 14.10 	13,20,22,682		11.61,8.29	1000,1 	0
1975    	28.27, -9.82, -8.98 	-1.44, 2.31, -8.09 	-5.13, 14.10 	13,20,22,692		12.99,12.31	1000,1 	0
1983    	28.15, -9.70, -9.01 	-1.50, 2.38, -8.10 	-5.13, 14.10 	13,20,22,701		20.57,10.87	1000,1 	0
1992    	28.07, -9.58, -9.04 	-1.57, 2.43, -8.13 	-5.13, 14.10 	13,20,22,711		15.58,9.63	1000,1 	0
2001    	28.03, -9.47, -9.05 	-1.62, 2.49, -8.17 	-5.13, 14.10 	13,20,22,721		12.99,8.81	1000,1 	0
2009    	28.00, -9.41, -9.03 	-1.65, 2.58, -8.21 	-5.13, 14.10 	13,20,22,730		8.77,12.61	1000,1 	0
2018    	28.00, -9.35, -9.04 	-1.69, 2.67, -8.24 	-5.13, 14.10 	13,20,22,740		7.10,10.48	1000,1 	0
2027    	27.92, -9.34, -9.04 	-1.78, 2.73, -8.24 	-5.13, 14.10 	13,20,22,750		8.64,12.06	1000,1 	0
2036    	27.91, -9.32, -9.06 	-1.84, 2.83, -8.24 	-5.13, 14.10 	13,20,22,760		2.60,12.55	1000,1 	0
2044    	27.93, -9.29, -9.05 	-1.89, 2.94, -8.26 	-5.13, 14.10 	13,20,22,769		3.59,14.74	1000,1 	0
2053    	27.88, -9.30, -9.04 	-1.93, 3.05, -8.27 	-5.13, 14.10 	13,20,22,779		5.48,13.81	1000,1 	0
2062    	27.84, -9.29, -9.04 	-2.01, 3.16, -8.28 	-5.13, 14.10 	13,20,22,789		4.44,15.40	1000,1 	0
2070    	27.81, -9.27, -9.04 	-2.06, 3.29, -8.29 	-5.13, 14.10 	13,20,22,798		5.50,17.21	1000,1 	0
2079    	27.81, -9.23, -9.04 	-2.06, 3.34, -8.28 	-5.13, 14.10 	13,20,22,808		4.86,5.94	1000,1 	0
2088    	27.77, -9.23, -9.03 	-2.05, 3.53, -8.29 	-5.13, 14.10 	13,20,22,818		5.35,20.28	1000,1 	0
2096    	27.77, -9.21, -9.02 	-2.10, 3.68, -8.27 	-5.13, 14.10 	13,20,22,827		2.66,20.16	1000,1 	0
2105    	27.78, -9.14, -9.02 	-2.06, 3.85, -8.24 	-5.13, 14.10 	13,20,22,837		7.18,19.67	1000,1 	0
2114    	27.74, -9.14, -9.03 	-2.10, 4.01, -8.20 	-5.13, 14.10 	13,20,22,847		4.28,18.39	1000,1 	0
2122    	27.77, -9.09, -9.01 	-2.11, 4.17, -8.16 	-5.13, 14.10 	13,20,22,856		7.58,20.10	1000,1 	0
2131    	27.76, -9.07, -9.02 	-2.05, 4.38, -8.12 	-5.13, 14.10 	13,20,22,866		2.60,24.52	1000,1 	0
2140    	27.78, -9.02, -9.01 	-2.00, 4.58, -8.05 	-5.13, 14.10 	13,20,22,875		6.30,23.12	1000,1 	0
2149    	27.72, -9.00, -9.01 	-2.01, 4.83, -7.98 	-5.13, 14.10 	13,20,22,885		6.84,27.32	1000,1 	0
2157    	27.70, -8.98, -9.01 	-2.01, 5.12, -7.95 	-5.13, 14.10 	13,20,22,894		2.75,36.08	1000,1 	0
2166    	27.68, -9.00, -9.01 	-1.95, 5.41, -7.93 	-5.13, 14.10 	13,20,22,904		2.45,32.61	1000,1 	0
2174    	27.65, -8.98, -9.00 	-1.90, 5.65, -7.87 	-5.13, 14.10 	13,20,22,914		3.85,31.47	1000,1 	0
2183    	27.65, -8.94, -8.98 	-1.90, 5.88, -7.84 	-5.13, 14.10 	13,20,22,923		4.74,24.95	1000,1 	0
2192    	27.64, -8.92, -9.00 	-1.89, 6.07, -7.80 	-5.13, 14.10 	13,20,22,933		2.60,21.39	1000,1 	0
2200    	27.68, -8.82, -8.99 	-1.82, 6.23, -7.78 	-5.13, 14.10 	13,20,22,943		12.92,21.63	1000,1 	0
2209    	27.64, -8.76, -8.99 	-1.80, 6.42, -7.77 	-5.13, 14.10 	13,20,22,953		8.29,21.57	1000,1 	0
2218    	27.64, -8.69, -8.99 	-1.81, 6.55, -7.74 	-5.13, 14.10 	13,20,22,962		8.29,14.31	1000,1 	0
2227    	27.57, -8.66, -8.96 	-1.88, 6.70, -7.72 	-5.13, 14.10 	13,20,22,972		7.86,18.34	1000,1 	0
2235    	27.53, -8.62, -8.94 	-1.92, 6.88, -7.73 	-5.13, 14.10 	13,20,22,981		8.04,23.59	1000,1 	0
2244    	27.44, -8.56, -8.96 	-1.99, 7.01, -7.72 	-5.13, 14.10 	13,20,22,991		11.96,16.20	1000,1 	0
2253    	27.36, -8.49, -8.95 	-2.09, 7.18, -7.74 	-5.13, 14.10 	13,20,23,1		11.12,21.95	1000,1 	0
2261    	27.27, -8.43, -8.96 	-2.22, 7.33, -7.75 	-5.13, 14.10 	13,20,23,10		14.45,24.57	1000,1 	0
2270    	27.21, -8.35, -8.97 	-2.28, 7.50, -7.80 	-5.13, 14.10 	13,20,23,21		11.44,20.15	1000,1 	0
2279    	27.21, -8.23, -9.00 	-2.38, 7.68, -7.83 	-5.13, 14.10 	13,20,23,30		13.02,22.50	1000,1 	0
2287    	27.16, -8.10, -9.00 	-2.50, 7.84, -7.88 	-5.13, 14.10 	13,20,23,39		17.07,24.88	1000,1 	0
2296    	27.13, -8.05, -9.01 	-2.66, 8.06, -7.90 	-5.13, 14.10 	13,20,23,49		6.73,31.09	1000,1 	0
2305    	27.10, -7.96, -9.01 	-2.90, 8.26, -7.93 	-5.13, 14.10 	13,20,23,59		10.00,33.65	1000,1 	0
2313    	27.07, -7.91, -9.00 	-3.10, 8.46, -7.94 	-5.13, 14.10 	13,20,23,68		7.57,36.09	1000,1 	0
2322    	27.03, -7.88, -8.99 	-3.28, 8.73, -7.97 	-5.13, 14.10 	13,20,23,78		6.42,35.64	1000,1 	0
2331    	27.02, -7.82, -8.98 	-3.36, 8.92, -7.98 	-5.13, 14.10 	13,20,23,88		6.01,23.58	1000,1 	0
2340    	26.94, -7.82, -8.98 	-3.46, 9.14, -8.01 	-5.13, 14.10 	13,20,23,98		8.56,26.20	1000,1 	0
2348    	26.87, -7.83, -8.98 	-3.46, 9.30, -8.02 	-5.13, 14.10 	13,20,23,107		8.53,20.05	1000,1 	0
2357    	26.84, -7.79, -8.99 	-3.48, 9.42, -7.98 	-5.13, 14.10 	13,20,23,117		5.72,13.27	1000,1 	0
2365    	26.82, -7.68, -9.00 	-3.46, 9.52, -7.95 	-5.13, 14.10 	13,20,23,126		13.53,13.54	1000,1 	0
2374    	26.80, -7.60, -8.99 	-3.45, 9.64, -7.91 	-5.13, 14.10 	13,20,23,136		10.00,13.10	1000,1 	0
2383    	26.77, -7.51, -8.99 	-3.47, 9.80, -7.87 	-5.13, 14.10 	13,20,23,146		10.00,17.87	1000,1 	0
2391    	26.74, -7.45, -8.99 	-3.45, 9.94, -7.82 	-5.13, 14.10 	13,20,23,155		8.77,17.50	1000,1 	0
2400    	26.74, -7.40, -8.99 	-3.42, 10.10, -7.75 	-5.13, 14.10 	13,20,23,165		5.92,18.06	1000,1 	0
2409    	26.68, -7.42, -8.98 	-3.38, 10.31, -7.69 	-5.13, 14.10 	13,20,23,175		6.85,24.08	1000,1 	0
2418    	26.65, -7.43, -8.96 	-3.36, 10.57, -7.63 	-5.13, 14.10 	13,20,23,185		3.42,28.64	1000,1 	0
2426    	26.60, -7.42, -8.96 	-3.32, 10.87, -7.59 	-5.13, 14.10 	13,20,23,194		6.17,37.66	1000,1 	0
2435    	26.58, -7.41, -8.95 	-3.26, 11.13, -7.55 	-5.13, 14.10 	13,20,23,204		2.45,29.13	1000,1 	0
2444    	26.56, -7.35, -8.95 	-3.25, 11.33, -7.47 	-5.13, 14.10 	13,20,23,214		6.29,22.64	1000,1 	0
2452    	26.53, -7.30, -8.95 	-3.26, 11.44, -7.37 	-5.13, 14.10 	13,20,23,223		8.22,13.44	1000,1 	0
2461    	26.52, -7.26, -8.97 	-3.27, 11.55, -7.29 	-5.13, 14.10 	13,20,23,233		4.85,13.13	1000,1 	0
2470    	26.54, -7.22, -8.97 	-3.24, 11.71, -7.26 	-5.13, 14.10 	13,20,23,243		5.20,18.06	1000,1 	0
2478    	26.54, -7.16, -8.97 	-3.19, 11.86, -7.22 	-5.13, 14.10 	13,20,23,252		6.66,19.57	1000,1 	0
2487    	26.53, -7.17, -8.98 	-3.17, 11.99, -7.20 	-5.13, 14.10 	13,20,23,262		1.60,14.38	1000,1 	0
2496    	26.50, -7.14, -8.98 	-3.15, 12.10, -7.19 	-5.13, 14.10 	13,20,23,272		4.79,12.04	1000,1 	0
2504    	26.46, -7.14, -8.97 	-3.15, 12.19, -7.17 	-5.13, 14.10 	13,20,23,281		4.82,12.03	1000,1 	0
2513    	26.45, -7.13, -8.96 	-3.16, 12.31, -7.15 	-5.13, 14.10 	13,20,23,291		1.60,13.07	1000,1 	0
2522    	26.39, -7.13, -8.97 	-3.15, 12.44, -7.14 	-5.13, 14.10 	13,20,23,301		6.42,14.28	1000,1 	0
2531    	26.36, -7.09, -8.96 	-3.16, 12.64, -7.15 	-5.13, 14.10 	13,20,23,311		5.72,22.61	1000,1 	0
2539    	26.32, -7.07, -8.96 	-3.17, 12.83, -7.17 	-5.13, 14.10 	13,20,23,320		5.50,22.77	1000,1 	0
2548    	26.32, -7.02, -8.97 	-3.19, 13.03, -7.19 	-5.13, 14.10 	13,20,23,330		4.74,22.70	1000,1 	0
2556    	26.26, -6.99, -8.98 	-3.22, 13.20, -7.20 	-5.13, 14.10 	13,20,23,339		9.33,21.74	1000,1 	0
2565    	26.19, -6.98, -8.98 	-3.26, 13.36, -7.21 	-5.13, 14.10 	13,20,23,349		7.58,18.39	1000,1 	0
2574    	26.19, -6.95, -8.97 	-3.33, 13.50, -7.21 	-5.13, 14.10 	13,20,23,359		3.55,17.26	1000,1 	0
2583    	26.14, -6.96, -8.96 	-3.41, 13.63, -7.22 	-5.13, 14.10 	13,20,23,369		5.48,17.32	1000,1 	0
2591    	26.08, -6.94, -8.96 	-3.49, 13.72, -7.22 	-5.13, 14.10 	13,20,23,378		7.70,14.49	1000,1 	0
2600    	26.05, -6.90, -8.95 	-3.59, 13.81, -7.21 	-5.13, 14.10 	13,20,23,388		6.38,15.24	1000,1 	0
2609    	25.95, -6.87, -8.96 	-3.68, 13.89, -7.20 	-5.13, 14.10 	13,20,23,398		10.96,12.81	1000,1 	0
2617    	25.84, -6.83, -8.94 	-3.75, 13.95, -7.21 	-5.13, 14.10 	13,20,23,407		14.27,12.62	1000,1 	0
2626    	25.77, -6.71, -8.96 	-3.87, 14.01, -7.21 	-5.13, 14.10 	13,20,23,417		15.58,14.22	1000,1 	0
2635    	25.69, -6.53, -8.96 	-3.93, 14.06, -7.20 	-5.13, 14.10 	13,20,23,427		21.87,8.81	1000,1 	0
2643    	25.60, -6.36, -8.98 	-4.04, 14.12, -7.19 	-5.13, 14.10 	13,20,23,436		23.90,16.00	1000,1 	0
2652    	25.52, -6.20, -9.00 	-4.14, 14.16, -7.19 	-5.13, 14.10 	13,20,23,446		20.20,11.77	1000,1 	0
2661    	25.43, -6.10, -8.97 	-4.26, 14.20, -7.18 	-5.13, 14.10 	13,20,23,456		15.26,13.75	1000,1 	0
2669    	25.31, -6.03, -8.95 	-4.37, 14.24, -7.15 	-5.13, 14.10 	13,20,23,465		16.51,15.04	1000,1 	0
2678    	25.19, -6.00, -8.94 	-4.51, 14.27, -7.13 	-5.13, 14.10 	13,20,23,475		14.36,15.44	1000,1 	0
2687    	25.06, -5.95, -8.94 	-4.65, 14.32, -7.09 	-5.13, 14.10 	13,20,23,485		15.12,17.19	1000,1 	0
2695    	24.98, -5.85, -8.96 	-4.75, 14.38, -7.07 	-5.13, 14.10 	13,20,23,494		16.15,13.85	1000,1 	0
2704    	24.88, -5.77, -8.98 	-4.83, 14.42, -7.03 	-5.13, 14.10 	13,20,23,504		14.29,9.85	1000,1 	0
2713    	24.76, -5.74, -8.98 	-4.86, 14.43, -7.00 	-5.13, 14.10 	13,20,23,514		14.11,4.46	1000,1 	0
2722    	24.70, -5.73, -8.98 	-4.91, 14.45, -6.97 	-5.13, 14.10 	13,20,23,524		6.53,5.88	1000,1 	0
2730    	24.70, -5.68, -8.98 	-4.95, 14.46, -6.94 	-5.13, 14.10 	13,20,23,533		6.66,5.01	1000,1 	0
2739    	24.71, -5.69, -8.97 	-4.98, 14.47, -6.91 	-5.13, 14.10 	13,20,23,543		1.60,3.21	1000,1 	0
2748    	24.69, -5.71, -8.96 	-4.99, 14.48, -6.90 	-5.13, 14.10 	13,20,23,553		3.19,1.61	1000,1 	0
2756    	24.68, -5.71, -8.95 	-4.99, 14.50, -6.90 	-5.13, 14.10 	13,20,23,562		1.20,2.67	1000,1 	0
2765    	24.67, -5.72, -8.95 	-4.99, 14.52, -6.90 	-5.13, 14.10 	13,20,23,572		1.60,2.38	1000,1 	0
2774    	24.65, -5.72, -8.95 	-4.96, 14.55, -6.91 	-5.13, 14.10 	13,20,23,582		2.14,4.76	1000,1 	0
2782    	24.65, -5.72, -8.94 	-4.94, 14.57, -6.91 	-5.13, 14.10 	13,20,23,591		0.00,3.57	1000,1 	0
2791    	24.65, -5.72, -8.94 	-4.90, 14.60, -6.92 	-5.13, 14.10 	13,20,23,601		0.00,5.53	1000,1 	0
2800    	24.64, -5.72, -8.95 	-4.89, 14.62, -6.92 	-5.13, 14.10 	13,20,23,611		1.07,2.59	1000,1 	0
2808    	24.65, -5.72, -8.95 	-4.88, 14.65, -6.91 	-5.13, 14.10 	13,20,23,620		1.20,2.91	1000,1 	0
2817    	24.66, -5.70, -8.95 	-4.87, 14.67, -6.92 	-5.13, 14.10 	13,20,23,630		2.60,3.17	1000,1 	0
2826    	24.67, -5.69, -8.96 	-4.83, 14.69, -6.91 	-5.13, 14.10 	13,20,23,640		1.60,4.86	1000,1 	0
2834    	24.67, -5.71, -8.96 	-4.78, 14.73, -6.90 	-5.13, 14.10 	13,20,23,649		2.66,7.99	1000,1 	0
2843    	24.68, -5.73, -8.96 	-4.71, 14.79, -6.90 	-5.13, 14.10 	13,20,23,659		2.60,10.26	1000,1 	0
2852    	24.67, -5.72, -8.96 	-4.63, 14.87, -6.89 	-5.13, 14.10 	13,20,23,669		1.60,12.62	1000,1 	0
2860    	24.66, -5.75, -8.95 	-4.55, 14.92, -6.89 	-5.13, 14.10 	13,20,23,678		4.17,11.63	1000,1 	0
2869    	24.67, -5.75, -8.95 	-4.54, 14.96, -6.87 	-5.13, 14.10 	13,20,23,688		1.07,4.85	1000,1 	0
2878    	24.65, -5.77, -8.95 	-4.49, 14.98, -6.87 	-5.13, 14.10 	13,20,23,698		2.45,5.82	1000,1 	0
2886    	24.65, -5.78, -8.95 	-4.46, 15.02, -6.89 	-5.13, 14.10 	13,20,23,707		1.33,5.35	1000,1 	0
2895    	24.65, -5.78, -8.95 	-4.45, 15.04, -6.90 	-5.13, 14.10 	13,20,23,717		0.00,2.59	1000,1 	0
2904    	24.66, -5.79, -8.95 	-4.43, 15.05, -6.90 	-5.13, 14.10 	13,20,23,727		1.60,3.40	1000,1 	0
2912    	24.67, -5.79, -8.95 	-4.42, 15.05, -6.90 	-5.13, 14.10 	13,20,23,736		1.20,1.20	1000,1 	0
2921    	24.66, -5.78, -8.96 	-4.40, 15.05, -6.91 	-5.13, 14.10 	13,20,23,746		1.60,2.14	1000,1 	0
2930    	24.69, -5.78, -8.96 	-4.39, 15.06, -6.92 	-5.13, 14.10 	13,20,23,756		3.21,1.59	1000,1 	0
2939    	24.68, -5.79, -8.95 	-4.37, 15.07, -6.92 	-5.13, 14.10 	13,20,23,766		1.60,2.43	1000,1 	0
2947    	24.68, -5.81, -8.95 	-4.37, 15.07, -6.92 	-5.13, 14.10 	13,20,23,775		2.66,0.00	1000,1 	0
2956    	24.68, -5.81, -8.94 	-4.38, 15.07, -6.92 	-5.13, 14.10 	13,20,23,785		0.00,1.07	1000,1 	0
2965    	24.69, -5.79, -8.94 	-4.40, 15.07, -6.93 	-5.13, 14.10 	13,20,23,795		2.60,2.14	1000,1 	0
2973    	24.68, -5.83, -8.94 	-4.41, 15.07, -6.92 	-5.13, 14.10 	13,20,23,804		5.46,1.20	1000,1 	0
2982    	24.67, -5.84, -8.93 	-4.42, 15.07, -6.93 	-5.13, 14.10 	13,20,23,814		1.60,1.07	1000,1 	0
2991    	24.67, -5.86, -8.94 	-4.44, 15.07, -6.92 	-5.13, 14.10 	13,20,23,824		2.37,2.14	1000,1 	0
2999    	24.67, -5.84, -8.94 	-4.48, 15.07, -6.92 	-5.13, 14.10 	13,20,23,833		2.66,6.02	1000,1 	0
3008    	24.67, -5.85, -8.94 	-4.51, 15.07, -6.92 	-5.13, 14.10 	13,20,23,843		1.18,3.21	1000,1 	0
3017    	24.69, -5.84, -8.94 	-4.57, 15.05, -6.91 	-5.13, 14.10 	13,20,23,853		2.45,6.81	1000,1 	0
3025    	24.68, -5.86, -8.94 	-4.63, 15.02, -6.89 	-5.13, 14.10 	13,20,23,862		2.92,8.20	1000,1 	0
3034    	24.69, -5.88, -8.94 	-4.69, 15.01, -6.88 	-5.13, 14.10 	13,20,23,872		2.60,6.51	1000,1 	0
3043    	24.67, -5.88, -8.93 	-4.72, 15.00, -6.86 	-5.13, 14.10 	13,20,23,882		2.14,4.42	1000,1 	0
3051    	24.68, -5.89, -8.94 	-4.73, 15.01, -6.87 	-5.13, 14.10 	13,20,23,891		1.79,1.81	1000,1 	0
3060    	24.69, -5.90, -8.93 	-4.75, 15.00, -6.86 	-5.13, 14.10 	13,20,23,901		1.60,2.43	1000,1 	0
3069    	24.68, -5.90, -8.94 	-4.73, 15.00, -6.86 	-5.13, 14.10 	13,20,23,911		1.07,2.14	1000,1 	0
3077    	24.68, -5.93, -8.93 	-4.74, 15.00, -6.86 	-5.13, 14.10 	13,20,23,920		2.66,1.20	1000,1 	0
3086    	24.67, -5.93, -8.93 	-4.73, 15.00, -6.86 	-5.13, 14.10 	13,20,23,930		1.07,1.07	1000,1 	0
3095    	24.68, -5.93, -8.94 	-4.74, 15.00, -6.87 	-5.13, 14.10 	13,20,23,940		1.07,1.07	1000,1 	0
3104    	24.69, -5.94, -8.93 	-4.73, 15.00, -6.87 	-5.13, 14.10 	13,20,23,950		1.60,1.07	1000,1 	0
3112    	24.69, -5.94, -8.93 	-4.73, 15.02, -6.87 	-5.13, 14.10 	13,20,23,959		0.00,2.67	1000,1 	0
3121    	24.69, -5.94, -8.93 	-4.72, 15.01, -6.88 	0.00, -0.00 	13,20,23,979		0.00,1.61	1000,1 	0
3129    	24.68, -5.94, -8.93 	-4.74, 15.02, -6.88 	0.00, -0.00 	13,20,23,988		0.96,2.22	1000,1 	0
3138    	24.70, -5.94, -8.93 	-4.73, 15.01, -6.87 	0.00, -0.00 	13,20,23,998		1.75,1.32	1000,1 	0
3147    	24.68, -5.96, -8.93 	-4.74, 15.01, -6.88 	0.00, -0.00 	13,20,24,8		2.39,0.80	1000,1 	0
3155    	24.70, -5.95, -8.93 	-4.74, 15.02, -6.88 	0.00, -0.00 	13,20,24,17		2.00,0.97	1000,1 	0
3164    	24.69, -5.96, -8.93 	-4.76, 15.03, -6.88 	0.00, -0.00 	13,20,24,27		1.20,1.85	1000,1 	0
3173    	24.69, -5.96, -8.93 	-4.75, 15.03, -6.89 	0.00, -0.00 	13,20,24,37		0.00,0.80	1000,1 	0
3181    	24.68, -5.97, -8.93 	-4.76, 15.03, -6.90 	0.00, -0.00 	13,20,24,46		1.31,0.87	1000,1 	0
3190    	24.69, -5.98, -8.94 	-4.76, 15.03, -6.89 	0.00, -0.00 	13,20,24,56		1.20,0.00	1000,1 	0
3199    	24.70, -5.99, -8.93 	-4.75, 15.03, -6.90 	0.00, -0.00 	13,20,24,66		1.20,0.80	1000,1 	0
3207    	24.70, -6.00, -8.93 	-4.75, 15.03, -6.90 	0.00, -0.00 	13,20,24,75		0.97,0.00	1000,1 	0
3216    	24.73, -6.01, -8.93 	-4.76, 15.03, -6.89 	0.00, -0.00 	13,20,24,85		2.57,0.80	1000,1 	0
3225    	24.74, -5.99, -8.93 	-4.77, 15.03, -6.89 	0.00, -0.00 	13,20,24,95		1.95,0.80	1000,1 	0
3233    	24.73, -6.00, -8.94 	-4.77, 15.03, -6.89 	0.00, -0.00 	13,20,24,104		1.31,0.00	1000,1 	0
3242    	24.73, -6.00, -8.94 	-4.77, 15.03, -6.89 	0.00, -0.00 	13,20,24,114		0.00,0.00	1000,1 	0
3251    	24.72, -6.01, -8.94 	-4.77, 15.03, -6.89 	0.00, -0.00 	13,20,24,124		1.20,0.00	1000,1 	0
3260    	24.73, -6.01, -8.94 	-4.78, 15.04, -6.90 	0.00, -0.00 	13,20,24,134		0.80,1.21	1000,1 	0
3268    	24.72, -6.01, -8.94 	-4.78, 15.04, -6.90 	0.00, -0.00 	13,20,24,143		0.88,0.00	1000,1 	0
3277    	24.74, -6.00, -8.94 	-4.78, 15.05, -6.90 	0.00, -0.00 	13,20,24,153		1.84,0.89	1000,1 	0
3285    	24.76, -6.01, -8.94 	-4.77, 15.04, -6.90 	0.00, -0.00 	13,20,24,162		1.83,1.21	1000,1 	0
3294    	24.75, -6.03, -8.94 	-4.79, 15.05, -6.90 	0.00, -0.00 	13,20,24,172		1.95,1.85	1000,1 	0
3303    	24.76, -6.02, -8.94 	-4.80, 15.04, -6.90 	0.00, -0.00 	13,20,24,182		1.20,1.19	1000,1 	0
3312    	24.76, -6.02, -8.94 	-4.80, 15.04, -6.90 	0.00, -0.00 	13,20,24,192		0.80,0.00	1000,1 	0
3320    	24.76, -6.03, -8.93 	-4.82, 15.03, -6.89 	0.00, -0.00 	13,20,24,201		1.31,1.99	1000,1 	0
3329    	24.76, -6.03, -8.93 	-4.84, 15.04, -6.89 	0.00, -0.00 	13,20,24,211		0.00,1.70	1000,1 	0
3338    	24.76, -6.03, -8.93 	-4.84, 15.04, -6.89 	0.00, -0.00 	13,20,24,221		0.80,0.00	1000,1 	0
3346    	24.76, -6.04, -8.93 	-4.85, 15.05, -6.89 	0.00, -0.00 	13,20,24,230		0.97,1.32	1000,1 	0
3355    	24.76, -6.04, -8.93 	-4.85, 15.05, -6.89 	0.00, -0.00 	13,20,24,240		0.80,0.00	1000,1 	0
3364    	24.76, -6.03, -8.92 	-4.85, 15.04, -6.89 	0.00, -0.00 	13,20,24,250		1.20,0.89	1000,1 	0
3372    	24.76, -6.04, -8.93 	-4.85, 15.04, -6.88 	0.00, -0.00 	13,20,24,259		0.97,0.00	1000,1 	0
3381    	24.76, -6.04, -8.94 	-4.85, 15.03, -6.88 	0.00, -0.00 	13,20,24,269		0.00,0.89	1000,1 	0
3390    	24.76, -6.05, -8.93 	-4.85, 15.04, -6.89 	0.00, -0.00 	13,20,24,279		1.20,0.89	1000,1 	0
3398    	24.76, -6.03, -8.93 	-4.84, 15.04, -6.89 	0.00, -0.00 	13,20,24,288		2.13,0.87	1000,1 	0
3407    	24.76, -6.04, -8.93 	-4.85, 15.03, -6.89 	0.00, -0.00 	13,20,24,298		1.20,1.19	1000,1 	0
3416    	24.76, -6.05, -8.94 	-4.85, 15.03, -6.88 	0.00, -0.00 	13,20,24,308		1.20,0.00	1000,1 	0
3424    	24.77, -6.05, -8.93 	-4.85, 15.03, -6.89 	0.00, -0.00 	13,20,24,317		0.80,0.00	1000,1 	0
3433    	24.76, -6.07, -8.93 	-4.85, 15.03, -6.88 	0.00, -0.00 	13,20,24,327		1.95,0.00	1000,1 	0
3442    	24.77, -6.06, -8.93 	-4.85, 15.04, -6.88 	0.00, -0.00 	13,20,24,337		1.20,0.89	1000,1 	0
3450    	24.79, -6.05, -8.93 	-4.86, 15.03, -6.88 	0.00, -0.00 	13,20,24,346		1.84,1.19	1000,1 	0
3459    	24.80, -6.05, -8.93 	-4.85, 15.04, -6.88 	0.00, -0.00 	13,20,24,356		0.80,1.19	1000,1 	0
3468    	24.82, -6.05, -8.93 	-4.86, 15.04, -6.89 	0.00, -0.00 	13,20,24,366		1.61,0.80	1000,1 	0
3477    	24.81, -6.06, -8.93 	-4.86, 15.04, -6.89 	0.00, -0.00 	13,20,24,376		1.31,0.00	1000,1 	0
3485    	24.81, -6.06, -8.93 	-4.86, 15.03, -6.88 	0.00, -0.00 	13,20,24,385		0.00,0.97	1000,1 	0
3494    	24.81, -6.10, -8.92 	-4.85, 15.02, -6.88 	0.00, -0.00 	13,20,24,395		2.66,1.21	1000,1 	0
3503    	24.81, -6.10, -8.92 	-4.85, 15.02, -6.87 	0.00, -0.00 	13,20,24,405		0.00,0.00	1000,1 	0
3512    	24.80, -6.11, -8.93 	-4.86, 15.01, -6.87 	0.00, -0.00 	13,20,24,415		1.20,1.19	1000,1 	0
3520    	24.80, -6.11, -8.92 	-4.85, 15.02, -6.87 	0.00, -0.00 	13,20,24,424		0.00,1.30	1000,1 	0
3529    	24.79, -6.12, -8.92 	-4.85, 15.01, -6.86 	0.00, -0.00 	13,20,24,434		1.31,0.97	1000,1 	0
3537    	24.80, -6.09, -8.93 	-4.85, 15.02, -6.88 	0.00, -0.00 	13,20,24,443		3.04,0.97	1000,1 	0
3546    	24.81, -6.10, -8.93 	-4.85, 15.01, -6.88 	0.00, -0.00 	13,20,24,453		1.20,0.89	1000,1 	0
3555    	24.82, -6.10, -8.93 	-4.85, 15.02, -6.88 	0.00, -0.00 	13,20,24,463		0.88,0.97	1000,1 	0
3563    	24.82, -6.10, -8.93 	-4.84, 15.02, -6.88 	0.00, -0.00 	13,20,24,472		0.00,0.87	1000,1 	0
3572    	24.83, -6.11, -8.92 	-4.85, 15.02, -6.88 	0.00, -0.00 	13,20,24,482		1.20,0.80	1000,1 	0
3582    	24.84, -6.11, -8.92 	-4.85, 15.02, -6.88 	0.00, -0.00 	13,20,24,493		0.88,0.00	1000,1 	0
3589    	24.84, -6.11, -8.92 	-4.85, 15.03, -6.88 	0.00, -0.00 	13,20,24,501		0.00,1.07	1000,1 	0
3598    	24.85, -6.12, -8.92 	-4.84, 15.04, -6.88 	0.00, -0.00 	13,20,24,511		1.20,1.19	1000,1 	0
3607    	24.85, -6.10, -8.93 	-4.84, 15.03, -6.88 	0.00, -0.00 	13,20,24,521		1.78,0.89	1000,1 	0
3615    	24.86, -6.09, -8.93 	-4.84, 15.03, -6.88 	0.00, -0.00 	13,20,24,530		1.31,0.00	1000,1 	0
3624    	24.86, -6.09, -8.93 	-4.84, 15.04, -6.88 	0.00, -0.00 	13,20,24,540		0.00,0.89	1000,1 	0
3633    	24.88, -6.09, -8.93 	-4.84, 15.04, -6.88 	0.00, -0.00 	13,20,24,550		1.61,0.00	1000,1 	0
3641    	24.87, -6.11, -8.92 	-4.84, 15.03, -6.88 	0.00, -0.00 	13,20,24,559		2.13,0.97	1000,1 	0
3650    	24.85, -6.10, -8.92 	-4.84, 15.03, -6.89 	0.00, -0.00 	13,20,24,569		1.83,0.00	1000,1 	0
3659    	24.87, -6.09, -8.92 	-4.84, 15.04, -6.89 	0.00, -0.00 	13,20,24,579		1.84,0.89	1000,1 	0
3668    	24.87, -6.11, -8.92 	-4.85, 15.05, -6.89 	0.00, -0.00 	13,20,24,589		1.94,1.32	1000,1 	0
3676    	24.85, -6.11, -8.92 	-4.84, 15.04, -6.89 	0.00, -0.00 	13,20,24,598		1.75,1.32	1000,1 	0
3685    	24.86, -6.11, -8.91 	-4.84, 15.04, -6.89 	0.00, -0.00 	13,20,24,608		0.80,0.00	1000,1 	0
3694    	24.84, -6.11, -8.92 	-4.86, 15.04, -6.89 	0.00, -0.00 	13,20,24,618		1.75,1.75	1000,1 	0
3702    	24.88, -6.11, -8.91 	-4.85, 15.04, -6.89 	0.00, -0.00 	13,20,24,627		3.50,0.87	1000,1 	0
3711    	24.86, -6.09, -8.92 	-4.84, 15.04, -6.89 	0.00, -0.00 	13,20,24,637		2.39,0.80	1000,1 	0
3720    	24.86, -6.09, -8.92 	-4.84, 15.04, -6.89 	0.00, -0.00 	13,20,24,647		0.00,0.00	1000,1 	0
3728    	24.86, -6.09, -8.92 	-4.84, 15.04, -6.88 	0.00, -0.00 	13,20,24,656		0.00,0.00	1000,1 	0
3737    	24.87, -6.07, -8.92 	-4.82, 15.04, -6.88 	0.00, -0.00 	13,20,24,666		1.20,1.60	1000,1 	0
3746    	24.89, -6.07, -8.92 	-4.83, 15.03, -6.89 	0.00, -0.00 	13,20,24,676		1.75,1.30	1000,1 	0
3754    	24.89, -6.10, -8.92 	-4.83, 15.02, -6.88 	0.00, -0.00 	13,20,24,685		1.94,0.97	1000,1 	0
3763    	24.90, -6.11, -8.92 	-4.83, 15.03, -6.88 	0.00, -0.00 	13,20,24,695		1.20,0.89	1000,1 	0
3772    	24.90, -6.12, -8.91 	-4.85, 15.02, -6.88 	0.00, -0.00 	13,20,24,705		0.97,1.99	1000,1 	0
3780    	24.89, -6.13, -8.92 	-4.84, 15.03, -6.87 	0.00, -0.00 	13,20,24,714		1.31,1.30	1000,1 	0
3789    	24.89, -6.13, -8.92 	-4.85, 15.02, -6.88 	0.00, -0.00 	13,20,24,724		0.00,1.19	1000,1 	0
3798    	24.88, -6.14, -8.91 	-4.84, 15.02, -6.88 	0.00, -0.00 	13,20,24,734		1.20,0.80	1000,1 	0
3806    	24.90, -6.11, -8.91 	-4.86, 15.02, -6.89 	0.00, -0.00 	13,20,24,743		3.39,1.75	1000,1 	0
3815    	24.91, -6.11, -8.91 	-4.85, 15.02, -6.89 	0.00, -0.00 	13,20,24,753		0.80,0.80	1000,1 	0
3824    	24.91, -6.12, -8.92 	-4.85, 15.01, -6.89 	0.00, -0.00 	13,20,24,763		0.89,0.89	1000,1 	0
3834    	24.93, -6.13, -8.91 	-4.84, 15.03, -6.89 	0.00, -0.00 	13,20,24,774		2.00,2.12	1000,1 	0
3841    	24.93, -6.13, -8.91 	-4.83, 15.02, -6.89 	0.00, -0.00 	13,20,24,782		0.00,1.45	1000,1 	0
3850    	24.94, -6.15, -8.91 	-4.82, 15.03, -6.88 	0.00, -0.00 	13,20,24,792		1.95,1.19	1000,1 	0
3859    	24.94, -6.17, -8.90 	-4.83, 15.02, -6.88 	0.00, -0.00 	13,20,24,802		1.94,1.30	1000,1 	0
3867    	24.95, -6.16, -8.90 	-4.82, 15.03, -6.89 	0.00, -0.00 	13,20,24,811		1.20,1.19	1000,1 	0
3876    	24.97, -6.16, -8.90 	-4.82, 15.04, -6.89 	0.00, -0.00 	13,20,24,821		1.61,0.89	1000,1 	0
3885    	24.96, -6.15, -8.92 	-4.82, 15.04, -6.88 	0.00, -0.00 	13,20,24,831		1.31,0.00	1000,1 	0
3893    	24.97, -6.15, -8.91 	-4.82, 15.03, -6.89 	0.00, -0.00 	13,20,24,840		0.88,0.97	1000,1 	0
3902    	24.96, -6.16, -8.90 	-4.84, 15.03, -6.89 	0.00, -0.00 	13,20,24,850		1.20,1.60	1000,1 	0
3911    	24.96, -6.17, -8.91 	-4.82, 15.03, -6.89 	0.00, -0.00 	13,20,24,860		0.97,1.75	1000,1 	0
3919    	24.96, -6.18, -8.92 	-4.82, 15.03, -6.89 	0.00, -0.00 	13,20,24,869		0.97,0.00	1000,1 	0
3928    	24.97, -6.17, -8.91 	-4.83, 15.01, -6.89 	0.00, -0.00 	13,20,24,879		1.20,1.94	1000,1 	0
3937    	24.98, -6.18, -8.91 	-4.81, 15.03, -6.89 	0.00, -0.00 	13,20,24,889		1.10,2.20	1000,1 	0
3945    	24.98, -6.19, -8.90 	-4.81, 15.02, -6.89 	0.00, -0.00 	13,20,24,898		0.89,0.89	1000,1 	0
3954    	24.99, -6.18, -8.91 	-4.82, 15.00, -6.88 	0.00, -0.00 	13,20,24,908		1.11,1.79	0,0 	0
3963    	24.98, -6.20, -8.91 	-4.82, 15.01, -6.88 	0.00, -0.00 	13,20,24,918		1.80,0.82	0,0 	0
3971    	24.99, -6.19, -8.92 	-4.83, 14.99, -6.88 	0.00, -0.00 	13,20,24,927		1.20,1.94	0,0 	0
3980    	24.99, -6.20, -8.92 	-4.83, 14.98, -6.87 	0.00, -0.00 	13,20,24,937		0.82,0.82	0,0 	0
3989    	25.00, -6.20, -8.92 	-4.83, 14.95, -6.86 	0.00, -0.00 	13,20,24,947		0.74,2.47	0,0 	0
3997    	25.00, -6.21, -8.92 	-4.83, 14.90, -6.85 	0.00, -0.00 	13,20,24,956		0.89,3.56	0,0 	0
4006    	25.01, -6.22, -8.92 	-4.80, 14.83, -6.84 	0.00, -0.00 	13,20,24,966		1.10,6.20	0,0 	0
4015    	25.01, -6.23, -8.91 	-4.78, 14.74, -6.83 	0.00, -0.00 	13,20,24,976		0.82,6.77	0,0 	0
4024    	25.02, -6.22, -8.91 	-4.75, 14.66, -6.82 	0.00, -0.00 	13,20,24,986		1.84,7.56	0,0 	0
4032    	25.03, -6.26, -8.91 	-4.75, 14.54, -6.79 	0.00, -0.00 	13,20,24,995		2.78,9.80	0,0 	0
4041    	25.04, -6.30, -8.91 	-4.70, 14.41, -6.79 	0.00, -0.00 	13,20,25,5		3.36,10.59	0,0 	0
4050    	25.07, -6.31, -8.91 	-4.65, 14.24, -6.77 	0.00, -0.00 	13,20,25,15		2.57,14.87	0,0 	0
4058    	25.08, -6.34, -8.91 	-4.58, 13.95, -6.75 	0.00, -0.00 	13,20,25,24		2.78,24.79	0,0 	0
4067    	25.09, -6.38, -8.91 	-4.49, 13.55, -6.71 	0.00, -0.00 	13,20,25,34		3.36,31.25	0,0 	0
4076    	25.11, -6.39, -8.92 	-4.38, 13.21, -6.69 	0.00, -0.00 	13,20,25,44		1.83,29.97	0,0 	0
4084    	25.19, -6.43, -8.91 	-4.22, 12.96, -6.71 	0.00, -0.00 	13,20,25,53		6.42,22.88	0,0 	0
4093    	25.22, -6.47, -8.93 	-4.05, 12.75, -6.74 	0.00, -0.00 	13,20,25,63		3.96,20.86	0,0 	0
4102    	25.30, -6.51, -8.93 	-4.00, 12.49, -6.72 	0.00, -0.00 	13,20,25,73		8.05,21.82	0,0 	0
4110    	25.36, -6.58, -8.93 	-3.98, 12.15, -6.70 	0.00, -0.00 	13,20,25,82		7.18,28.58	0,0 	0
4119    	25.44, -6.68, -8.94 	-3.92, 11.82, -6.69 	0.00, -0.00 	13,20,25,92		10.11,25.95	0,0 	0
4128    	25.52, -6.76, -8.93 	-3.77, 11.50, -6.71 	0.00, -0.00 	13,20,25,102		8.25,26.79	0,0 	0
4136    	25.57, -6.84, -8.95 	-3.62, 11.25, -6.75 	0.00, -0.00 	13,20,25,111		8.58,24.69	0,0 	0
4145    	25.61, -6.91, -8.96 	-3.55, 10.99, -6.80 	0.00, -0.00 	13,20,25,121		5.74,20.48	0,0 	0
4154    	25.72, -6.98, -8.98 	-3.45, 10.76, -6.86 	0.00, -0.00 	13,20,25,131		9.96,18.89	0,0 	0
4162    	25.80, -7.06, -8.99 	-3.32, 10.53, -6.91 	0.00, -0.00 	13,20,25,140		9.53,22.74	0,0 	0
4171    	25.90, -7.11, -9.00 	-3.20, 10.28, -6.92 	0.00, -0.00 	13,20,25,150		8.47,21.02	0,0 	0
4180    	25.98, -7.19, -9.01 	-3.13, 10.00, -6.92 	0.00, -0.00 	13,20,25,160		8.84,22.08	0,0 	0
4188    	26.07, -7.27, -9.00 	-3.04, 9.72, -6.93 	0.00, -0.00 	13,20,25,169		10.15,24.37	0,0 	0
4197    	26.18, -7.33, -9.00 	-2.97, 9.46, -6.92 	0.00, -0.00 	13,20,25,179		9.52,21.28	0,0 	0
4206    	26.28, -7.40, -8.99 	-2.86, 9.21, -6.90 	0.00, -0.00 	13,20,25,189		8.89,20.71	0,0 	0
4215    	26.32, -7.50, -8.96 	-2.76, 8.96, -6.89 	0.00, -0.00 	13,20,25,199		9.74,22.43	0,0 	0
4223    	26.35, -7.66, -8.94 	-2.68, 8.78, -6.93 	0.00, -0.00 	13,20,25,208		13.53,16.54	0,0 	0
4232    	26.40, -7.75, -8.96 	-2.54, 8.62, -6.99 	0.00, -0.00 	13,20,25,218		7.53,16.23	0,0 	0
4241    	26.46, -7.81, -8.98 	-2.42, 8.49, -7.09 	0.00, -0.00 	13,20,25,228		7.18,15.05	0,0 	0
4249    	26.47, -7.90, -8.98 	-2.28, 8.31, -7.14 	0.00, -0.00 	13,20,25,237		6.60,17.53	0,0 	0
4258    	26.49, -7.96, -8.98 	-2.23, 8.16, -7.16 	0.00, -0.00 	13,20,25,247		5.14,12.15	0,0 	0
4267    	26.55, -8.06, -8.97 	-2.16, 7.95, -7.16 	0.00, -0.00 	13,20,25,257		9.77,17.92	0,0 	0
4275    	26.62, -8.12, -8.96 	-2.13, 7.78, -7.17 	0.00, -0.00 	13,20,25,266		7.74,14.49	0,0 	0
4284    	26.76, -8.17, -8.93 	-2.05, 7.61, -7.18 	0.00, -0.00 	13,20,25,276		11.15,14.84	0,0 	0
4293    	26.83, -8.29, -8.90 	-1.95, 7.50, -7.22 	0.00, -0.00 	13,20,25,286		11.69,12.08	0,0 	0
4301    	26.88, -8.41, -8.89 	-1.91, 7.43, -7.27 	0.00, -0.00 	13,20,25,295		10.56,7.06	0,0 	0
4310    	26.96, -8.50, -8.88 	-1.84, 7.33, -7.31 	0.00, -0.00 	13,20,25,305		9.46,9.10	0,0 	0
4319    	27.00, -8.59, -8.87 	-1.82, 7.27, -7.37 	0.00, -0.00 	13,20,25,315		7.79,5.60	0,0 	0
4327    	27.04, -8.65, -8.88 	-1.79, 7.17, -7.41 	0.00, -0.00 	13,20,25,324		6.67,8.41	0,0 	0
4336    	27.08, -8.71, -8.87 	-1.76, 7.08, -7.44 	0.00, -0.00 	13,20,25,334		5.06,6.98	0,0 	0
4345    	27.11, -8.74, -8.89 	-1.75, 6.99, -7.47 	0.00, -0.00 	13,20,25,344		3.31,7.45	0,0 	0
4353    	27.15, -8.75, -8.89 	-1.74, 6.84, -7.49 	0.00, -0.00 	13,20,25,353		3.33,12.51	0,0 	0
4362    	27.24, -8.79, -8.89 	-1.73, 6.72, -7.54 	0.00, -0.00 	13,20,25,363		7.43,9.09	0,0 	0
4371    	27.29, -8.84, -8.89 	-1.77, 6.60, -7.57 	0.00, -0.00 	13,20,25,373		4.95,9.48	0,0 	0
4379    	27.33, -8.91, -8.89 	-1.75, 6.46, -7.62 	0.00, -0.00 	13,20,25,382		7.40,11.72	0,0 	0
4388    	27.39, -9.01, -8.85 	-1.71, 6.35, -7.66 	0.00, -0.00 	13,20,25,392		8.61,9.56	0,0 	0
4397    	27.39, -9.12, -8.84 	-1.66, 6.18, -7.72 	0.00, -0.00 	13,20,25,402		9.02,12.93	0,0 	0
4406    	27.43, -9.20, -8.82 	-1.61, 6.03, -7.76 	0.00, -0.00 	13,20,25,412		6.99,13.16	0,0 	0
4414    	27.44, -9.27, -8.83 	-1.65, 5.85, -7.75 	0.00, -0.00 	13,20,25,421		6.27,15.43	0,0 	0
4423    	27.43, -9.35, -8.84 	-1.64, 5.65, -7.76 	0.00, -0.00 	13,20,25,431		5.79,15.65	0,0 	0
4432    	27.48, -9.33, -8.84 	-1.61, 5.48, -7.76 	0.00, -0.00 	13,20,25,441		4.39,14.49	0,0 	0
4440    	27.54, -9.35, -8.84 	-1.55, 5.34, -7.75 	0.00, -0.00 	13,20,25,450		4.74,11.64	0,0 	0
4449    	27.59, -9.42, -8.83 	-1.48, 5.17, -7.76 	0.00, -0.00 	13,20,25,460		7.26,14.22	0,0 	0
4458    	27.64, -9.54, -8.81 	-1.41, 5.02, -7.75 	0.00, -0.00 	13,20,25,470		10.56,13.76	0,0 	0
4466    	27.73, -9.67, -8.79 	-1.33, 4.82, -7.74 	0.00, -0.00 	13,20,25,479		12.87,17.36	0,0 	0
4477    	27.85, -9.79, -8.76 	-1.25, 4.59, -7.73 	0.00, -0.00 	13,20,25,491		13.76,19.12	0,0 	0
4485    	27.92, -9.99, -8.73 	-1.17, 4.31, -7.69 	0.00, -0.00 	13,20,25,499		20.32,29.24	0,0 	0
4493    	28.01, -10.22, -8.71 	-1.09, 4.02, -7.62 	0.00, -0.00 	13,20,25,508		22.71,27.26	0,0 	0
4502    	28.13, -10.39, -8.71 	-1.02, 3.72, -7.54 	0.00, -0.00 	13,20,25,518		17.62,25.65	0,0 	0
4511    	28.24, -10.50, -8.72 	-0.92, 3.42, -7.50 	0.00, -0.00 	13,20,25,528		12.52,26.32	0,0 	0
4519    	28.39, -10.62, -8.75 	-0.75, 3.18, -7.44 	0.00, -0.00 	13,20,25,537		17.60,26.23	0,0 	0
4528    	28.50, -10.79, -8.77 	-0.52, 3.00, -7.45 	0.00, -0.00 	13,20,25,547		16.72,24.67	0,0 	0
4537    	28.67, -10.99, -8.76 	-0.38, 2.80, -7.43 	0.00, -0.00 	13,20,25,557		22.20,20.92	0,0 	0
4545    	28.88, -11.13, -8.75 	-0.17, 2.60, -7.44 	0.00, -0.00 	13,20,25,566		23.01,25.56	0,0 	0
4554    	29.06, -11.23, -8.71 	0.04, 2.44, -7.43 	0.00, -0.00 	13,20,25,576		17.64,22.30	0,0 	0
4563    	29.18, -11.33, -8.67 	0.17, 2.24, -7.39 	0.00, -0.00 	13,20,25,586		12.51,20.02	0,0 	0
4572    	29.22, -11.57, -8.59 	0.34, 2.07, -7.34 	0.00, -0.00 	13,20,25,596		22.55,21.62	0,0 	0
4580    	29.28, -11.83, -8.55 	0.46, 1.86, -7.29 	0.00, -0.00 	13,20,25,605		23.83,22.23	0,0 	0
4589    	29.31, -12.08, -8.49 	0.55, 1.69, -7.25 	0.00, -0.00 	13,20,25,615		20.67,16.08	0,0 	0
4598    	29.35, -12.30, -8.43 	0.70, 1.55, -7.24 	0.00, -0.00 	13,20,25,625		20.64,19.00	0,0 	0
4606    	29.33, -12.45, -8.45 	0.84, 1.42, -7.22 	0.00, -0.00 	13,20,25,634		13.67,17.04	0,0 	0
4615    	29.40, -12.60, -8.44 	0.91, 1.25, -7.16 	0.00, -0.00 	13,20,25,644		13.64,15.72	0,0 	0
4624    	29.54, -12.66, -8.45 	1.01, 1.12, -7.13 	0.00, -0.00 	13,20,25,654		14.36,14.69	0,0 	0
4632    	29.74, -12.67, -8.45 	1.27, 1.05, -7.13 	0.00, -0.00 	13,20,25,663		17.54,24.42	0,0 	0
4641    	29.90, -12.74, -8.42 	1.40, 0.93, -7.14 	0.00, -0.00 	13,20,25,673		14.65,14.42	0,0 	0
4650    	30.07, -12.85, -8.40 	1.51, 0.83, -7.12 	0.00, -0.00 	13,20,25,683		19.02,13.77	0,0 	0
4658    	30.18, -12.96, -8.36 	1.55, 0.74, -7.11 	0.00, -0.00 	13,20,25,692		12.52,8.68	0,0 	0
4667    	30.24, -13.10, -8.30 	1.61, 0.69, -7.10 	0.00, -0.00 	13,20,25,702		12.50,6.03	0,0 	0
4676    	30.27, -13.28, -8.26 	1.63, 0.62, -7.09 	0.00, -0.00 	13,20,25,712		16.67,7.05	0,0 	0
4684    	30.22, -13.42, -8.23 	1.68, 0.59, -7.11 	0.00, -0.00 	13,20,25,721		13.33,5.29	0,0 	0
4693    	30.22, -13.54, -8.24 	1.67, 0.57, -7.11 	0.00, -0.00 	13,20,25,731		9.77,1.94	0,0 	0
4702    	30.26, -13.62, -8.23 	1.66, 0.52, -7.10 	0.00, -0.00 	13,20,25,741		7.79,3.64	0,0 	0
4710    	30.31, -13.65, -8.21 	1.65, 0.50, -7.08 	0.00, -0.00 	13,20,25,750		6.00,2.12	0,0 	0
4719    	30.37, -13.72, -8.20 	1.69, 0.51, -7.08 	0.00, -0.00 	13,20,25,760		7.18,3.32	0,0 	0
4728    	30.42, -13.74, -8.19 	1.71, 0.53, -7.09 	0.00, -0.00 	13,20,25,770		4.39,2.38	0,0 	0
4737    	30.48, -13.78, -8.16 	1.74, 0.52, -7.10 	0.00, -0.00 	13,20,25,780		6.53,2.81	0,0 	0
4745    	30.49, -13.82, -8.13 	1.79, 0.54, -7.10 	0.00, -0.00 	13,20,25,789		3.97,4.76	0,0 	0
4754    	30.50, -13.87, -8.10 	1.81, 0.53, -7.09 	0.00, -0.00 	13,20,25,799		3.64,1.85	0,0 	0
4763    	30.51, -13.94, -8.07 	1.78, 0.51, -7.08 	0.00, -0.00 	13,20,25,809		6.84,3.24	0,0 	0
4771    	30.49, -13.95, -8.07 	1.81, 0.51, -7.08 	0.00, -0.00 	13,20,25,818		2.00,3.50	0,0 	0
4780    	30.48, -13.96, -8.07 	1.79, 0.54, -7.09 	0.00, -0.00 	13,20,25,828		1.20,3.62	0,0 	0
4789    	30.48, -13.95, -8.06 	1.78, 0.54, -7.08 	0.00, -0.00 	13,20,25,838		0.97,0.87	0,0 	0
4797    	30.45, -13.93, -8.06 	1.80, 0.56, -7.09 	0.00, -0.00 	13,20,25,847		3.26,3.24	0,0 	0
4806    	30.42, -13.94, -8.06 	1.80, 0.58, -7.08 	0.00, -0.00 	13,20,25,857		2.57,1.21	0,0 	0
4815    	30.46, -13.92, -8.05 	1.76, 0.58, -7.09 	0.00, -0.00 	13,20,25,867		4.00,3.50	0,0 	0
4823    	30.46, -13.91, -8.05 	1.76, 0.57, -7.09 	0.00, -0.00 	13,20,25,876		0.97,0.97	0,0 	0
4832    	30.44, -13.91, -8.05 	1.78, 0.58, -7.09 	0.00, -0.00 	13,20,25,886		1.61,1.82	0,0 	0
4841    	30.49, -13.95, -8.02 	1.74, 0.55, -7.09 	0.00, -0.00 	13,20,25,896		5.84,3.98	0,0 	0
4849    	30.46, -13.95, -8.00 	1.74, 0.55, -7.09 	0.00, -0.00 	13,20,25,905		2.63,0.00	0,0 	0
4858    	30.47, -13.96, -8.00 	1.72, 0.58, -7.09 	0.00, -0.00 	13,20,25,915		1.20,2.42	0,0 	0
4867    	30.40, -13.98, -7.99 	1.71, 0.58, -7.10 	0.00, -0.00 	13,20,25,925		6.43,0.87	0,0 	0
4875    	30.35, -13.98, -7.97 	1.65, 0.60, -7.08 	0.00, -0.00 	13,20,25,934		4.38,5.63	0,0 	0
4884    	30.35, -13.98, -7.97 	1.59, 0.59, -7.08 	0.00, -0.00 	13,20,25,944		0.00,4.88	0,0 	0
4893    	30.32, -13.94, -7.98 	1.54, 0.57, -7.08 	0.00, -0.00 	13,20,25,954		4.29,4.36	0,0 	0
4902    	30.32, -13.89, -7.97 	1.46, 0.58, -7.07 	0.00, -0.00 	13,20,25,964		4.84,7.95	0,0 	0
4910    	30.29, -13.87, -7.97 	1.35, 0.54, -7.02 	0.00, -0.00 	13,20,25,973		3.26,10.32	0,0 	0
4919    	30.28, -13.89, -7.93 	1.21, 0.49, -6.99 	0.00, -0.00 	13,20,25,983		1.95,12.49	0,0 	0
