#Time 	Sensor1         Sensor2         Target          Time            Vel             
#================================================================

10      	30.06, -15.06, -7.37 	-0.32, 0.73, -6.65 	-6.84, 18.79 	13,20,47,117		0.00,0.00	0,0 	0
14      	30.08, -15.05, -7.37 	-0.32, 0.73, -6.67 	-6.84, 18.79 	13,20,47,126		5.51,0.00	0,0 	0
23      	30.09, -15.06, -7.37 	-0.35, 0.72, -6.66 	-6.84, 18.79 	13,20,47,136		1.60,3.40	0,0 	0
32      	30.10, -15.05, -7.35 	-0.37, 0.73, -6.66 	-6.84, 18.79 	13,20,47,146		1.60,2.46	0,0 	0
40      	30.08, -15.06, -7.36 	-0.38, 0.72, -6.65 	-6.84, 18.79 	13,20,47,155		2.75,1.78	0,0 	0
49      	30.06, -15.10, -7.36 	-0.37, 0.75, -6.66 	-6.84, 18.79 	13,20,47,165		5.20,3.71	0,0 	0
58      	30.08, -15.12, -7.33 	-0.35, 0.75, -6.65 	-6.84, 18.79 	13,20,47,175		3.19,2.14	0,0 	0
66      	30.06, -15.15, -7.34 	-0.35, 0.73, -6.64 	-6.84, 18.79 	13,20,47,184		4.67,2.67	0,0 	0
75      	30.07, -15.14, -7.34 	-0.34, 0.72, -6.63 	-6.84, 18.79 	13,20,47,194		1.60,1.61	0,0 	0
84      	30.06, -15.14, -7.34 	-0.32, 0.71, -6.63 	-6.84, 18.79 	13,20,47,204		1.07,2.46	0,0 	0
93      	30.06, -15.13, -7.33 	-0.35, 0.73, -6.64 	-6.84, 18.79 	13,20,47,214		1.18,4.02	0,0 	0
101     	30.09, -15.10, -7.34 	-0.33, 0.72, -6.63 	-6.84, 18.79 	13,20,47,223		5.39,2.77	0,0 	0
110     	30.08, -15.12, -7.34 	-0.31, 0.73, -6.64 	-6.84, 18.79 	13,20,47,233		2.60,2.43	0,0 	0
119     	30.08, -15.12, -7.34 	-0.33, 0.74, -6.66 	-6.84, 18.79 	13,20,47,243		0.00,2.46	0,0 	0
127     	30.10, -15.09, -7.36 	-0.32, 0.75, -6.67 	-6.84, 18.79 	13,20,47,252		4.67,1.78	0,0 	0
136     	30.08, -15.10, -7.35 	-0.35, 0.75, -6.67 	-6.84, 18.79 	13,20,47,262		2.45,3.21	0,0 	0
145     	30.10, -15.11, -7.34 	-0.32, 0.76, -6.66 	-6.84, 18.79 	13,20,47,272		2.45,3.40	0,0 	0
153     	30.10, -15.12, -7.35 	-0.31, 0.76, -6.65 	-6.84, 18.79 	13,20,47,281		1.33,1.20	0,0 	0
162     	30.11, -15.13, -7.34 	-0.33, 0.75, -6.67 	-6.84, 18.79 	13,20,47,291		1.60,2.43	0,0 	0
171     	30.09, -15.14, -7.35 	-0.34, 0.76, -6.68 	-6.84, 18.79 	13,20,47,301		2.45,1.61	0,0 	0
179     	30.09, -15.17, -7.36 	-0.33, 0.76, -6.67 	-6.84, 18.79 	13,20,47,310		2.66,1.20	0,0 	0
188     	30.10, -15.13, -7.36 	-0.37, 0.76, -6.67 	-6.84, 18.79 	13,20,47,320		3.71,4.28	0,0 	0
197     	30.10, -15.14, -7.35 	-0.35, 0.76, -6.66 	-6.84, 18.79 	13,20,47,330		1.18,2.14	0,0 	0
205     	30.09, -15.18, -7.34 	-0.34, 0.76, -6.67 	-6.84, 18.79 	13,20,47,339		4.17,1.20	0,0 	0
214     	30.11, -15.15, -7.34 	-0.34, 0.75, -6.65 	-6.84, 18.79 	13,20,47,349		3.19,1.19	0,0 	0
223     	30.10, -15.15, -7.34 	-0.36, 0.75, -6.67 	-6.84, 18.79 	13,20,47,359		1.07,2.14	0,0 	0
231     	30.11, -15.14, -7.34 	-0.35, 0.74, -6.66 	-6.84, 18.79 	13,20,47,368		1.80,1.81	0,0 	0
240     	30.07, -15.15, -7.34 	-0.33, 0.73, -6.66 	-6.84, 18.79 	13,20,47,378		4.44,2.46	0,0 	0
249     	30.09, -15.14, -7.35 	-0.32, 0.75, -6.67 	-6.84, 18.79 	13,20,47,388		2.45,2.59	0,0 	0
258     	30.11, -15.13, -7.35 	-0.36, 0.76, -6.66 	-6.84, 18.79 	13,20,47,398		2.45,4.46	0,0 	0
266     	30.11, -15.15, -7.34 	-0.34, 0.76, -6.67 	-6.84, 18.79 	13,20,47,407		2.66,2.41	0,0 	0
274     	30.11, -15.17, -7.35 	-0.35, 0.76, -6.67 	-6.84, 18.79 	13,20,47,416		1.33,1.20	0,0 	0
284     	30.10, -15.15, -7.34 	-0.33, 0.79, -6.69 	-6.84, 18.79 	13,20,47,427		1.44,2.86	0,0 	0
292     	30.12, -15.14, -7.36 	-0.33, 0.77, -6.69 	-6.84, 18.79 	13,20,47,436		2.75,1.34	0,0 	0
301     	30.12, -15.14, -7.36 	-0.36, 0.80, -6.69 	-6.84, 18.79 	13,20,47,446		0.00,4.02	0,0 	0
310     	30.12, -15.14, -7.36 	-0.35, 0.79, -6.70 	-6.84, 18.79 	13,20,47,456		0.00,1.61	0,0 	0
318     	30.11, -15.17, -7.37 	-0.33, 0.77, -6.68 	-6.84, 18.79 	13,20,47,465		2.92,2.77	0,0 	0
327     	30.12, -15.14, -7.35 	-0.37, 0.80, -6.68 	-6.84, 18.79 	13,20,47,475		2.60,4.92	0,0 	0
336     	30.11, -15.14, -7.36 	-0.37, 0.80, -6.68 	-6.84, 18.79 	13,20,47,485		1.07,0.00	0,0 	0
344     	30.07, -15.17, -7.36 	-0.36, 0.80, -6.69 	-6.84, 18.79 	13,20,47,494		5.51,1.20	0,0 	0
353     	30.07, -15.17, -7.36 	-0.36, 0.80, -6.71 	-6.84, 18.79 	13,20,47,504		0.00,0.00	0,0 	0
362     	30.04, -15.13, -7.36 	-0.35, 0.81, -6.71 	-6.84, 18.79 	13,20,47,514		4.79,1.59	0,0 	0
370     	30.06, -15.18, -7.36 	-0.34, 0.80, -6.71 	-6.84, 18.79 	13,20,47,523		5.84,1.81	0,0 	0
379     	30.06, -15.17, -7.35 	-0.32, 0.81, -6.71 	-6.84, 18.79 	13,20,47,533		1.18,2.43	0,0 	0
388     	30.04, -15.19, -7.35 	-0.37, 0.81, -6.71 	-6.84, 18.79 	13,20,47,543		3.19,5.35	0,0 	0
396     	30.06, -15.18, -7.36 	-0.37, 0.80, -6.71 	-6.84, 18.79 	13,20,47,552		2.75,1.34	0,0 	0
405     	30.06, -15.18, -7.36 	-0.36, 0.81, -6.71 	-6.84, 18.79 	13,20,47,562		0.00,1.59	0,0 	0
414     	30.04, -15.17, -7.36 	-0.35, 0.80, -6.71 	-6.84, 18.79 	13,20,47,572		2.45,1.61	0,0 	0
422     	30.03, -15.21, -7.34 	-0.37, 0.78, -6.69 	-6.84, 18.79 	13,20,47,581		5.46,3.57	0,0 	0
431     	30.02, -15.21, -7.34 	-0.36, 0.76, -6.70 	-6.84, 18.79 	13,20,47,591		1.07,1.61	0,0 	0
440     	29.98, -15.23, -7.34 	-0.35, 0.76, -6.70 	-6.84, 18.79 	13,20,47,601		4.89,1.07	0,0 	0
449     	29.98, -15.24, -7.34 	-0.35, 0.80, -6.70 	-6.84, 18.79 	13,20,47,611		1.18,3.56	0,0 	0
457     	29.99, -15.20, -7.35 	-0.35, 0.80, -6.70 	-6.84, 18.79 	13,20,47,620		5.46,0.00	0,0 	0
466     	30.00, -15.18, -7.37 	-0.35, 0.80, -6.70 	-6.84, 18.79 	13,20,47,630		2.60,0.00	0,0 	0
475     	29.97, -15.19, -7.37 	-0.34, 0.79, -6.69 	-6.84, 18.79 	13,20,47,640		3.42,1.61	0,0 	0
483     	30.02, -15.19, -7.37 	-0.32, 0.79, -6.69 	-6.84, 18.79 	13,20,47,649		6.02,2.41	0,0 	0
492     	30.01, -15.20, -7.36 	-0.32, 0.79, -6.68 	-6.84, 18.79 	13,20,47,659		1.60,0.00	0,0 	0
501     	30.00, -15.20, -7.34 	-0.32, 0.79, -6.68 	-6.84, 18.79 	13,20,47,669		1.07,0.00	0,0 	0
509     	30.00, -15.20, -7.34 	-0.34, 0.79, -6.68 	-6.84, 18.79 	13,20,47,678		0.00,2.41	0,0 	0
518     	29.98, -15.22, -7.34 	-0.34, 0.79, -6.68 	-6.84, 18.79 	13,20,47,688		3.19,0.00	0,0 	0
527     	29.97, -15.24, -7.34 	-0.33, 0.79, -6.69 	-6.84, 18.79 	13,20,47,698		2.60,1.07	0,0 	0
535     	29.97, -15.23, -7.33 	-0.34, 0.81, -6.69 	-6.84, 18.79 	13,20,47,707		1.79,2.95	0,0 	0
544     	29.97, -15.25, -7.33 	-0.32, 0.80, -6.70 	-6.84, 18.79 	13,20,47,717		2.37,2.46	0,0 	0
553     	29.97, -15.23, -7.34 	-0.37, 0.79, -6.68 	-6.84, 18.79 	13,20,47,727		2.60,5.46	0,0 	0
561     	29.97, -15.26, -7.34 	-0.36, 0.80, -6.68 	-6.84, 18.79 	13,20,47,736		4.17,1.78	0,0 	0
570     	29.98, -15.24, -7.33 	-0.36, 0.80, -6.68 	-6.84, 18.79 	13,20,47,746		3.19,0.00	0,0 	0
579     	29.96, -15.24, -7.35 	-0.36, 0.80, -6.68 	-6.84, 18.79 	13,20,47,756		3.21,0.00	0,0 	0
587     	29.97, -15.22, -7.35 	-0.40, 0.80, -6.68 	-6.84, 18.79 	13,20,47,765		2.92,4.81	0,0 	0
596     	29.99, -15.21, -7.35 	-0.38, 0.79, -6.68 	-6.84, 18.79 	13,20,47,775		3.42,2.46	0,0 	0
605     	30.00, -15.22, -7.34 	-0.38, 0.80, -6.68 	-6.84, 18.79 	13,20,47,785		1.60,1.19	0,0 	0
613     	30.00, -15.23, -7.35 	-0.38, 0.81, -6.69 	-6.84, 18.79 	13,20,47,794		1.33,1.34	0,0 	0
622     	29.99, -15.23, -7.35 	-0.38, 0.82, -6.69 	-6.84, 18.79 	13,20,47,804		1.07,1.19	0,0 	0
631     	29.95, -15.23, -7.33 	-0.38, 0.83, -6.68 	-6.84, 18.79 	13,20,47,814		5.35,1.19	0,0 	0
640     	29.97, -15.23, -7.34 	-0.38, 0.83, -6.69 	-6.84, 18.79 	13,20,47,824		2.14,0.00	0,0 	0
648     	29.98, -15.21, -7.33 	-0.38, 0.83, -6.69 	-6.84, 18.79 	13,20,47,833		3.59,0.00	0,0 	0
657     	29.99, -15.19, -7.34 	-0.36, 0.82, -6.68 	-6.84, 18.79 	13,20,47,843		2.60,2.46	0,0 	0
666     	30.02, -15.19, -7.34 	-0.36, 0.81, -6.67 	-6.84, 18.79 	13,20,47,853		3.21,1.19	0,0 	0
674     	30.02, -15.20, -7.34 	-0.40, 0.81, -6.67 	-6.84, 18.79 	13,20,47,862		1.33,4.81	0,0 	0
683     	30.01, -15.22, -7.34 	-0.39, 0.81, -6.68 	-6.84, 18.79 	13,20,47,872		2.60,1.07	0,0 	0
692     	30.02, -15.25, -7.33 	-0.39, 0.81, -6.68 	-6.84, 18.79 	13,20,47,882		3.71,0.00	0,0 	0
700     	29.97, -15.29, -7.32 	-0.39, 0.81, -6.68 	-6.84, 18.79 	13,20,47,891		8.98,0.00	0,0 	0
709     	29.97, -15.31, -7.33 	-0.39, 0.81, -6.68 	-6.84, 18.79 	13,20,47,901		2.37,0.00	0,0 	0
718     	29.97, -15.29, -7.32 	-0.39, 0.81, -6.68 	-6.84, 18.79 	13,20,47,911		2.60,0.00	0,0 	0
726     	29.97, -15.30, -7.32 	-0.39, 0.81, -6.68 	-6.84, 18.79 	13,20,47,920		1.33,0.00	0,0 	0
735     	29.97, -15.29, -7.33 	-0.39, 0.80, -6.68 	-6.84, 18.79 	13,20,47,930		1.60,1.19	0,0 	0
744     	29.99, -15.26, -7.33 	-0.38, 0.82, -6.68 	-6.84, 18.79 	13,20,47,940		4.79,2.59	0,0 	0
752     	29.99, -15.26, -7.33 	-0.38, 0.83, -6.69 	-6.84, 18.79 	13,20,47,949		0.00,1.34	0,0 	0
761     	30.00, -15.28, -7.34 	-0.38, 0.82, -6.68 	-6.84, 18.79 	13,20,47,959		2.60,1.19	0,0 	0
770     	29.99, -15.26, -7.33 	-0.38, 0.82, -6.68 	-6.84, 18.79 	13,20,47,969		2.60,0.00	0,0 	0
778     	29.98, -15.29, -7.33 	-0.38, 0.82, -6.68 	-6.84, 18.79 	13,20,47,978		4.17,0.00	0,0 	0
787     	29.96, -15.28, -7.33 	-0.38, 0.82, -6.68 	-6.84, 18.79 	13,20,47,988		3.42,0.00	0,0 	0
796     	29.95, -15.27, -7.33 	-0.36, 0.81, -6.68 	-6.84, 18.79 	13,20,47,998		1.60,2.46	0,0 	0
804     	29.96, -15.27, -7.33 	-0.36, 0.81, -6.68 	-6.84, 18.79 	13,20,48,7		1.20,0.00	0,0 	0
813     	29.94, -15.27, -7.34 	-0.36, 0.83, -6.68 	-6.84, 18.79 	13,20,48,17		2.14,2.38	0,0 	0
822     	29.96, -15.27, -7.34 	-0.36, 0.83, -6.68 	-6.84, 18.79 	13,20,48,27		2.14,0.00	0,0 	0
831     	29.95, -15.27, -7.34 	-0.36, 0.83, -6.68 	-6.84, 18.79 	13,20,48,37		1.07,0.00	0,0 	0
839     	29.96, -15.24, -7.36 	-0.36, 0.83, -6.68 	-6.84, 18.79 	13,20,48,46		4.17,0.00	0,0 	0
847     	29.96, -15.20, -7.36 	-0.36, 0.83, -6.68 	-6.84, 18.79 	13,20,48,55		5.33,0.00	0,0 	0
857     	29.99, -15.20, -7.36 	-0.35, 0.83, -6.68 	-6.84, 18.79 	13,20,48,66		3.85,0.96	0,0 	0
865     	29.97, -15.22, -7.36 	-0.35, 0.83, -6.68 	-6.84, 18.79 	13,20,48,75		3.59,0.00	0,0 	0
874     	29.98, -15.24, -7.33 	-0.35, 0.83, -6.68 	-6.84, 18.79 	13,20,48,85		2.60,0.00	0,0 	0
883     	29.97, -15.25, -7.33 	-0.38, 0.82, -6.68 	-6.84, 18.79 	13,20,48,95		2.45,3.40	0,0 	0
891     	29.96, -15.27, -7.33 	-0.39, 0.83, -6.68 	-6.84, 18.79 	13,20,48,104		2.92,1.81	0,0 	0
900     	29.96, -15.27, -7.34 	-0.39, 0.83, -6.68 	-6.84, 18.79 	13,20,48,114		0.00,0.00	0,0 	0
909     	29.94, -15.28, -7.33 	-0.39, 0.83, -6.68 	-6.84, 18.79 	13,20,48,124		2.45,0.00	0,0 	0
917     	29.96, -15.27, -7.33 	-0.38, 0.82, -6.68 	-6.84, 18.79 	13,20,48,133		2.75,1.81	0,0 	0
926     	29.94, -15.29, -7.33 	-0.37, 0.82, -6.68 	-6.84, 18.79 	13,20,48,143		3.19,1.07	0,0 	0
935     	29.96, -15.27, -7.34 	-0.37, 0.84, -6.68 	-6.84, 18.79 	13,20,48,153		3.19,2.38	0,0 	0
943     	29.95, -15.27, -7.35 	-0.37, 0.84, -6.68 	-6.84, 18.79 	13,20,48,162		1.20,0.00	0,0 	0
952     	29.97, -15.26, -7.33 	-0.37, 0.84, -6.68 	-6.84, 18.79 	13,20,48,172		3.42,0.00	0,0 	0
961     	29.97, -15.27, -7.33 	-0.41, 0.84, -6.68 	-6.84, 18.79 	13,20,48,182		1.18,4.28	0,0 	0
969     	29.96, -15.28, -7.33 	-0.40, 0.84, -6.68 	-6.84, 18.79 	13,20,48,191		2.75,1.20	0,0 	0
978     	29.96, -15.28, -7.33 	-0.40, 0.84, -6.68 	-6.84, 18.79 	13,20,48,201		0.00,0.00	0,0 	0
987     	29.96, -15.26, -7.34 	-0.39, 0.84, -6.69 	-6.84, 18.79 	13,20,48,211		2.37,1.07	0,0 	0
995     	29.97, -15.25, -7.34 	-0.39, 0.84, -6.69 	-6.84, 18.79 	13,20,48,220		1.80,0.00	0,0 	0
1004    	29.96, -15.24, -7.35 	-0.43, 0.84, -6.68 	-6.84, 18.79 	13,20,48,230		1.60,4.28	1000,1 	0
1013    	29.92, -15.25, -7.35 	-0.43, 0.84, -6.68 	-6.84, 18.79 	13,20,48,240		4.44,0.00	1000,1 	0
1022    	29.95, -15.23, -7.35 	-0.42, 0.84, -6.68 	-6.84, 18.79 	13,20,48,250		3.99,1.07	1000,1 	0
1030    	29.95, -15.23, -7.35 	-0.42, 0.83, -6.68 	-6.84, 18.79 	13,20,48,259		0.00,1.34	1000,1 	0
1038    	29.95, -15.23, -7.35 	-0.40, 0.83, -6.68 	-6.84, 18.79 	13,20,48,268		0.00,2.41	1000,1 	0
1048    	29.95, -15.23, -7.35 	-0.43, 0.84, -6.68 	-6.84, 18.79 	13,20,48,279		0.00,3.09	1000,1 	0
1056    	29.94, -15.25, -7.35 	-0.43, 0.84, -6.68 	-6.84, 18.79 	13,20,48,288		2.92,0.00	1000,1 	0
1065    	29.94, -15.27, -7.35 	-0.47, 0.83, -6.68 	-6.84, 18.79 	13,20,48,298		2.37,4.42	1000,1 	0
1074    	29.93, -15.27, -7.35 	-0.46, 0.85, -6.68 	-6.84, 18.79 	13,20,48,308		1.07,2.59	1000,1 	0
1082    	29.91, -15.26, -7.35 	-0.46, 0.86, -6.68 	-6.84, 18.79 	13,20,48,317		2.75,1.34	1000,1 	0
1091    	29.90, -15.27, -7.37 	-0.46, 0.86, -6.68 	-6.84, 18.79 	13,20,48,327		1.60,0.00	1000,1 	0
1100    	29.90, -15.26, -7.37 	-0.47, 0.87, -6.69 	-6.84, 18.79 	13,20,48,337		1.18,1.61	1000,1 	0
1108    	29.89, -15.23, -7.37 	-0.46, 0.88, -6.68 	-6.84, 18.79 	13,20,48,346		4.17,1.78	1000,1 	0
1117    	29.91, -15.22, -7.37 	-0.46, 0.88, -6.68 	-6.84, 18.79 	13,20,48,356		2.45,0.00	1000,1 	0
1126    	29.91, -15.22, -7.36 	-0.49, 0.87, -6.68 	-6.84, 18.79 	13,20,48,366		0.00,3.40	1000,1 	0
1134    	29.91, -15.21, -7.35 	-0.50, 0.88, -6.68 	-6.84, 18.79 	13,20,48,375		1.33,1.81	1000,1 	0
1143    	29.91, -15.22, -7.34 	-0.48, 0.89, -6.68 	-6.84, 18.79 	13,20,48,385		1.18,2.43	1000,1 	0
1152    	29.87, -15.23, -7.34 	-0.52, 0.89, -6.69 	-6.84, 18.79 	13,20,48,395		4.44,4.28	1000,1 	0
1160    	29.87, -15.24, -7.35 	-0.52, 0.89, -6.69 	-6.84, 18.79 	13,20,48,404		1.33,0.00	1000,1 	0
1169    	29.86, -15.25, -7.34 	-0.55, 0.90, -6.68 	-6.84, 18.79 	13,20,48,414		1.60,3.44	1000,1 	0
1178    	29.85, -15.27, -7.36 	-0.55, 0.92, -6.70 	-6.84, 18.79 	13,20,48,424		2.60,1.19	1000,1 	0
1186    	29.82, -15.27, -7.36 	-0.54, 0.92, -6.71 	-6.84, 18.79 	13,20,48,433		3.61,1.20	1000,1 	0
1195    	29.85, -15.28, -7.36 	-0.58, 0.91, -6.70 	-6.84, 18.79 	13,20,48,443		3.42,5.46	1000,1 	0
1204    	29.87, -15.23, -7.36 	-0.57, 0.93, -6.70 	-6.84, 18.79 	13,20,48,453		6.30,2.59	1000,1 	0
1213    	29.87, -15.23, -7.37 	-0.57, 0.94, -6.69 	-6.84, 18.79 	13,20,48,463		0.00,1.19	1000,1 	0
1221    	29.87, -15.23, -7.37 	-0.56, 0.93, -6.67 	-6.84, 18.79 	13,20,48,472		0.00,1.81	1000,1 	0
1229    	29.84, -15.26, -7.36 	-0.56, 0.92, -6.68 	-6.84, 18.79 	13,20,48,481		5.39,1.81	1000,1 	0
1239    	29.84, -15.27, -7.36 	-0.55, 0.92, -6.68 	-6.84, 18.79 	13,20,48,492		1.07,0.96	1000,1 	0
1247    	29.83, -15.27, -7.37 	-0.55, 0.92, -6.68 	-6.84, 18.79 	13,20,48,501		1.20,0.00	1000,1 	0
1256    	29.85, -15.27, -7.36 	-0.55, 0.90, -6.68 	-6.84, 18.79 	13,20,48,511		2.14,1.19	1000,1 	0
1265    	29.85, -15.27, -7.36 	-0.58, 0.91, -6.69 	-6.84, 18.79 	13,20,48,521		0.00,4.28	1000,1 	0
1273    	29.87, -15.26, -7.37 	-0.57, 0.93, -6.69 	-6.84, 18.79 	13,20,48,530		2.75,2.91	1000,1 	0
1282    	29.87, -15.27, -7.37 	-0.58, 0.91, -6.68 	-6.84, 18.79 	13,20,48,540		1.18,2.59	1000,1 	0
1291    	29.85, -15.28, -7.37 	-0.57, 0.93, -6.69 	-6.84, 18.79 	13,20,48,550		2.45,2.59	1000,1 	0
1299    	29.87, -15.26, -7.37 	-0.57, 0.93, -6.69 	-6.84, 18.79 	13,20,48,559		3.59,0.00	1000,1 	0
1308    	29.88, -15.27, -7.37 	-0.56, 0.93, -6.69 	-6.84, 18.79 	13,20,48,569		1.60,1.07	1000,1 	0
1317    	29.88, -15.27, -7.37 	-0.57, 0.94, -6.69 	-6.84, 18.79 	13,20,48,579		0.00,1.19	1000,1 	0
1325    	29.88, -15.27, -7.37 	-0.60, 0.94, -6.68 	-6.84, 18.79 	13,20,48,588		0.00,4.81	1000,1 	0
1334    	29.88, -15.27, -7.37 	-0.59, 0.92, -6.67 	-6.84, 18.79 	13,20,48,598		0.00,2.62	1000,1 	0
1343    	29.85, -15.27, -7.36 	-0.58, 0.92, -6.67 	-6.84, 18.79 	13,20,48,608		3.21,1.07	1000,1 	0
1351    	29.83, -15.28, -7.36 	-0.58, 0.92, -6.67 	-6.84, 18.79 	13,20,48,617		2.75,0.00	1000,1 	0
1360    	29.82, -15.28, -7.36 	-0.63, 0.93, -6.67 	-6.84, 18.79 	13,20,48,627		1.07,5.49	1000,1 	0
1369    	29.85, -15.27, -7.35 	-0.63, 0.93, -6.67 	-6.84, 18.79 	13,20,48,637		3.42,0.00	1000,1 	0
1377    	29.85, -15.28, -7.35 	-0.64, 0.93, -6.66 	-6.84, 18.79 	13,20,48,646		1.33,1.20	1000,1 	0
1386    	29.84, -15.25, -7.36 	-0.64, 0.93, -6.66 	-6.84, 18.79 	13,20,48,656		3.71,0.00	1000,1 	0
1395    	29.82, -15.25, -7.36 	-0.64, 0.93, -6.66 	-6.84, 18.79 	13,20,48,666		2.14,0.00	1000,1 	0
1404    	29.81, -15.25, -7.36 	-0.62, 0.93, -6.65 	-6.84, 18.79 	13,20,48,676		1.07,2.14	1000,1 	0
1412    	29.84, -15.23, -7.35 	-0.63, 0.93, -6.65 	-6.84, 18.79 	13,20,48,685		4.49,1.20	1000,1 	0
1421    	29.84, -15.24, -7.35 	-0.62, 0.94, -6.68 	-6.84, 18.79 	13,20,48,695		1.18,1.59	1000,1 	0
1430    	29.82, -15.25, -7.34 	-0.62, 0.94, -6.67 	-6.84, 18.79 	13,20,48,705		2.45,0.00	1000,1 	0
1438    	29.82, -15.24, -7.36 	-0.62, 0.94, -6.67 	-6.84, 18.79 	13,20,48,714		1.33,0.00	1000,1 	0
1447    	29.82, -15.24, -7.36 	-0.62, 0.94, -6.67 	-6.84, 18.79 	13,20,48,724		0.00,0.00	1000,1 	0
1456    	29.84, -15.20, -7.37 	-0.61, 0.95, -6.67 	-6.84, 18.79 	13,20,48,734		5.20,1.59	1000,1 	0
1464    	29.83, -15.20, -7.37 	-0.61, 0.95, -6.68 	-6.84, 18.79 	13,20,48,743		1.20,0.00	1000,1 	0
1473    	29.81, -15.21, -7.37 	-0.62, 0.96, -6.68 	-6.84, 18.79 	13,20,48,753		2.45,1.61	1000,1 	0
1482    	29.85, -15.22, -7.37 	-0.62, 0.98, -6.68 	-6.84, 18.79 	13,20,48,763		4.44,2.38	1000,1 	0
1490    	29.85, -15.22, -7.37 	-0.61, 0.97, -6.68 	-6.84, 18.79 	13,20,48,772		0.00,1.81	1000,1 	0
1499    	29.84, -15.21, -7.37 	-0.63, 0.97, -6.68 	-6.84, 18.79 	13,20,48,782		1.60,2.14	1000,1 	0
1508    	29.80, -15.23, -7.36 	-0.63, 0.98, -6.68 	-6.84, 18.79 	13,20,48,792		4.89,1.19	1000,1 	0
1516    	29.80, -15.24, -7.35 	-0.63, 0.98, -6.68 	-6.84, 18.79 	13,20,48,801		1.33,0.00	1000,1 	0
1525    	29.79, -15.23, -7.37 	-0.61, 0.98, -6.67 	-6.84, 18.79 	13,20,48,811		1.60,2.14	1000,1 	0
1534    	29.78, -15.22, -7.39 	-0.65, 0.96, -6.67 	-6.84, 18.79 	13,20,48,821		1.60,4.86	1000,1 	0
1542    	29.74, -15.19, -7.38 	-0.64, 0.97, -6.69 	-6.84, 18.79 	13,20,48,830		6.26,1.78	1000,1 	0
1551    	29.73, -15.15, -7.41 	-0.65, 0.98, -6.69 	-6.84, 18.79 	13,20,48,840		3.71,1.61	1000,1 	0
1560    	29.74, -15.11, -7.43 	-0.69, 1.01, -6.70 	-6.84, 18.79 	13,20,48,850		4.86,5.61	1000,1 	0
1568    	29.77, -15.10, -7.44 	-0.64, 0.98, -6.71 	-6.84, 18.79 	13,20,48,859		3.85,7.28	1000,1 	0
1577    	29.76, -15.08, -7.42 	-0.74, 1.02, -6.71 	-6.84, 18.79 	13,20,48,869		2.60,11.77	1000,1 	0
1586    	29.74, -15.05, -7.44 	-0.77, 0.99, -6.69 	-6.84, 18.79 	13,20,48,879		4.15,4.76	1000,1 	0
1595    	29.71, -15.06, -7.45 	-0.80, 1.04, -6.69 	-6.84, 18.79 	13,20,48,889		3.42,5.77	1000,1 	0
1603    	29.68, -14.99, -7.48 	-0.84, 1.05, -6.71 	-6.84, 18.79 	13,20,48,898		9.33,6.18	1000,1 	0
1612    	29.62, -14.91, -7.50 	-0.88, 1.04, -6.71 	-6.84, 18.79 	13,20,48,908		11.44,4.42	1000,1 	0
1621    	29.56, -14.82, -7.54 	-0.91, 1.06, -6.72 	-6.84, 18.79 	13,20,48,918		11.44,4.02	1000,1 	0
1629    	29.47, -14.70, -7.60 	-0.92, 1.06, -6.72 	-6.84, 18.79 	13,20,48,927		19.30,1.20	1000,1 	0
1638    	29.47, -14.50, -7.68 	-0.92, 1.06, -6.72 	-6.84, 18.79 	13,20,48,937		21.34,0.00	1000,1 	0
1647    	29.40, -14.31, -7.76 	-0.95, 1.07, -6.69 	-6.84, 18.79 	13,20,48,947		22.58,3.44	1000,1 	0
1655    	29.34, -14.17, -7.85 	-1.01, 1.05, -6.68 	-6.84, 18.79 	13,20,48,956		18.76,7.66	1000,1 	0
1664    	29.27, -14.03, -7.89 	-1.07, 1.03, -6.67 	-6.84, 18.79 	13,20,48,966		18.18,6.81	1000,1 	0
1673    	29.23, -13.90, -7.94 	-1.08, 1.03, -6.66 	-6.84, 18.79 	13,20,48,976		15.18,1.07	1000,1 	0
1681    	29.09, -13.77, -7.97 	-1.02, 1.04, -6.67 	-6.84, 18.79 	13,20,48,985		23.22,7.32	1000,1 	0
1690    	28.96, -13.65, -8.03 	-1.05, 1.05, -6.67 	-6.84, 18.79 	13,20,48,995		19.85,3.44	1000,1 	0
1699    	28.78, -13.45, -8.09 	-1.02, 1.09, -6.70 	-6.84, 18.79 	13,20,49,5		29.61,5.69	1000,1 	0
1707    	28.64, -13.24, -8.19 	-1.04, 1.12, -6.73 	-6.84, 18.79 	13,20,49,14		32.17,4.71	1000,1 	0
1716    	28.53, -12.95, -8.30 	-1.05, 1.18, -6.75 	-6.84, 18.79 	13,20,49,24		34.06,6.05	1000,1 	0
1725    	28.48, -12.67, -8.41 	-1.12, 1.25, -6.76 	-6.84, 18.79 	13,20,49,34		31.44,11.27	1000,1 	0
1733    	28.39, -12.45, -8.50 	-1.17, 1.27, -6.78 	-6.84, 18.79 	13,20,49,43		29.99,7.73	1000,1 	0
1742    	28.38, -12.28, -8.56 	-1.29, 1.34, -6.79 	-6.84, 18.79 	13,20,49,53		18.97,14.77	1000,1 	0
1751    	28.38, -12.14, -8.59 	-1.35, 1.38, -6.80 	-6.84, 18.79 	13,20,49,63		15.39,8.04	1000,1 	0
1759    	28.40, -12.03, -8.62 	-1.43, 1.43, -6.80 	-6.84, 18.79 	13,20,49,72		13.54,12.15	1000,1 	0
1768    	28.34, -11.96, -8.64 	-1.53, 1.47, -6.80 	-6.84, 18.79 	13,20,49,82		10.48,11.77	1000,1 	0
1777    	28.20, -11.91, -8.66 	-1.67, 1.52, -6.84 	-6.84, 18.79 	13,20,49,92		16.74,16.19	1000,1 	0
1786    	28.09, -11.82, -8.70 	-1.76, 1.63, -6.88 	-6.84, 18.79 	13,20,49,102		15.87,16.10	1000,1 	0
1794    	28.04, -11.66, -8.75 	-1.80, 1.74, -6.97 	-6.84, 18.79 	13,20,49,111		20.86,14.27	1000,1 	0
1803    	27.96, -11.48, -8.82 	-1.93, 1.88, -7.04 	-6.84, 18.79 	13,20,49,121		22.31,20.93	1000,1 	0
1812    	27.82, -11.28, -8.92 	-2.03, 2.02, -7.12 	-6.84, 18.79 	13,20,49,131		27.02,18.92	1000,1 	0
1820    	27.71, -11.04, -9.03 	-2.23, 2.13, -7.18 	-6.84, 18.79 	13,20,49,140		32.66,28.76	1000,1 	0
1829    	27.62, -10.85, -9.10 	-2.30, 2.26, -7.23 	-6.84, 18.79 	13,20,49,150		23.38,16.20	1000,1 	0
1838    	27.46, -10.64, -9.14 	-2.42, 2.34, -7.29 	-6.84, 18.79 	13,20,49,160		29.85,16.96	1000,1 	0
1846    	27.34, -10.44, -9.19 	-2.55, 2.46, -7.32 	-6.84, 18.79 	13,20,49,169		27.98,21.63	1000,1 	0
1855    	27.16, -10.27, -9.25 	-2.70, 2.57, -7.38 	-6.84, 18.79 	13,20,49,179		27.78,20.98	1000,1 	0
1864    	27.04, -10.06, -9.33 	-2.86, 2.67, -7.41 	-6.84, 18.79 	13,20,49,189		26.93,20.31	1000,1 	0
1872    	26.93, -9.80, -9.40 	-3.09, 2.76, -7.46 	-6.84, 18.79 	13,20,49,198		35.07,31.45	1000,1 	0
1881    	26.77, -9.61, -9.45 	-3.28, 2.89, -7.50 	-6.84, 18.79 	13,20,49,208		27.33,25.88	1000,1 	0
1890    	26.58, -9.44, -9.52 	-3.48, 3.07, -7.60 	-6.84, 18.79 	13,20,49,218		28.57,28.83	1000,1 	0
1898    	26.42, -9.25, -9.58 	-3.62, 3.31, -7.71 	-6.84, 18.79 	13,20,49,227		31.51,35.88	1000,1 	0
1907    	26.31, -9.04, -9.59 	-3.72, 3.55, -7.84 	-6.84, 18.79 	13,20,49,237		26.44,28.39	1000,1 	0
1916    	26.24, -8.75, -9.59 	-3.92, 3.79, -7.97 	-6.84, 18.79 	13,20,49,247		33.08,34.72	1000,1 	0
1924    	26.14, -8.53, -9.59 	-4.22, 4.00, -8.07 	-6.84, 18.79 	13,20,49,256		30.44,46.21	1000,1 	0
1933    	26.03, -8.34, -9.59 	-4.53, 4.20, -8.15 	-6.84, 18.79 	13,20,49,266		23.31,40.62	1000,1 	0
1942    	25.95, -8.17, -9.61 	-4.78, 4.42, -8.24 	-6.84, 18.79 	13,20,49,276		21.24,37.64	1000,1 	0
1950    	25.84, -8.00, -9.61 	-4.98, 4.66, -8.31 	-6.84, 18.79 	13,20,49,285		25.08,38.27	1000,1 	0
1959    	25.65, -7.85, -9.61 	-5.24, 4.88, -8.37 	-6.84, 18.79 	13,20,49,295		27.06,37.67	1000,1 	0
1968    	25.44, -7.78, -9.59 	-5.50, 5.07, -8.41 	-6.84, 18.79 	13,20,49,305		24.96,36.19	1000,1 	0
1977    	25.23, -7.68, -9.60 	-5.67, 5.34, -8.50 	-6.84, 18.79 	13,20,49,315		24.87,35.06	1000,1 	0
1985    	25.08, -7.51, -9.62 	-5.79, 5.62, -8.56 	-6.84, 18.79 	13,20,49,324		28.72,38.32	1000,1 	0
1994    	24.96, -7.29, -9.65 	-5.89, 5.88, -8.64 	-6.84, 18.79 	13,20,49,334		28.48,30.60	1000,1 	0
2003    	24.81, -7.11, -9.67 	-6.01, 6.13, -8.71 	-6.84, 18.79 	13,20,49,344		25.74,31.44	1000,1 	0
2011    	24.69, -6.98, -9.68 	-6.12, 6.37, -8.75 	-6.84, 18.79 	13,20,49,353		22.36,32.43	1000,1 	0
2020    	24.60, -6.85, -9.70 	-6.30, 6.61, -8.77 	-6.84, 18.79 	13,20,49,363		17.16,33.35	1000,1 	0
2029    	24.57, -6.66, -9.70 	-6.50, 6.83, -8.79 	-6.84, 18.79 	13,20,49,373		21.55,33.11	1000,1 	0
2037    	24.47, -6.51, -9.69 	-6.69, 7.10, -8.82 	-6.84, 18.79 	13,20,49,382		22.86,41.47	1000,1 	0
2046    	24.28, -6.37, -9.69 	-6.86, 7.41, -8.87 	-6.84, 18.79 	13,20,49,392		25.50,39.20	1000,1 	0
2055    	24.11, -6.24, -9.69 	-6.94, 7.70, -8.93 	-6.84, 18.79 	13,20,49,402		23.93,33.63	1000,1 	0
2063    	23.95, -6.05, -9.70 	-7.07, 8.00, -8.98 	-6.84, 18.79 	13,20,49,411		31.51,40.78	1000,1 	0
2072    	23.79, -5.80, -9.72 	-7.17, 8.31, -9.03 	-6.84, 18.79 	13,20,49,421		33.16,36.23	1000,1 	0
2081    	23.66, -5.53, -9.76 	-7.32, 8.60, -9.06 	-6.84, 18.79 	13,20,49,431		33.16,36.08	1000,1 	0
2089    	23.51, -5.33, -9.78 	-7.44, 8.86, -9.08 	-6.84, 18.79 	13,20,49,440		31.08,35.90	1000,1 	0
2098    	23.42, -5.16, -9.81 	-7.56, 9.08, -9.11 	-6.84, 18.79 	13,20,49,450		21.75,27.17	1000,1 	0
2107    	23.34, -5.02, -9.81 	-7.70, 9.29, -9.09 	-6.84, 18.79 	13,20,49,460		17.61,28.27	1000,1 	0
2115    	23.23, -4.89, -9.80 	-7.85, 9.54, -9.08 	-6.84, 18.79 	13,20,49,469		20.75,36.51	1000,1 	0
2124    	23.12, -4.79, -9.77 	-8.02, 9.84, -9.09 	-6.84, 18.79 	13,20,49,479		16.68,38.15	1000,1 	0
2133    	22.99, -4.70, -9.74 	-8.13, 10.15, -9.11 	-6.84, 18.79 	13,20,49,489		17.52,36.57	1000,1 	0
2141    	22.88, -4.63, -9.71 	-8.24, 10.46, -9.12 	-6.84, 18.79 	13,20,49,498		16.51,41.56	1000,1 	0
2150    	22.78, -4.58, -9.67 	-8.36, 10.78, -9.14 	-6.84, 18.79 	13,20,49,508		12.23,38.06	1000,1 	0
2159    	22.68, -4.54, -9.66 	-8.53, 11.08, -9.13 	-6.84, 18.79 	13,20,49,518		12.69,38.15	1000,1 	0
2168    	22.60, -4.39, -9.68 	-8.64, 11.43, -9.13 	-6.84, 18.79 	13,20,49,528		18.65,40.31	1000,1 	0
2176    	22.50, -4.20, -9.69 	-8.73, 11.77, -9.11 	-6.84, 18.79 	13,20,49,537		26.82,44.27	1000,1 	0
2185    	22.45, -4.02, -9.67 	-8.80, 12.09, -9.09 	-6.84, 18.79 	13,20,49,547		21.12,36.53	1000,1 	0
2194    	22.36, -3.89, -9.64 	-8.88, 12.34, -9.03 	-6.84, 18.79 	13,20,49,557		17.16,28.75	1000,1 	0
2202    	22.30, -3.84, -9.61 	-8.93, 12.61, -9.00 	-6.84, 18.79 	13,20,49,566		9.82,34.04	1000,1 	0
2211    	22.25, -3.79, -9.58 	-8.96, 12.84, -8.95 	-6.84, 18.79 	13,20,49,576		7.14,26.38	1000,1 	0
2220    	22.21, -3.80, -9.56 	-8.93, 13.07, -8.89 	-6.84, 18.79 	13,20,49,586		5.48,25.25	1000,1 	0
2228    	22.16, -3.82, -9.51 	-8.91, 13.28, -8.80 	-6.84, 18.79 	13,20,49,595		6.59,26.80	1000,1 	0
2237    	22.07, -3.85, -9.47 	-8.89, 13.51, -8.75 	-6.84, 18.79 	13,20,49,605		9.92,26.19	1000,1 	0
2246    	21.97, -3.82, -9.44 	-8.85, 13.76, -8.68 	-6.84, 18.79 	13,20,49,615		10.96,27.59	1000,1 	0
2254    	21.91, -3.81, -9.41 	-8.80, 13.97, -8.62 	-6.84, 18.79 	13,20,49,624		8.53,27.58	1000,1 	0
2263    	21.84, -3.78, -9.37 	-8.72, 14.16, -8.53 	-6.84, 18.79 	13,20,49,634		8.29,22.91	1000,1 	0
2272    	21.84, -3.74, -9.33 	-8.74, 14.35, -8.42 	-6.84, 18.79 	13,20,49,644		4.74,20.34	1000,1 	0
2280    	21.81, -3.71, -9.30 	-8.67, 14.53, -8.31 	-6.84, 18.79 	13,20,49,653		5.38,24.54	1000,1 	0
2289    	21.80, -3.66, -9.27 	-8.57, 14.76, -8.24 	-6.84, 18.79 	13,20,49,663		4.85,28.09	1000,1 	0
2298    	21.81, -3.61, -9.24 	-8.47, 14.95, -8.18 	-6.84, 18.79 	13,20,49,673		6.02,24.25	1000,1 	0
2306    	21.78, -3.62, -9.21 	-8.43, 15.16, -8.09 	-6.84, 18.79 	13,20,49,682		3.85,25.77	1000,1 	0
2315    	21.75, -3.62, -9.18 	-8.35, 15.34, -7.99 	-6.84, 18.79 	13,20,49,692		3.21,21.81	1000,1 	0
2324    	21.76, -3.64, -9.17 	-8.22, 15.54, -7.89 	-6.84, 18.79 	13,20,49,702		2.60,26.89	1000,1 	0
2332    	21.75, -3.65, -9.15 	-8.05, 15.70, -7.77 	-6.84, 18.79 	13,20,49,711		1.80,29.28	1000,1 	0
2341    	21.74, -3.65, -9.15 	-7.88, 15.86, -7.67 	-6.84, 18.79 	13,20,49,721		1.07,26.03	1000,1 	0
2350    	21.73, -3.64, -9.15 	-7.70, 16.02, -7.56 	-6.84, 18.79 	13,20,49,731		1.60,26.03	1000,1 	0
2359    	21.71, -3.64, -9.14 	-7.55, 16.13, -7.46 	-6.84, 18.79 	13,20,49,741		2.14,21.37	1000,1 	0
2367    	21.72, -3.64, -9.13 	-7.38, 16.26, -7.35 	-6.84, 18.79 	13,20,49,750		1.20,26.75	1000,1 	0
2376    	21.75, -3.64, -9.12 	-7.23, 16.37, -7.25 	-6.84, 18.79 	13,20,49,760		3.21,20.68	1000,1 	0
2385    	21.77, -3.65, -9.11 	-7.10, 16.50, -7.18 	-6.84, 18.79 	13,20,49,770		2.45,20.62	1000,1 	0
2393    	21.78, -3.71, -9.09 	-7.01, 16.62, -7.13 	-6.84, 18.79 	13,20,49,779		6.77,18.85	1000,1 	0
2402    	21.78, -3.74, -9.08 	-6.90, 16.78, -7.14 	-6.84, 18.79 	13,20,49,789		3.55,21.20	1000,1 	0
2411    	21.81, -3.76, -9.07 	-6.83, 16.96, -7.15 	-6.84, 18.79 	13,20,49,799		3.99,21.81	1000,1 	0
2419    	21.83, -3.77, -9.05 	-6.80, 17.15, -7.17 	-6.84, 18.79 	13,20,49,808		2.75,24.27	1000,1 	0
2428    	21.82, -3.79, -9.05 	-6.73, 17.34, -7.21 	-6.84, 18.79 	13,20,49,818		2.60,22.55	1000,1 	0
2437    	21.81, -3.81, -9.05 	-6.69, 17.53, -7.22 	-6.84, 18.79 	13,20,49,828		2.60,20.81	1000,1 	0
2445    	21.85, -3.84, -9.04 	-6.62, 17.63, -7.21 	-6.84, 18.79 	13,20,49,837		5.50,15.69	1000,1 	0
2454    	21.88, -3.85, -9.04 	-6.57, 17.73, -7.19 	-6.84, 18.79 	13,20,49,847		3.42,11.88	1000,1 	0
2463    	21.91, -3.86, -9.02 	-6.51, 17.80, -7.17 	-6.84, 18.79 	13,20,49,857		3.42,10.43	1000,1 	0
2471    	21.94, -3.89, -9.01 	-6.47, 17.91, -7.17 	-6.84, 18.79 	13,20,49,866		6.26,14.57	1000,1 	0
2480    	21.94, -3.92, -9.01 	-6.39, 17.99, -7.16 	-6.84, 18.79 	13,20,49,876		3.71,12.69	1000,1 	0
2489    	21.96, -3.90, -9.00 	-6.33, 18.09, -7.14 	-6.84, 18.79 	13,20,49,886		3.99,12.39	1000,1 	0
2497    	21.98, -3.91, -8.99 	-6.29, 18.19, -7.12 	-6.84, 18.79 	13,20,49,895		2.75,13.37	1000,1 	0
2506    	21.96, -3.93, -8.99 	-6.24, 18.27, -7.12 	-6.84, 18.79 	13,20,49,905		3.19,10.83	1000,1 	0
2515    	21.94, -3.95, -8.98 	-6.21, 18.36, -7.11 	-6.84, 18.79 	13,20,49,915		3.19,9.98	1000,1 	0
2523    	21.95, -3.96, -8.97 	-6.16, 18.41, -7.10 	-6.84, 18.79 	13,20,49,924		1.79,8.92	1000,1 	0
2532    	21.95, -3.94, -8.97 	-6.13, 18.46, -7.08 	-6.84, 18.79 	13,20,49,934		2.37,6.71	1000,1 	0
2541    	21.94, -3.94, -8.97 	-6.12, 18.51, -7.06 	-6.84, 18.79 	13,20,49,944		1.07,4.85	1000,1 	0
2550    	21.95, -3.94, -8.97 	-6.13, 18.56, -7.04 	-6.84, 18.79 	13,20,49,954		1.07,6.05	1000,1 	0
2558    	21.97, -3.92, -8.97 	-6.14, 18.63, -7.02 	-6.84, 18.79 	13,20,49,963		3.59,9.45	1000,1 	0
2567    	21.98, -3.91, -8.97 	-6.16, 18.69, -7.01 	-6.84, 18.79 	13,20,49,973		1.60,6.34	1000,1 	0
2576    	22.01, -3.87, -8.97 	-6.16, 18.79, -6.99 	-6.84, 18.79 	13,20,49,983		5.72,11.88	1000,1 	0
2584    	22.02, -3.87, -8.97 	-6.19, 18.86, -6.97 	-6.84, 18.79 	13,20,49,992		1.20,8.84	1000,1 	0
2593    	22.01, -3.86, -8.96 	-6.21, 18.91, -6.95 	-6.84, 18.79 	13,20,50,2		1.60,6.34	1000,1 	0
2602    	22.01, -3.86, -8.96 	-6.23, 18.95, -6.93 	-6.84, 18.79 	13,20,50,12		0.00,5.24	1000,1 	0
2610    	22.01, -3.86, -8.96 	-6.27, 19.01, -6.93 	-6.84, 18.79 	13,20,50,21		0.00,8.29	1000,1 	0
2619    	21.99, -3.87, -8.95 	-6.29, 19.05, -6.93 	-6.84, 18.79 	13,20,50,31		2.45,5.24	1000,1 	0
2628    	22.01, -3.82, -8.96 	-6.33, 19.13, -6.93 	-6.84, 18.79 	13,20,50,41		5.20,9.41	1000,1 	0
2636    	21.99, -3.81, -8.95 	-6.38, 19.21, -6.92 	-6.84, 18.79 	13,20,50,50		2.75,12.35	1000,1 	0
2645    	21.97, -3.81, -8.96 	-6.44, 19.30, -6.91 	-6.84, 18.79 	13,20,50,60		2.14,11.55	1000,1 	0
2654    	21.97, -3.81, -8.96 	-6.51, 19.35, -6.90 	-6.84, 18.79 	13,20,50,70		0.00,9.63	1000,1 	0
2662    	21.97, -3.79, -8.95 	-6.56, 19.43, -6.90 	-6.84, 18.79 	13,20,50,79		2.66,11.90	1000,1 	0
2671    	21.97, -3.80, -8.93 	-6.62, 19.49, -6.91 	-6.84, 18.79 	13,20,50,89		1.18,9.66	1000,1 	0
2680    	21.95, -3.79, -8.94 	-6.63, 19.54, -6.91 	-6.84, 18.79 	13,20,50,99		2.45,4.89	1000,1 	0
2688    	21.94, -3.79, -8.94 	-6.66, 19.55, -6.91 	-6.84, 18.79 	13,20,50,108		2.41,3.87	1000,1 	0
2697    	21.92, -3.79, -8.93 	-6.69, 19.58, -6.91 	-6.84, 18.79 	13,20,50,117		2.14,4.83	1000,1 	0
2706    	21.89, -3.79, -8.93 	-6.72, 19.61, -6.91 	-6.84, 18.79 	13,20,50,127		3.21,4.83	1000,1 	0
2714    	21.87, -3.76, -8.93 	-6.74, 19.65, -6.93 	-6.84, 18.79 	13,20,50,136		4.66,5.90	1000,1 	0
2723    	21.87, -3.73, -8.93 	-6.78, 19.68, -6.93 	-6.84, 18.79 	13,20,50,146		3.55,4.92	1000,1 	0
2732    	21.86, -3.70, -8.94 	-6.79, 19.71, -6.93 	-6.84, 18.79 	13,20,50,156		3.71,3.74	1000,1 	0
2741    	21.85, -3.68, -8.94 	-6.80, 19.73, -6.93 	-6.84, 18.79 	13,20,50,166		2.60,2.62	1000,1 	0
2749    	21.84, -3.66, -8.94 	-6.81, 19.75, -6.93 	-6.84, 18.79 	13,20,50,175		1.80,2.95	1000,1 	0
2758    	21.85, -3.64, -8.94 	-6.83, 19.76, -6.94 	-6.84, 18.79 	13,20,50,185		2.60,2.46	1000,1 	0
2767    	21.84, -3.65, -8.93 	-6.84, 19.77, -6.94 	-6.84, 18.79 	13,20,50,195		1.60,2.46	1000,1 	0
2775    	21.82, -3.64, -8.93 	-6.86, 19.78, -6.94 	-6.84, 18.79 	13,20,50,204		2.75,2.77	1000,1 	0
2784    	21.81, -3.64, -8.93 	-6.87, 19.77, -6.93 	-6.84, 18.79 	13,20,50,214		1.07,1.59	1000,1 	0
2793    	21.79, -3.64, -8.93 	-6.88, 19.79, -6.93 	-6.84, 18.79 	13,20,50,224		2.14,2.62	1000,1 	0
2801    	21.79, -3.64, -8.93 	-6.89, 19.79, -6.93 	-6.84, 18.79 	13,20,50,233		0.00,1.20	1000,1 	0
2810    	21.79, -3.63, -8.93 	-6.90, 19.79, -6.93 	-6.84, 18.79 	13,20,50,243		1.18,1.07	1000,1 	0
2819    	21.79, -3.63, -8.93 	-6.90, 19.79, -6.93 	-6.84, 18.79 	13,20,50,253		0.00,0.00	1000,1 	0
2827    	21.79, -3.63, -8.94 	-6.91, 19.78, -6.93 	-6.84, 18.79 	13,20,50,263		0.00,1.78	1000,1 	0
2836    	21.80, -3.63, -8.93 	-6.91, 19.77, -6.93 	-6.84, 18.79 	13,20,50,273		1.07,1.19	1000,1 	0
2845    	21.80, -3.64, -8.93 	-6.89, 19.77, -6.93 	-6.84, 18.79 	13,20,50,282		1.18,2.14	1000,1 	0
2853    	21.77, -3.64, -8.93 	-6.90, 19.76, -6.92 	-6.84, 18.79 	13,20,50,291		3.61,1.78	1000,1 	0
2862    	21.79, -3.64, -8.93 	-6.90, 19.76, -6.92 	-6.84, 18.79 	13,20,50,301		2.14,0.00	1000,1 	0
2871    	21.79, -3.64, -8.93 	-6.91, 19.76, -6.92 	-6.84, 18.79 	13,20,50,311		0.00,1.07	1000,1 	0
2879    	21.78, -3.64, -8.93 	-6.91, 19.76, -6.92 	-6.84, 18.79 	13,20,50,320		1.20,0.00	1000,1 	0
2888    	21.76, -3.66, -8.93 	-6.91, 19.77, -6.93 	-6.84, 18.79 	13,20,50,330		3.19,1.19	1000,1 	0
2897    	21.77, -3.66, -8.93 	-6.93, 19.78, -6.93 	-6.84, 18.79 	13,20,50,340		1.07,2.46	1000,1 	0
2905    	21.76, -3.68, -8.92 	-6.92, 19.77, -6.93 	-6.84, 18.79 	13,20,50,349		1.80,1.81	1000,1 	0
2914    	21.76, -3.68, -8.93 	-6.92, 19.77, -6.93 	-6.84, 18.79 	13,20,50,359		0.00,0.00	1000,1 	0
2923    	21.77, -3.68, -8.93 	-6.92, 19.77, -6.92 	-6.84, 18.79 	13,20,50,369		1.07,0.00	1000,1 	0
2932    	21.76, -3.68, -8.93 	-6.93, 19.77, -6.92 	-6.84, 18.79 	13,20,50,379		1.07,1.07	1000,1 	0
2941    	21.77, -3.69, -8.93 	-6.93, 19.76, -6.92 	0.00, -0.00 	13,20,50,398		1.79,1.34	1000,1 	0
2950    	21.77, -3.70, -8.93 	-6.93, 19.75, -6.91 	0.00, -0.00 	13,20,50,408		0.67,0.67	1000,1 	0
2958    	21.76, -3.72, -8.92 	-6.95, 19.75, -6.91 	0.00, -0.00 	13,20,50,417		1.56,1.28	1000,1 	0
2967    	21.76, -3.72, -8.92 	-6.95, 19.75, -6.91 	0.00, -0.00 	13,20,50,427		0.00,0.00	1000,1 	0
2976    	21.76, -3.73, -8.92 	-6.95, 19.75, -6.91 	0.00, -0.00 	13,20,50,437		0.67,0.00	1000,1 	0
2984    	21.74, -3.75, -8.92 	-6.94, 19.76, -6.92 	0.00, -0.00 	13,20,50,446		1.92,0.95	1000,1 	0
2993    	21.76, -3.75, -8.92 	-6.93, 19.77, -6.92 	0.00, -0.00 	13,20,50,456		1.20,0.89	1000,1 	0
3002    	21.76, -3.73, -8.93 	-6.94, 19.76, -6.91 	0.00, -0.00 	13,20,50,466		1.33,0.89	1000,1 	0
3010    	21.78, -3.74, -8.93 	-6.94, 19.75, -6.91 	0.00, -0.00 	13,20,50,475		1.47,0.71	1000,1 	0
3019    	21.79, -3.75, -8.93 	-6.95, 19.75, -6.91 	0.00, -0.00 	13,20,50,485		0.90,0.60	1000,1 	0
3028    	21.78, -3.77, -8.93 	-6.95, 19.76, -6.91 	0.00, -0.00 	13,20,50,495		1.38,0.63	1000,1 	0
3036    	21.79, -3.77, -8.92 	-6.94, 19.76, -6.91 	0.00, -0.00 	13,20,50,504		0.64,0.64	1000,1 	0
3045    	21.80, -3.76, -8.92 	-6.94, 19.75, -6.92 	0.00, -0.00 	13,20,50,514		0.90,0.67	1000,1 	0
3054    	21.79, -3.77, -8.92 	-6.95, 19.75, -6.92 	0.00, -0.00 	13,20,50,524		0.90,0.60	1000,1 	0
3062    	21.80, -3.77, -8.92 	-6.95, 19.75, -6.92 	0.00, -0.00 	13,20,50,533		0.60,0.00	1000,1 	0
3071    	21.80, -3.78, -8.93 	-6.95, 19.76, -6.92 	0.00, -0.00 	13,20,50,543		0.67,0.67	1000,1 	0
3080    	21.81, -3.77, -8.93 	-6.95, 19.75, -6.92 	0.00, -0.00 	13,20,50,553		0.90,0.67	1000,1 	0
3088    	21.82, -3.78, -8.93 	-6.95, 19.75, -6.92 	0.00, -0.00 	13,20,50,562		0.90,0.00	1000,1 	0
3097    	21.81, -3.79, -8.94 	-6.94, 19.75, -6.92 	0.00, -0.00 	13,20,50,572		0.90,0.60	1000,1 	0
3106    	21.83, -3.79, -8.93 	-6.94, 19.75, -6.92 	0.00, -0.00 	13,20,50,582		1.20,0.00	1000,1 	0
3115    	21.83, -3.80, -8.93 	-6.95, 19.74, -6.92 	0.00, -0.00 	13,20,50,592		0.67,0.89	1000,1 	0
3123    	21.85, -3.79, -8.94 	-6.96, 19.74, -6.92 	0.00, -0.00 	13,20,50,601		1.47,0.64	1000,1 	0
3132    	21.83, -3.80, -8.93 	-6.95, 19.73, -6.92 	0.00, -0.00 	13,20,50,611		1.38,0.91	1000,1 	0
3141    	21.83, -3.80, -8.93 	-6.96, 19.73, -6.92 	0.00, -0.00 	13,20,50,621		0.00,0.60	1000,1 	0
3149    	21.85, -3.81, -8.93 	-6.97, 19.72, -6.91 	0.00, -0.00 	13,20,50,630		1.47,0.95	1000,1 	0
3158    	21.85, -3.81, -8.93 	-6.96, 19.72, -6.92 	0.00, -0.00 	13,20,50,640		0.00,0.60	1000,1 	0
3167    	21.83, -3.82, -8.93 	-6.97, 19.72, -6.91 	0.00, -0.00 	13,20,50,650		1.38,0.60	1000,1 	0
3175    	21.84, -3.82, -8.93 	-6.97, 19.71, -6.91 	0.00, -0.00 	13,20,50,659		0.64,0.71	1000,1 	0
3184    	21.86, -3.82, -8.94 	-6.97, 19.69, -6.90 	0.00, -0.00 	13,20,50,669		1.20,1.34	1000,1 	0
3193    	21.87, -3.85, -8.93 	-6.97, 19.69, -6.90 	0.00, -0.00 	13,20,50,679		1.46,0.00	1000,1 	0
3201    	21.89, -3.84, -8.93 	-6.97, 19.68, -6.91 	0.00, -0.00 	13,20,50,688		1.47,0.71	1000,1 	0
3210    	21.90, -3.85, -8.93 	-6.96, 19.68, -6.90 	0.00, -0.00 	13,20,50,698		0.90,0.60	1000,1 	0
3219    	21.90, -3.85, -8.93 	-6.97, 19.68, -6.91 	0.00, -0.00 	13,20,50,708		0.00,0.57	1000,1 	0
3227    	21.90, -3.87, -8.93 	-6.97, 19.67, -6.91 	0.00, -0.00 	13,20,50,717		1.42,0.71	1000,1 	0
3236    	21.90, -3.87, -8.93 	-6.97, 19.67, -6.90 	0.00, -0.00 	13,20,50,727		0.00,0.00	1000,1 	0
3245    	21.91, -3.89, -8.92 	-6.98, 19.67, -6.90 	0.00, -0.00 	13,20,50,737		1.46,0.60	1000,1 	0
3253    	21.90, -3.89, -8.93 	-6.98, 19.66, -6.90 	0.00, -0.00 	13,20,50,746		0.60,0.67	1000,1 	0
3262    	21.91, -3.89, -8.92 	-6.98, 19.65, -6.90 	0.00, -0.00 	13,20,50,756		0.60,0.67	1000,1 	0
3271    	21.91, -3.91, -8.93 	-6.96, 19.66, -6.90 	0.00, -0.00 	13,20,50,766		1.33,1.37	1000,1 	0
3279    	21.92, -3.91, -8.93 	-6.97, 19.65, -6.91 	0.00, -0.00 	13,20,50,775		0.60,0.89	1000,1 	0
3288    	21.94, -3.91, -8.93 	-6.98, 19.65, -6.90 	0.00, -0.00 	13,20,50,785		1.20,0.60	1000,1 	0
3297    	21.94, -3.91, -8.92 	-6.97, 19.65, -6.91 	0.00, -0.00 	13,20,50,795		0.60,0.60	1000,1 	0
3306    	21.95, -3.93, -8.91 	-6.97, 19.65, -6.91 	0.00, -0.00 	13,20,50,805		1.46,0.00	1000,1 	0
3314    	21.94, -3.92, -8.91 	-6.98, 19.65, -6.91 	0.00, -0.00 	13,20,50,814		0.96,0.64	1000,1 	0
3323    	21.94, -3.92, -8.92 	-6.97, 19.63, -6.91 	0.00, -0.00 	13,20,50,824		0.00,0.91	1000,1 	0
3332    	21.93, -3.94, -8.92 	-6.98, 19.63, -6.90 	0.00, -0.00 	13,20,50,834		1.80,0.60	1000,1 	0
3340    	21.94, -3.95, -8.92 	-6.98, 19.65, -6.91 	0.00, -0.00 	13,20,50,843		1.47,0.71	1000,1 	0
3349    	21.94, -3.96, -8.92 	-6.97, 19.63, -6.91 	0.00, -0.00 	13,20,50,853		0.67,0.91	1000,1 	0
3358    	21.94, -3.96, -8.92 	-6.96, 19.63, -6.91 	0.00, -0.00 	13,20,50,863		0.60,0.60	1000,1 	0
3366    	21.94, -3.95, -8.93 	-6.97, 19.63, -6.91 	0.00, -0.00 	13,20,50,872		0.96,0.64	1000,1 	0
3375    	21.94, -3.96, -8.93 	-6.96, 19.63, -6.91 	0.00, -0.00 	13,20,50,882		0.67,0.60	1000,1 	0
3384    	21.94, -3.98, -8.93 	-6.97, 19.63, -6.91 	0.00, -0.00 	13,20,50,892		1.33,0.60	1000,1 	0
3392    	21.95, -3.98, -8.92 	-6.97, 19.62, -6.91 	0.00, -0.00 	13,20,50,901		0.64,0.71	1000,1 	0
3401    	21.94, -4.00, -8.92 	-6.98, 19.62, -6.91 	0.00, -0.00 	13,20,50,911		0.90,0.60	1000,1 	0
3410    	21.94, -4.00, -8.92 	-6.98, 19.62, -6.90 	0.00, -0.00 	13,20,50,921		0.00,0.00	1000,1 	0
3418    	21.94, -4.00, -8.93 	-6.98, 19.62, -6.91 	0.00, -0.00 	13,20,50,930		0.00,0.00	1000,1 	0
3427    	21.95, -4.00, -8.92 	-6.99, 19.62, -6.91 	0.00, -0.00 	13,20,50,940		0.60,0.60	1000,1 	0
3436    	21.96, -4.01, -8.92 	-6.99, 19.62, -6.91 	0.00, -0.00 	13,20,50,950		0.90,0.00	1000,1 	0
3444    	21.96, -4.01, -8.93 	-6.98, 19.61, -6.91 	0.00, -0.00 	13,20,50,959		0.00,0.97	1000,1 	0
3453    	21.97, -4.01, -8.92 	-6.98, 19.61, -6.90 	0.00, -0.00 	13,20,50,969		0.60,0.00	1000,1 	0
3462    	22.00, -4.01, -8.92 	-6.99, 19.61, -6.90 	0.00, -0.00 	13,20,50,979		1.81,0.60	1000,1 	0
3470    	21.97, -4.02, -8.92 	-6.99, 19.61, -6.90 	0.00, -0.00 	13,20,50,988		2.05,0.00	1000,1 	0
3479    	21.98, -4.03, -8.91 	-6.98, 19.61, -6.90 	0.00, -0.00 	13,20,50,998		0.90,0.60	1000,1 	0
3488    	21.99, -4.04, -8.91 	-6.99, 19.61, -6.90 	0.00, -0.00 	13,20,51,8		0.90,0.60	1000,1 	0
3497    	21.99, -4.04, -8.91 	-6.99, 19.60, -6.90 	0.00, -0.00 	13,20,51,18		0.00,0.71	1000,1 	0
3505    	21.99, -4.07, -8.91 	-6.99, 19.60, -6.91 	0.00, -0.00 	13,20,51,27		2.13,0.00	1000,1 	0
3514    	21.98, -4.07, -8.91 	-6.99, 19.60, -6.90 	0.00, -0.00 	13,20,51,37		0.60,0.00	1000,1 	0
3523    	22.00, -4.07, -8.91 	-6.99, 19.61, -6.90 	0.00, -0.00 	13,20,51,47		1.28,0.71	1000,1 	0
3531    	21.99, -4.07, -8.91 	-6.99, 19.60, -6.90 	0.00, -0.00 	13,20,51,56		0.64,0.71	1000,1 	0
3540    	22.00, -4.08, -8.90 	-6.99, 19.60, -6.90 	0.00, -0.00 	13,20,51,66		0.90,0.00	1000,1 	0
3549    	22.01, -4.08, -8.90 	-6.99, 19.60, -6.90 	0.00, -0.00 	13,20,51,76		0.64,0.00	1000,1 	0
3557    	22.00, -4.07, -8.91 	-6.99, 19.60, -6.90 	0.00, -0.00 	13,20,51,85		0.96,0.00	1000,1 	0
3566    	22.02, -4.08, -8.91 	-6.99, 19.60, -6.90 	0.00, -0.00 	13,20,51,95		1.38,0.00	1000,1 	0
3575    	22.01, -4.08, -8.91 	-6.99, 19.59, -6.90 	0.00, -0.00 	13,20,51,105		0.64,0.71	1000,1 	0
3583    	22.01, -4.09, -8.91 	-6.99, 19.60, -6.90 	0.00, -0.00 	13,20,51,114		0.71,0.71	1000,1 	0
3592    	22.02, -4.09, -8.91 	-7.00, 19.60, -6.90 	0.00, -0.00 	13,20,51,124		0.60,0.60	1000,1 	0
3601    	22.01, -4.10, -8.90 	-6.99, 19.60, -6.90 	0.00, -0.00 	13,20,51,134		0.90,0.60	1000,1 	0
3609    	22.01, -4.10, -8.90 	-6.99, 19.60, -6.90 	0.00, -0.00 	13,20,51,143		0.00,0.00	1000,1 	0
3618    	22.00, -4.11, -8.90 	-7.00, 19.60, -6.90 	0.00, -0.00 	13,20,51,153		0.85,0.57	1000,1 	0
3627    	22.01, -4.12, -8.91 	-7.00, 19.60, -6.90 	0.00, -0.00 	13,20,51,163		0.90,0.00	1000,1 	0
3635    	22.01, -4.11, -8.91 	-6.99, 19.60, -6.91 	0.00, -0.00 	13,20,51,172		0.71,0.64	1000,1 	0
3644    	22.02, -4.11, -8.91 	-6.99, 19.60, -6.91 	0.00, -0.00 	13,20,51,182		0.60,0.00	1000,1 	0
3653    	22.02, -4.11, -8.92 	-6.99, 19.60, -6.90 	0.00, -0.00 	13,20,51,192		0.00,0.00	1000,1 	0
3661    	22.03, -4.10, -8.90 	-6.99, 19.60, -6.90 	0.00, -0.00 	13,20,51,201		0.96,0.00	1000,1 	0
3670    	22.03, -4.11, -8.90 	-6.99, 19.60, -6.91 	0.00, -0.00 	13,20,51,211		0.67,0.00	1000,1 	0
3679    	22.03, -4.12, -8.90 	-6.99, 19.60, -6.90 	0.00, -0.00 	13,20,51,221		0.67,0.00	1000,1 	0
3688    	22.03, -4.12, -8.90 	-6.99, 19.60, -6.90 	0.00, -0.00 	13,20,51,231		0.00,0.00	1000,1 	0
3696    	22.04, -4.12, -8.90 	-6.99, 19.60, -6.90 	0.00, -0.00 	13,20,51,240		0.64,0.00	1000,1 	0
3705    	22.05, -4.12, -8.90 	-7.00, 19.60, -6.90 	0.00, -0.00 	13,20,51,250		0.60,0.60	1000,1 	0
3714    	22.05, -4.12, -8.90 	-6.99, 19.60, -6.90 	0.00, -0.00 	13,20,51,260		0.00,0.64	1000,1 	0
3722    	22.05, -4.12, -8.90 	-6.99, 19.60, -6.90 	0.00, -0.00 	13,20,51,269		0.00,0.00	1000,1 	0
3731    	22.05, -4.13, -8.91 	-6.99, 19.60, -6.91 	0.00, -0.00 	13,20,51,279		0.67,0.00	1000,1 	0
3740    	22.05, -4.13, -8.90 	-6.99, 19.60, -6.91 	0.00, -0.00 	13,20,51,289		0.00,0.00	1000,1 	0
3748    	22.05, -4.12, -8.90 	-6.99, 19.59, -6.91 	0.00, -0.00 	13,20,51,298		0.71,0.71	1000,1 	0
3757    	22.07, -4.14, -8.90 	-6.99, 19.60, -6.91 	0.00, -0.00 	13,20,51,308		1.79,0.67	1000,1 	0
3766    	22.08, -4.12, -8.90 	-6.99, 19.59, -6.90 	0.00, -0.00 	13,20,51,318		1.46,0.67	1000,1 	0
3774    	22.08, -4.14, -8.89 	-6.99, 19.59, -6.90 	0.00, -0.00 	13,20,51,327		1.42,0.00	1000,1 	0
3783    	22.06, -4.14, -8.89 	-6.99, 19.59, -6.90 	0.00, -0.00 	13,20,51,337		1.13,0.00	1000,1 	0
3792    	22.08, -4.13, -8.90 	-7.00, 19.59, -6.90 	0.00, -0.00 	13,20,51,347		1.38,0.60	1000,1 	0
3800    	22.07, -4.13, -8.90 	-6.99, 19.59, -6.90 	0.00, -0.00 	13,20,51,356		0.64,0.64	1000,1 	0
3809    	22.09, -4.12, -8.91 	-7.00, 19.59, -6.90 	0.00, -0.00 	13,20,51,366		1.38,0.60	1000,1 	0
3818    	22.09, -4.10, -8.90 	-7.00, 19.58, -6.90 	0.00, -0.00 	13,20,51,376		1.33,0.67	1000,1 	0
3826    	22.08, -4.13, -8.90 	-7.00, 19.58, -6.90 	0.00, -0.00 	13,20,51,385		2.23,0.00	1000,1 	0
3835    	22.09, -4.13, -8.90 	-6.98, 19.55, -6.89 	0.00, -0.00 	13,20,51,395		0.60,2.35	1000,1 	0
3844    	22.10, -4.13, -8.90 	-6.97, 19.53, -6.89 	0.00, -0.00 	13,20,51,405		0.60,1.47	1000,1 	0
3852    	22.10, -4.17, -8.89 	-6.96, 19.50, -6.89 	0.00, -0.00 	13,20,51,414		2.13,2.24	1000,1 	0
3861    	22.11, -4.18, -8.89 	-6.94, 19.45, -6.89 	0.00, -0.00 	13,20,51,424		0.90,2.95	1000,1 	0
3870    	22.13, -4.17, -8.89 	-6.94, 19.40, -6.88 	0.00, -0.00 	13,20,51,434		1.38,3.34	1000,1 	0
3879    	22.12, -4.20, -8.89 	-6.93, 19.33, -6.88 	0.00, -0.00 	13,20,51,444		2.23,4.33	1000,1 	0
3887    	22.15, -4.22, -8.88 	-6.92, 19.24, -6.88 	0.00, -0.00 	13,20,51,453		2.39,6.46	1000,1 	0
3896    	22.14, -4.23, -8.91 	-6.88, 19.11, -6.87 	0.00, -0.00 	13,20,51,463		0.90,8.41	1000,1 	0
3905    	22.17, -4.24, -8.90 	-6.84, 18.92, -6.86 	0.00, -0.00 	13,20,51,473		1.81,11.58	1000,1 	0
3913    	22.19, -4.28, -8.89 	-6.77, 18.65, -6.84 	0.00, -0.00 	13,20,51,482		3.22,17.29	1000,1 	0
3922    	22.23, -4.34, -8.90 	-6.70, 18.37, -6.81 	0.00, -0.00 	13,20,51,492		3.87,16.88	1000,1 	0
3931    	22.27, -4.39, -8.89 	-6.62, 18.18, -6.79 	0.00, -0.00 	13,20,51,502		3.87,12.26	1000,1 	0
3939    	22.34, -4.44, -8.89 	-6.55, 17.96, -6.77 	0.00, -0.00 	13,20,51,511		5.05,13.25	1000,1 	0
3948    	22.41, -4.55, -8.87 	-6.45, 17.73, -6.75 	0.00, -0.00 	13,20,51,521		7.00,14.41	0,0 	0
3957    	22.49, -4.62, -8.86 	-6.34, 17.46, -6.75 	0.00, -0.00 	13,20,51,531		6.35,16.05	0,0 	0
3965    	22.56, -4.71, -8.89 	-6.22, 17.18, -6.74 	0.00, -0.00 	13,20,51,540		6.39,17.80	0,0 	0
3974    	22.63, -4.83, -8.89 	-6.11, 16.88, -6.71 	0.00, -0.00 	13,20,51,550		7.11,16.79	0,0 	0
3983    	22.72, -4.91, -8.90 	-5.96, 16.54, -6.69 	0.00, -0.00 	13,20,51,560		7.14,20.96	0,0 	0
3991    	22.86, -5.01, -8.90 	-5.76, 16.21, -6.69 	0.00, -0.00 	13,20,51,569		9.73,22.15	0,0 	0
4000    	22.97, -5.11, -8.88 	-5.61, 15.87, -6.71 	0.00, -0.00 	13,20,51,579		8.73,20.96	0,0 	0
4009    	23.10, -5.28, -8.84 	-5.50, 15.57, -6.75 	0.00, -0.00 	13,20,51,589		11.75,17.72	0,0 	0
4017    	23.19, -5.41, -8.82 	-5.41, 15.28, -6.81 	0.00, -0.00 	13,20,51,598		9.08,17.80	0,0 	0
4026    	23.27, -5.49, -8.82 	-5.32, 15.05, -6.90 	0.00, -0.00 	13,20,51,608		6.35,13.99	0,0 	0
4035    	23.29, -5.56, -8.81 	-5.27, 14.78, -6.97 	0.00, -0.00 	13,20,51,618		4.28,15.13	0,0 	0
4043    	23.36, -5.64, -8.79 	-5.27, 14.51, -7.02 	0.00, -0.00 	13,20,51,627		5.91,15.72	0,0 	0
4052    	23.35, -5.70, -8.80 	-5.22, 14.23, -7.09 	0.00, -0.00 	13,20,51,637		3.59,15.71	0,0 	0
4061    	23.41, -5.75, -8.80 	-5.15, 13.96, -7.16 	0.00, -0.00 	13,20,51,647		4.37,15.37	0,0 	0
4070    	23.43, -5.83, -8.81 	-5.03, 13.71, -7.24 	0.00, -0.00 	13,20,51,657		4.53,16.65	0,0 	0
4078    	23.50, -5.86, -8.81 	-4.91, 13.42, -7.30 	0.00, -0.00 	13,20,51,666		4.91,18.61	0,0 	0
4087    	23.56, -5.87, -8.82 	-4.80, 13.15, -7.35 	0.00, -0.00 	13,20,51,676		3.26,16.05	0,0 	0
4096    	23.67, -5.91, -8.83 	-4.70, 12.86, -7.39 	0.00, -0.00 	13,20,51,686		6.72,17.98	0,0 	0
4104    	23.81, -5.91, -8.86 	-4.56, 12.61, -7.45 	0.00, -0.00 	13,20,51,695		8.50,16.60	0,0 	0
4113    	23.97, -5.98, -8.85 	-4.47, 12.39, -7.53 	0.00, -0.00 	13,20,51,705		9.27,13.44	0,0 	0
4122    	24.12, -6.15, -8.85 	-4.44, 12.15, -7.61 	0.00, -0.00 	13,20,51,715		13.51,13.97	0,0 	0
4130    	24.18, -6.41, -8.85 	-4.37, 11.87, -7.66 	0.00, -0.00 	13,20,51,724		16.03,16.88	0,0 	0
4139    	24.32, -6.66, -8.87 	-4.24, 11.65, -7.72 	0.00, -0.00 	13,20,51,734		15.80,14.64	0,0 	0
4148    	24.44, -6.83, -8.87 	-4.06, 11.42, -7.77 	0.00, -0.00 	13,20,51,744		11.44,15.87	0,0 	0
4156    	24.56, -7.00, -8.87 	-3.93, 11.22, -7.81 	0.00, -0.00 	13,20,51,753		12.44,14.44	0,0 	0
4165    	24.65, -7.19, -8.87 	-3.81, 11.01, -7.85 	0.00, -0.00 	13,20,51,763		11.69,13.07	0,0 	0
4174    	24.83, -7.36, -8.90 	-3.68, 10.81, -7.88 	0.00, -0.00 	13,20,51,773		13.89,13.34	0,0 	0
4182    	25.02, -7.48, -8.92 	-3.53, 10.58, -7.88 	0.00, -0.00 	13,20,51,782		13.26,16.13	0,0 	0
4191    	25.23, -7.66, -8.91 	-3.40, 10.37, -7.88 	0.00, -0.00 	13,20,51,792		15.48,13.85	0,0 	0
4200    	25.36, -7.90, -8.87 	-3.25, 10.15, -7.88 	0.00, -0.00 	13,20,51,802		14.76,14.74	0,0 	0
4208    	25.48, -8.10, -8.84 	-3.11, 9.96, -7.89 	0.00, -0.00 	13,20,51,811		13.71,13.92	0,0 	0
4217    	25.63, -8.23, -8.83 	-2.94, 9.76, -7.90 	0.00, -0.00 	13,20,51,821		11.12,14.94	0,0 	0
4226    	25.75, -8.38, -8.81 	-2.77, 9.53, -7.88 	0.00, -0.00 	13,20,51,831		10.82,15.55	0,0 	0
4234    	25.84, -8.57, -8.83 	-2.59, 9.32, -7.88 	0.00, -0.00 	13,20,51,840		12.38,16.20	0,0 	0
4243    	25.97, -8.76, -8.84 	-2.41, 9.09, -7.88 	0.00, -0.00 	13,20,51,850		12.72,16.35	0,0 	0
4252    	26.10, -8.89, -8.88 	-2.20, 8.85, -7.84 	0.00, -0.00 	13,20,51,860		10.32,17.71	0,0 	0
4261    	26.33, -8.93, -8.92 	-1.98, 8.65, -7.83 	0.00, -0.00 	13,20,51,870		13.83,17.81	0,0 	0
4269    	26.52, -8.98, -8.93 	-1.76, 8.42, -7.80 	0.00, -0.00 	13,20,51,879		11.76,18.29	0,0 	0
4278    	26.72, -9.06, -8.92 	-1.59, 8.16, -7.78 	0.00, -0.00 	13,20,51,889		11.48,17.32	0,0 	0
4287    	26.93, -9.23, -8.92 	-1.39, 7.90, -7.73 	0.00, -0.00 	13,20,51,899		15.99,19.01	0,0 	0
4297    	27.12, -9.44, -8.89 	-1.26, 7.62, -7.66 	0.00, -0.00 	13,20,51,910		16.89,18.28	0,0 	0
4305    	27.24, -9.66, -8.85 	-1.12, 7.35, -7.61 	0.00, -0.00 	13,20,51,918		15.15,19.42	0,0 	0
4314    	27.26, -9.80, -8.83 	-1.09, 7.10, -7.58 	0.00, -0.00 	13,20,51,928		8.94,14.59	0,0 	0
4322    	27.35, -9.90, -8.83 	-0.93, 6.85, -7.55 	0.00, -0.00 	13,20,51,937		8.08,18.26	0,0 	0
4331    	27.44, -9.91, -8.88 	-0.82, 6.65, -7.54 	0.00, -0.00 	13,20,51,947		5.14,13.83	0,0 	0
4340    	27.54, -9.91, -8.92 	-0.68, 6.42, -7.51 	0.00, -0.00 	13,20,51,957		6.23,15.51	0,0 	0
4348    	27.63, -9.93, -8.93 	-0.58, 6.21, -7.48 	0.00, -0.00 	13,20,51,966		5.58,14.74	0,0 	0
4357    	27.76, -10.00, -8.94 	-0.47, 6.01, -7.48 	0.00, -0.00 	13,20,51,976		7.81,12.55	0,0 	0
4366    	27.86, -10.11, -8.94 	-0.30, 5.80, -7.49 	0.00, -0.00 	13,20,51,986		9.29,15.95	0,0 	0
4374    	27.99, -10.19, -8.93 	-0.15, 5.58, -7.46 	0.00, -0.00 	13,20,51,995		9.11,16.59	0,0 	0
4383    	28.14, -10.30, -8.91 	-0.14, 5.35, -7.43 	0.00, -0.00 	13,20,52,5		11.02,13.84	0,0 	0
4392    	28.18, -10.40, -8.89 	-0.13, 5.17, -7.43 	0.00, -0.00 	13,20,52,15		6.66,10.72	0,0 	0
4400    	28.22, -10.49, -8.88 	-0.11, 5.00, -7.40 	0.00, -0.00 	13,20,52,24		5.84,10.78	0,0 	0
4409    	28.28, -10.56, -8.87 	-0.10, 4.81, -7.40 	0.00, -0.00 	13,20,52,34		5.55,10.72	0,0 	0
4418    	28.33, -10.62, -8.86 	-0.09, 4.66, -7.38 	0.00, -0.00 	13,20,52,44		4.62,8.83	0,0 	0
4426    	28.35, -10.62, -8.89 	-0.08, 4.51, -7.37 	0.00, -0.00 	13,20,52,53		1.20,9.38	0,0 	0
4435    	28.41, -10.63, -8.89 	-0.05, 4.36, -7.38 	0.00, -0.00 	13,20,52,63		3.46,8.99	0,0 	0
4444    	28.47, -10.66, -8.90 	-0.03, 4.17, -7.36 	0.00, -0.00 	13,20,52,73		3.88,11.39	0,0 	0
4453    	28.53, -10.69, -8.91 	0.01, 4.03, -7.38 	0.00, -0.00 	13,20,52,83		4.13,9.05	0,0 	0
4461    	28.63, -10.71, -8.88 	0.09, 3.86, -7.38 	0.00, -0.00 	13,20,52,92		6.75,11.79	0,0 	0
4470    	28.68, -10.78, -8.89 	0.08, 3.70, -7.39 	0.00, -0.00 	13,20,52,102		4.71,9.44	0,0 	0
4479    	28.72, -10.85, -8.88 	0.11, 3.51, -7.37 	0.00, -0.00 	13,20,52,112		5.25,12.19	0,0 	0
4487    	28.76, -10.95, -8.86 	0.08, 3.31, -7.39 	0.00, -0.00 	13,20,52,121		6.46,12.80	0,0 	0
4496    	28.80, -10.98, -8.87 	0.04, 3.11, -7.37 	0.00, -0.00 	13,20,52,131		3.40,11.63	0,0 	0
4505    	28.82, -11.03, -8.86 	-0.08, 2.89, -7.36 	0.00, -0.00 	13,20,52,141		3.33,14.76	0,0 	0
4513    	28.81, -11.12, -8.85 	-0.13, 2.69, -7.33 	0.00, -0.00 	13,20,52,150		5.36,13.15	0,0 	0
4522    	28.79, -11.17, -8.84 	-0.17, 2.53, -7.32 	0.00, -0.00 	13,20,52,160		3.33,9.67	0,0 	0
4531    	28.80, -11.16, -8.85 	-0.10, 2.40, -7.33 	0.00, -0.00 	13,20,52,170		0.85,8.58	0,0 	0
4539    	28.82, -11.17, -8.85 	-0.13, 2.26, -7.35 	0.00, -0.00 	13,20,52,179		1.38,8.85	0,0 	0
4548    	28.83, -11.18, -8.84 	-0.17, 2.13, -7.35 	0.00, -0.00 	13,20,52,189		0.84,7.85	0,0 	0
4557    	28.86, -11.16, -8.84 	-0.18, 1.97, -7.34 	0.00, -0.00 	13,20,52,199		2.11,9.44	0,0 	0
4565    	28.89, -11.16, -8.84 	-0.21, 1.80, -7.33 	0.00, -0.00 	13,20,52,208		1.81,10.92	0,0 	0
4574    	28.89, -11.17, -8.85 	-0.23, 1.65, -7.30 	0.00, -0.00 	13,20,52,218		0.63,8.86	0,0 	0
4583    	28.91, -11.20, -8.84 	-0.32, 1.51, -7.27 	0.00, -0.00 	13,20,52,228		2.19,9.57	0,0 	0
4591    	28.89, -11.22, -8.83 	-0.42, 1.43, -7.27 	0.00, -0.00 	13,20,52,237		1.80,8.44	0,0 	0
4600    	28.91, -11.21, -8.84 	-0.45, 1.32, -7.27 	0.00, -0.00 	13,20,52,247		1.30,6.49	0,0 	0
