#Time 	Sensor1         Sensor2         Target          Time            Vel             
#================================================================

17      	30.53, -14.72, -7.55 	-0.08, 0.71, -6.67 	12.99, 7.50 	13,22,39,622		0.00,0.00	0,0 	0
23      	30.55, -14.75, -7.53 	-0.07, 0.70, -6.66 	12.99, 7.50 	13,22,39,630		6.22,2.42	0,0 	0
32      	30.55, -14.74, -7.53 	-0.08, 0.72, -6.68 	12.99, 7.50 	13,22,39,640		1.18,2.62	0,0 	0
41      	30.55, -14.74, -7.53 	-0.07, 0.70, -6.67 	12.99, 7.50 	13,22,39,650		0.00,2.62	0,0 	0
49      	30.55, -14.75, -7.53 	-0.07, 0.72, -6.66 	12.99, 7.50 	13,22,39,659		1.33,2.67	0,0 	0
58      	30.55, -14.75, -7.53 	-0.07, 0.71, -6.66 	12.99, 7.50 	13,22,39,669		0.00,1.19	0,0 	0
68      	30.55, -14.74, -7.53 	-0.10, 0.73, -6.66 	12.99, 7.50 	13,22,39,680		1.07,3.62	0,0 	0
75      	30.59, -14.72, -7.54 	-0.10, 0.75, -6.68 	12.99, 7.50 	13,22,39,688		6.29,3.05	0,0 	0
84      	30.58, -14.73, -7.55 	-0.10, 0.73, -6.66 	12.99, 7.50 	13,22,39,698		1.60,2.38	0,0 	0
93      	30.58, -14.73, -7.55 	-0.09, 0.73, -6.66 	12.99, 7.50 	13,22,39,708		0.00,1.07	0,0 	0
101     	30.55, -14.76, -7.55 	-0.10, 0.74, -6.66 	12.99, 7.50 	13,22,39,717		5.39,1.81	0,0 	0
110     	30.55, -14.77, -7.56 	-0.13, 0.74, -6.66 	12.99, 7.50 	13,22,39,727		1.18,3.21	0,0 	0
119     	30.54, -14.76, -7.54 	-0.09, 0.77, -6.65 	12.99, 7.50 	13,22,39,737		1.60,5.53	0,0 	0
127     	30.57, -14.74, -7.54 	-0.11, 0.75, -6.66 	12.99, 7.50 	13,22,39,746		4.49,3.57	0,0 	0
136     	30.58, -14.74, -7.54 	-0.12, 0.75, -6.67 	12.99, 7.50 	13,22,39,756		1.07,1.07	0,0 	0
145     	30.57, -14.74, -7.54 	-0.13, 0.77, -6.68 	12.99, 7.50 	13,22,39,766		1.07,2.62	0,0 	0
154     	30.62, -14.71, -7.55 	-0.10, 0.78, -6.68 	12.99, 7.50 	13,22,39,776		6.43,3.40	0,0 	0
162     	30.62, -14.71, -7.55 	-0.13, 0.77, -6.68 	12.99, 7.50 	13,22,39,785		0.00,3.83	0,0 	0
171     	30.60, -14.70, -7.53 	-0.09, 0.77, -6.68 	12.99, 7.50 	13,22,39,795		2.45,4.28	0,0 	0
180     	30.56, -14.73, -7.54 	-0.16, 0.75, -6.67 	12.99, 7.50 	13,22,39,805		5.56,7.82	0,0 	0
188     	30.59, -14.78, -7.53 	-0.09, 0.76, -6.67 	12.99, 7.50 	13,22,39,814		7.57,8.51	0,0 	0
197     	30.51, -14.81, -7.55 	-0.14, 0.78, -6.66 	12.99, 7.50 	13,22,39,824		9.27,5.88	0,0 	0
206     	30.51, -14.81, -7.54 	-0.10, 0.78, -6.66 	12.99, 7.50 	13,22,39,834		1.07,4.28	0,0 	0
214     	30.51, -14.82, -7.55 	-0.13, 0.78, -6.66 	12.99, 7.50 	13,22,39,843		1.80,3.61	0,0 	0
223     	30.51, -14.81, -7.54 	-0.11, 0.77, -6.65 	12.99, 7.50 	13,22,39,853		1.60,2.46	0,0 	0
232     	30.51, -14.81, -7.54 	-0.14, 0.78, -6.65 	12.99, 7.50 	13,22,39,863		0.00,3.44	0,0 	0
240     	30.53, -14.78, -7.55 	-0.11, 0.79, -6.66 	12.99, 7.50 	13,22,39,872		5.39,3.83	0,0 	0
249     	30.53, -14.79, -7.55 	-0.13, 0.81, -6.66 	12.99, 7.50 	13,22,39,882		1.18,2.46	0,0 	0
258     	30.53, -14.79, -7.55 	-0.11, 0.81, -6.65 	12.99, 7.50 	13,22,39,892		0.00,2.14	0,0 	0
266     	30.57, -14.76, -7.53 	-0.14, 0.83, -6.67 	12.99, 7.50 	13,22,39,901		6.26,4.52	0,0 	0
275     	30.62, -14.67, -7.56 	-0.12, 0.83, -6.65 	12.99, 7.50 	13,22,39,911		11.93,2.14	0,0 	0
284     	30.63, -14.70, -7.53 	-0.14, 0.82, -6.65 	12.99, 7.50 	13,22,39,921		3.71,2.43	0,0 	0
292     	30.61, -14.65, -7.55 	-0.14, 0.83, -6.66 	12.99, 7.50 	13,22,39,930		5.84,1.34	0,0 	0
301     	30.57, -14.65, -7.55 	-0.13, 0.85, -6.66 	12.99, 7.50 	13,22,39,940		4.28,2.59	0,0 	0
311     	30.56, -14.65, -7.55 	-0.15, 0.86, -6.65 	12.99, 7.50 	13,22,39,951		0.96,2.22	0,0 	0
318     	30.65, -14.60, -7.55 	-0.15, 0.85, -6.66 	12.99, 7.50 	13,22,39,959		14.54,1.53	0,0 	0
327     	30.65, -14.60, -7.55 	-0.14, 0.85, -6.66 	12.99, 7.50 	13,22,39,969		0.00,1.07	0,0 	0
336     	30.65, -14.60, -7.55 	-0.14, 0.85, -6.66 	12.99, 7.50 	13,22,39,979		0.00,0.00	0,0 	0
345     	30.65, -14.59, -7.54 	-0.14, 0.85, -6.67 	12.99, 7.50 	13,22,39,989		1.18,0.00	0,0 	0
353     	30.61, -14.62, -7.55 	-0.15, 0.86, -6.66 	12.99, 7.50 	13,22,39,998		6.26,1.81	0,0 	0
362     	30.61, -14.67, -7.53 	-0.16, 0.85, -6.66 	12.99, 7.50 	13,22,40,8		4.74,1.59	0,0 	0
371     	30.61, -14.65, -7.53 	-0.16, 0.85, -6.65 	12.99, 7.50 	13,22,40,18		1.18,0.00	0,0 	0
379     	30.58, -14.70, -7.54 	-0.16, 0.85, -6.67 	12.99, 7.50 	13,22,40,27		6.44,0.00	0,0 	0
388     	30.57, -14.70, -7.54 	-0.15, 0.85, -6.67 	12.99, 7.50 	13,22,40,37		1.07,1.07	0,0 	0
397     	30.57, -14.70, -7.54 	-0.15, 0.86, -6.66 	12.99, 7.50 	13,22,40,47		0.00,1.19	0,0 	0
405     	30.57, -14.70, -7.54 	-0.15, 0.86, -6.66 	12.99, 7.50 	13,22,40,56		0.00,0.00	0,0 	0
414     	30.57, -14.71, -7.55 	-0.14, 0.88, -6.66 	12.99, 7.50 	13,22,40,66		1.18,2.59	0,0 	0
423     	30.57, -14.71, -7.55 	-0.14, 0.86, -6.68 	12.99, 7.50 	13,22,40,76		0.00,2.38	0,0 	0
431     	30.56, -14.69, -7.52 	-0.14, 0.86, -6.68 	12.99, 7.50 	13,22,40,85		2.92,0.00	0,0 	0
440     	30.56, -14.70, -7.52 	-0.14, 0.86, -6.68 	12.99, 7.50 	13,22,40,95		1.18,0.00	0,0 	0
449     	30.58, -14.73, -7.51 	-0.13, 0.88, -6.68 	12.99, 7.50 	13,22,40,105		4.15,2.59	0,0 	0
457     	30.58, -14.73, -7.51 	-0.13, 0.88, -6.68 	12.99, 7.50 	13,22,40,114		0.00,0.00	0,0 	0
466     	30.58, -14.73, -7.51 	-0.14, 0.87, -6.70 	12.99, 7.50 	13,22,40,124		0.00,1.59	0,0 	0
476     	30.51, -14.76, -7.51 	-0.18, 0.86, -6.70 	12.99, 7.50 	13,22,40,135		8.35,3.98	0,0 	0
483     	30.51, -14.76, -7.51 	-0.15, 0.87, -6.70 	12.99, 7.50 	13,22,40,143		0.00,4.38	0,0 	0
492     	30.51, -14.78, -7.50 	-0.16, 0.86, -6.69 	12.99, 7.50 	13,22,40,153		2.37,1.59	0,0 	0
501     	30.51, -14.78, -7.50 	-0.16, 0.86, -6.69 	12.99, 7.50 	13,22,40,163		0.00,0.00	0,0 	0
510     	30.51, -14.78, -7.50 	-0.15, 0.87, -6.68 	12.99, 7.50 	13,22,40,173		0.00,1.59	0,0 	0
518     	30.51, -14.78, -7.50 	-0.13, 0.87, -6.68 	12.99, 7.50 	13,22,40,182		0.00,2.41	0,0 	0
527     	30.51, -14.79, -7.51 	-0.16, 0.85, -6.68 	12.99, 7.50 	13,22,40,192		1.60,3.96	0,0 	0
536     	30.48, -14.87, -7.48 	-0.14, 0.85, -6.67 	12.99, 7.50 	13,22,40,202		9.33,2.14	0,0 	0
544     	30.52, -14.85, -7.49 	-0.14, 0.86, -6.67 	12.99, 7.50 	13,22,40,211		6.59,1.34	0,0 	0
553     	30.53, -14.88, -7.48 	-0.13, 0.87, -6.68 	12.99, 7.50 	13,22,40,221		3.71,1.59	0,0 	0
562     	30.53, -14.88, -7.47 	-0.13, 0.86, -6.68 	12.99, 7.50 	13,22,40,231		0.00,1.19	0,0 	0
570     	30.49, -14.86, -7.47 	-0.18, 0.85, -6.68 	12.99, 7.50 	13,22,40,240		6.58,6.14	0,0 	0
579     	30.49, -14.86, -7.48 	-0.17, 0.86, -6.68 	12.99, 7.50 	13,22,40,250		0.00,1.59	0,0 	0
588     	30.49, -14.86, -7.48 	-0.17, 0.86, -6.68 	12.99, 7.50 	13,22,40,260		0.00,0.00	0,0 	0
596     	30.50, -14.89, -7.46 	-0.18, 0.87, -6.68 	12.99, 7.50 	13,22,40,269		4.17,1.81	0,0 	0
605     	30.50, -14.89, -7.46 	-0.18, 0.89, -6.68 	12.99, 7.50 	13,22,40,279		0.00,2.38	0,0 	0
614     	30.50, -14.89, -7.46 	-0.18, 0.88, -6.68 	12.99, 7.50 	13,22,40,289		0.00,1.19	0,0 	0
622     	30.54, -14.87, -7.46 	-0.17, 0.89, -6.69 	12.99, 7.50 	13,22,40,298		6.59,1.78	0,0 	0
631     	30.55, -14.91, -7.42 	-0.17, 0.89, -6.69 	12.99, 7.50 	13,22,40,308		4.85,0.00	0,0 	0
640     	30.52, -14.95, -7.43 	-0.18, 0.90, -6.69 	12.99, 7.50 	13,22,40,318		5.72,1.61	0,0 	0
648     	30.51, -14.94, -7.43 	-0.18, 0.90, -6.70 	12.99, 7.50 	13,22,40,327		1.79,0.00	0,0 	0
657     	30.51, -14.93, -7.43 	-0.19, 0.90, -6.69 	12.99, 7.50 	13,22,40,337		1.18,1.07	0,0 	0
667     	30.51, -14.94, -7.43 	-0.17, 0.90, -6.70 	12.99, 7.50 	13,22,40,348		1.07,1.92	0,0 	0
674     	30.51, -14.94, -7.43 	-0.19, 0.88, -6.69 	12.99, 7.50 	13,22,40,356		0.00,4.08	0,0 	0
683     	30.51, -14.94, -7.43 	-0.18, 0.88, -6.68 	12.99, 7.50 	13,22,40,366		0.00,1.07	0,0 	0
692     	30.51, -14.94, -7.43 	-0.21, 0.92, -6.69 	12.99, 7.50 	13,22,40,376		0.00,5.77	0,0 	0
701     	30.52, -14.96, -7.44 	-0.21, 0.89, -6.68 	12.99, 7.50 	13,22,40,386		2.60,3.56	0,0 	0
709     	30.51, -14.95, -7.42 	-0.20, 0.91, -6.69 	12.99, 7.50 	13,22,40,395		1.80,2.91	0,0 	0
718     	30.51, -14.94, -7.42 	-0.15, 0.92, -6.68 	12.99, 7.50 	13,22,40,405		1.18,5.46	0,0 	0
727     	30.53, -14.98, -7.40 	-0.18, 0.91, -6.67 	12.99, 7.50 	13,22,40,415		5.20,3.40	0,0 	0
735     	30.49, -14.97, -7.41 	-0.18, 0.93, -6.70 	12.99, 7.50 	13,22,40,424		6.17,2.67	0,0 	0
744     	30.49, -14.98, -7.41 	-0.20, 0.93, -6.68 	12.99, 7.50 	13,22,40,434		1.18,2.14	0,0 	0
753     	30.49, -14.97, -7.42 	-0.16, 0.92, -6.67 	12.99, 7.50 	13,22,40,444		1.18,4.46	0,0 	0
761     	30.47, -15.05, -7.42 	-0.19, 0.91, -6.67 	12.99, 7.50 	13,22,40,453		9.63,3.83	0,0 	0
770     	30.46, -15.05, -7.42 	-0.18, 0.93, -6.68 	12.99, 7.50 	13,22,40,463		1.07,2.59	0,0 	0
779     	30.47, -15.08, -7.40 	-0.18, 0.93, -6.68 	12.99, 7.50 	13,22,40,473		3.71,0.00	0,0 	0
787     	30.51, -15.06, -7.40 	-0.18, 0.93, -6.68 	12.99, 7.50 	13,22,40,482		6.59,0.00	0,0 	0
796     	30.51, -15.06, -7.40 	-0.15, 0.94, -6.66 	12.99, 7.50 	13,22,40,492		0.00,3.40	0,0 	0
805     	30.57, -14.98, -7.43 	-0.18, 0.96, -6.68 	12.99, 7.50 	13,22,40,502		10.49,3.44	0,0 	0
813     	30.53, -14.97, -7.43 	-0.16, 0.98, -6.68 	12.99, 7.50 	13,22,40,511		5.00,3.57	0,0 	0
822     	30.53, -14.97, -7.40 	-0.18, 0.96, -6.67 	12.99, 7.50 	13,22,40,521		0.00,3.17	0,0 	0
831     	30.51, -15.03, -7.41 	-0.17, 0.97, -6.68 	12.99, 7.50 	13,22,40,531		6.30,1.59	0,0 	0
839     	30.51, -15.04, -7.40 	-0.17, 0.96, -6.68 	12.99, 7.50 	13,22,40,540		1.33,1.34	0,0 	0
848     	30.51, -15.04, -7.40 	-0.16, 0.94, -6.67 	12.99, 7.50 	13,22,40,550		0.00,1.61	0,0 	0
857     	30.49, -15.06, -7.40 	-0.20, 0.93, -6.66 	12.99, 7.50 	13,22,40,560		3.99,4.42	0,0 	0
865     	30.48, -15.06, -7.42 	-0.18, 0.96, -6.68 	12.99, 7.50 	13,22,40,569		1.20,3.57	0,0 	0
874     	30.48, -15.06, -7.42 	-0.18, 0.96, -6.68 	12.99, 7.50 	13,22,40,579		0.00,0.00	0,0 	0
883     	30.48, -15.06, -7.42 	-0.18, 0.94, -6.67 	12.99, 7.50 	13,22,40,589		0.00,1.19	0,0 	0
892     	30.50, -15.03, -7.42 	-0.18, 0.94, -6.69 	12.99, 7.50 	13,22,40,599		4.79,0.00	0,0 	0
900     	30.50, -15.02, -7.41 	-0.19, 0.96, -6.69 	12.99, 7.50 	13,22,40,608		1.79,1.81	0,0 	0
909     	30.49, -15.09, -7.40 	-0.19, 0.96, -6.70 	12.99, 7.50 	13,22,40,618		8.36,0.00	0,0 	0
918     	30.40, -15.12, -7.40 	-0.15, 0.96, -6.70 	12.99, 7.50 	13,22,40,628		10.27,4.28	0,0 	0
926     	30.40, -15.12, -7.37 	-0.19, 0.94, -6.68 	12.99, 7.50 	13,22,40,637		0.00,4.97	0,0 	0
935     	30.41, -15.13, -7.38 	-0.16, 0.94, -6.68 	12.99, 7.50 	13,22,40,647		1.60,3.21	0,0 	0
944     	30.41, -15.13, -7.38 	-0.18, 0.94, -6.68 	12.99, 7.50 	13,22,40,657		0.00,2.14	0,0 	0
952     	30.37, -15.12, -7.38 	-0.16, 0.94, -6.68 	12.99, 7.50 	13,22,40,666		5.00,2.41	0,0 	0
961     	30.37, -15.14, -7.39 	-0.18, 0.94, -6.68 	12.99, 7.50 	13,22,40,676		2.37,2.14	0,0 	0
970     	30.38, -15.18, -7.38 	-0.15, 0.94, -6.68 	12.99, 7.50 	13,22,40,686		3.71,3.21	0,0 	0
978     	30.41, -15.14, -7.39 	-0.18, 0.94, -6.67 	12.99, 7.50 	13,22,40,695		5.39,3.61	0,0 	0
987     	30.40, -15.11, -7.40 	-0.16, 0.94, -6.68 	12.99, 7.50 	13,22,40,705		3.71,2.14	0,0 	0
996     	30.44, -15.08, -7.41 	-0.18, 0.94, -6.68 	12.99, 7.50 	13,22,40,715		5.56,2.14	0,0 	0
1004    	30.40, -15.11, -7.40 	-0.17, 0.91, -6.67 	12.99, 7.50 	13,22,40,724		6.26,4.20	1000,1 	0
1013    	30.43, -15.09, -7.37 	-0.13, 0.92, -6.67 	12.99, 7.50 	13,22,40,734		3.99,4.42	1000,1 	0
1023    	30.43, -15.09, -7.37 	-0.20, 0.92, -6.67 	12.99, 7.50 	13,22,40,745		0.00,6.74	1000,1 	0
1030    	30.43, -15.09, -7.37 	-0.16, 0.92, -6.67 	12.99, 7.50 	13,22,40,753		0.00,5.50	1000,1 	0
1039    	30.44, -15.12, -7.38 	-0.18, 0.94, -6.68 	12.99, 7.50 	13,22,40,763		3.71,3.22	1000,1 	0
1049    	30.44, -15.13, -7.39 	-0.16, 0.96, -6.68 	12.99, 7.50 	13,22,40,774		1.07,2.19	1000,1 	0
1057    	30.43, -15.10, -7.41 	-0.20, 0.94, -6.68 	12.99, 7.50 	13,22,40,783		4.17,4.97	1000,1 	0
1065    	30.43, -15.10, -7.41 	-0.17, 0.96, -6.68 	12.99, 7.50 	13,22,40,792		0.00,3.83	1000,1 	0
1074    	30.50, -15.05, -7.41 	-0.17, 0.96, -6.68 	12.99, 7.50 	13,22,40,802		10.41,0.00	1000,1 	0
1083    	30.50, -15.06, -7.39 	-0.18, 0.94, -6.68 	12.99, 7.50 	13,22,40,812		1.18,1.59	1000,1 	0
1091    	30.48, -15.12, -7.38 	-0.19, 0.93, -6.68 	12.99, 7.50 	13,22,40,821		8.77,1.78	1000,1 	0
1100    	30.43, -15.12, -7.38 	-0.19, 0.94, -6.69 	12.99, 7.50 	13,22,40,831		5.35,1.19	1000,1 	0
1109    	30.45, -15.16, -7.37 	-0.19, 0.94, -6.69 	12.99, 7.50 	13,22,40,841		4.15,0.00	1000,1 	0
1117    	30.45, -15.16, -7.37 	-0.19, 0.94, -6.69 	12.99, 7.50 	13,22,40,850		0.00,0.00	1000,1 	0
1126    	30.45, -15.17, -7.37 	-0.19, 0.94, -6.69 	12.99, 7.50 	13,22,40,860		1.18,0.00	1000,1 	0
1135    	30.41, -15.20, -7.38 	-0.19, 0.94, -6.69 	12.99, 7.50 	13,22,40,870		5.56,0.00	1000,1 	0
1143    	30.41, -15.20, -7.38 	-0.20, 0.94, -6.68 	12.99, 7.50 	13,22,40,879		0.00,1.20	1000,1 	0
1152    	30.40, -15.20, -7.38 	-0.19, 0.94, -6.68 	12.99, 7.50 	13,22,40,889		1.07,1.07	1000,1 	0
1161    	30.49, -15.12, -7.38 	-0.20, 0.93, -6.67 	12.99, 7.50 	13,22,40,899		12.71,1.59	1000,1 	0
1169    	30.48, -15.13, -7.38 	-0.17, 0.94, -6.67 	12.99, 7.50 	13,22,40,908		1.80,3.83	1000,1 	0
1178    	30.48, -15.13, -7.38 	-0.20, 0.93, -6.66 	12.99, 7.50 	13,22,40,918		0.00,3.40	1000,1 	0
1187    	30.45, -15.18, -7.39 	-0.19, 0.97, -6.68 	12.99, 7.50 	13,22,40,928		5.72,3.71	1000,1 	0
1195    	30.46, -15.21, -7.37 	-0.20, 0.97, -6.68 	12.99, 7.50 	13,22,40,937		4.17,1.20	1000,1 	0
1204    	30.49, -15.16, -7.37 	-0.18, 0.96, -6.67 	12.99, 7.50 	13,22,40,947		6.74,2.46	1000,1 	0
1214    	30.50, -15.16, -7.37 	-0.16, 0.96, -6.67 	12.99, 7.50 	13,22,40,958		1.93,1.92	1000,1 	0
1221    	30.46, -15.18, -7.33 	-0.18, 0.96, -6.67 	12.99, 7.50 	13,22,40,966		7.53,2.75	1000,1 	0
1230    	30.46, -15.18, -7.34 	-0.18, 0.97, -6.68 	12.99, 7.50 	13,22,40,976		0.00,1.19	1000,1 	0
1239    	30.49, -15.16, -7.34 	-0.13, 0.97, -6.68 	12.99, 7.50 	13,22,40,986		3.99,5.35	1000,1 	0
1248    	30.51, -15.11, -7.35 	-0.22, 0.96, -6.68 	12.99, 7.50 	13,22,40,996		5.72,9.68	1000,1 	0
1256    	30.50, -15.11, -7.35 	-0.16, 0.97, -6.67 	12.99, 7.50 	13,22,41,5		1.20,7.32	1000,1 	0
1265    	30.50, -15.17, -7.33 	-0.20, 0.96, -6.68 	12.99, 7.50 	13,22,41,15		6.02,4.42	1000,1 	0
1274    	30.47, -15.24, -7.33 	-0.18, 0.98, -6.67 	12.99, 7.50 	13,22,41,25		8.89,3.17	1000,1 	0
1282    	30.42, -15.23, -7.33 	-0.22, 0.96, -6.68 	12.99, 7.50 	13,22,41,34		6.17,5.47	1000,1 	0
1291    	30.47, -15.21, -7.33 	-0.24, 0.96, -6.68 	12.99, 7.50 	13,22,41,44		5.85,2.14	1000,1 	0
1300    	30.46, -15.18, -7.34 	-0.22, 0.98, -6.68 	12.99, 7.50 	13,22,41,54		3.71,3.17	1000,1 	0
1308    	30.49, -15.14, -7.34 	-0.23, 0.98, -6.68 	12.99, 7.50 	13,22,41,63		5.39,1.20	1000,1 	0
1317    	30.46, -15.22, -7.33 	-0.26, 0.97, -6.67 	12.99, 7.50 	13,22,41,73		8.89,3.40	1000,1 	0
1326    	30.46, -15.22, -7.33 	-0.26, 0.97, -6.67 	12.99, 7.50 	13,22,41,83		0.00,0.00	1000,1 	0
1334    	30.41, -15.25, -7.33 	-0.24, 0.97, -6.68 	12.99, 7.50 	13,22,41,92		7.23,2.41	1000,1 	0
1343    	30.39, -15.21, -7.32 	-0.26, 0.96, -6.69 	12.99, 7.50 	13,22,41,102		5.20,2.43	1000,1 	0
1352    	30.40, -15.22, -7.33 	-0.24, 0.93, -6.68 	12.99, 7.50 	13,22,41,112		1.60,3.22	1000,1 	0
1360    	30.41, -15.25, -7.32 	-0.26, 0.95, -6.68 	12.99, 7.50 	13,22,41,121		4.17,2.77	1000,1 	0
1369    	30.43, -15.27, -7.30 	-0.22, 0.91, -6.66 	12.99, 7.50 	13,22,41,131		3.19,5.61	1000,1 	0
1378    	30.46, -15.26, -7.32 	-0.24, 0.93, -6.66 	12.99, 7.50 	13,22,41,141		3.42,3.22	1000,1 	0
1386    	30.48, -15.30, -7.32 	-0.24, 0.95, -6.66 	12.99, 7.50 	13,22,41,150		5.84,1.34	1000,1 	0
1395    	30.39, -15.33, -7.30 	-0.19, 0.94, -6.67 	12.99, 7.50 	13,22,41,160		9.92,5.35	1000,1 	0
1404    	30.40, -15.37, -7.27 	-0.19, 0.93, -6.68 	12.99, 7.50 	13,22,41,170		4.85,1.19	1000,1 	0
1412    	30.41, -15.40, -7.28 	-0.19, 0.94, -6.69 	12.99, 7.50 	13,22,41,179		4.17,1.34	1000,1 	0
1421    	30.40, -15.38, -7.31 	-0.21, 0.93, -6.66 	12.99, 7.50 	13,22,41,189		2.60,2.43	1000,1 	0
1430    	30.40, -15.40, -7.27 	-0.23, 0.93, -6.67 	12.99, 7.50 	13,22,41,199		2.37,2.14	1000,1 	0
1439    	30.38, -15.47, -7.26 	-0.21, 0.91, -6.66 	12.99, 7.50 	13,22,41,209		8.56,3.22	1000,1 	0
1447    	30.43, -15.50, -7.23 	-0.22, 0.89, -6.66 	12.99, 7.50 	13,22,41,218		6.58,2.91	1000,1 	0
1456    	30.47, -15.50, -7.22 	-0.22, 0.88, -6.65 	12.99, 7.50 	13,22,41,228		4.28,1.19	1000,1 	0
1465    	30.38, -15.66, -7.20 	-0.22, 0.87, -6.64 	12.99, 7.50 	13,22,41,238		20.21,1.19	1000,1 	0
1473    	30.42, -15.65, -7.16 	-0.24, 0.90, -6.65 	12.99, 7.50 	13,22,41,247		5.00,4.71	1000,1 	0
1482    	30.35, -15.72, -7.16 	-0.21, 0.92, -6.64 	12.99, 7.50 	13,22,41,257		11.18,3.96	1000,1 	0
1491    	30.31, -15.77, -7.15 	-0.18, 0.91, -6.64 	12.99, 7.50 	13,22,41,267		7.31,3.44	1000,1 	0
1499    	30.20, -15.95, -7.10 	-0.20, 0.89, -6.64 	12.99, 7.50 	13,22,41,276		26.87,3.57	1000,1 	0
1508    	30.31, -15.99, -7.08 	-0.17, 0.89, -6.64 	12.99, 7.50 	13,22,41,286		13.32,3.21	1000,1 	0
1517    	30.34, -16.01, -7.10 	-0.17, 0.89, -6.66 	12.99, 7.50 	13,22,41,296		3.99,0.00	1000,1 	0
1525    	30.33, -16.07, -7.06 	-0.14, 0.88, -6.66 	12.99, 7.50 	13,22,41,305		8.08,3.87	1000,1 	0
1534    	30.40, -16.15, -7.03 	-0.12, 0.89, -6.66 	12.99, 7.50 	13,22,41,315		11.17,2.43	1000,1 	0
1543    	30.38, -16.26, -7.03 	-0.07, 0.86, -6.67 	12.99, 7.50 	13,22,41,325		13.20,6.47	1000,1 	0
1551    	30.44, -16.37, -6.96 	-0.05, 0.87, -6.67 	12.99, 7.50 	13,22,41,334		15.15,2.73	1000,1 	0
1560    	30.33, -16.58, -6.87 	-0.01, 0.85, -6.68 	12.99, 7.50 	13,22,41,344		26.45,5.88	1000,1 	0
1569    	30.30, -16.71, -6.79 	0.01, 0.83, -6.65 	12.99, 7.50 	13,22,41,354		14.57,3.22	1000,1 	0
1577    	30.26, -16.91, -6.75 	0.06, 0.82, -6.64 	12.99, 7.50 	13,22,41,363		25.76,6.02	1000,1 	0
1586    	30.37, -16.95, -6.70 	0.04, 0.81, -6.67 	12.99, 7.50 	13,22,41,373		12.30,2.43	1000,1 	0
1595    	30.31, -17.01, -6.72 	0.18, 0.77, -6.65 	12.99, 7.50 	13,22,41,383		9.58,15.78	1000,1 	0
1603    	30.29, -17.04, -6.74 	0.27, 0.74, -6.64 	12.99, 7.50 	13,22,41,392		4.67,12.74	1000,1 	0
1612    	30.33, -17.09, -6.71 	0.40, 0.68, -6.63 	12.99, 7.50 	13,22,41,402		7.30,15.20	1000,1 	0
1621    	30.45, -17.18, -6.64 	0.60, 0.65, -6.63 	12.99, 7.50 	13,22,41,412		16.83,22.79	1000,1 	0
1630    	30.40, -17.21, -6.63 	0.80, 0.59, -6.63 	12.99, 7.50 	13,22,41,422		7.34,23.32	1000,1 	0
1638    	30.38, -17.35, -6.55 	1.00, 0.51, -6.63 	12.99, 7.50 	13,22,41,431		17.48,26.48	1000,1 	0
1647    	30.40, -17.45, -6.53 	1.20, 0.44, -6.61 	12.99, 7.50 	13,22,41,441		10.87,23.66	1000,1 	0
1656    	30.33, -17.56, -6.51 	1.37, 0.34, -6.59 	12.99, 7.50 	13,22,41,451		15.03,22.16	1000,1 	0
1664    	30.30, -17.84, -6.42 	1.53, 0.32, -6.60 	12.99, 7.50 	13,22,41,460		34.82,19.47	1000,1 	0
1673    	30.25, -17.97, -6.39 	1.74, 0.30, -6.57 	12.99, 7.50 	13,22,41,470		15.18,23.68	1000,1 	0
1682    	30.32, -18.07, -6.41 	1.93, 0.29, -6.58 	12.99, 7.50 	13,22,41,480		14.01,21.44	1000,1 	0
1690    	30.27, -18.16, -6.38 	2.10, 0.28, -6.54 	12.99, 7.50 	13,22,41,489		12.24,20.45	1000,1 	0
1699    	30.33, -18.23, -6.39 	2.32, 0.27, -6.54 	12.99, 7.50 	13,22,41,499		10.48,24.64	1000,1 	0
1708    	30.41, -18.30, -6.37 	2.50, 0.23, -6.53 	12.99, 7.50 	13,22,41,509		11.96,20.94	1000,1 	0
1716    	30.58, -18.34, -6.34 	2.71, 0.26, -6.56 	12.99, 7.50 	13,22,41,518		21.15,26.71	1000,1 	0
1725    	30.63, -18.51, -6.34 	2.98, 0.30, -6.57 	12.99, 7.50 	13,22,41,528		19.68,30.24	1000,1 	0
1734    	30.69, -18.74, -6.30 	3.21, 0.33, -6.61 	12.99, 7.50 	13,22,41,538		25.96,25.86	1000,1 	0
1742    	30.67, -19.00, -6.24 	3.43, 0.37, -6.64 	12.99, 7.50 	13,22,41,547		33.38,28.10	1000,1 	0
1751    	30.61, -19.05, -6.24 	3.61, 0.42, -6.67 	12.99, 7.50 	13,22,41,557		9.55,20.06	1000,1 	0
1760    	30.54, -19.37, -6.18 	3.85, 0.52, -6.68 	12.99, 7.50 	13,22,41,567		36.30,29.64	1000,1 	0
1768    	30.52, -19.41, -6.20 	4.09, 0.61, -6.73 	12.99, 7.50 	13,22,41,576		4.67,32.22	1000,1 	0
1777    	30.61, -19.40, -6.24 	4.35, 0.67, -6.78 	12.99, 7.50 	13,22,41,586		9.71,29.63	1000,1 	0
1786    	30.62, -19.49, -6.28 	4.62, 0.82, -6.83 	12.99, 7.50 	13,22,41,596		10.87,34.03	1000,1 	0
1794    	30.78, -19.45, -6.28 	4.90, 0.86, -6.84 	12.99, 7.50 	13,22,41,605		19.99,35.21	1000,1 	0
1803    	30.84, -19.51, -6.30 	5.13, 0.94, -6.89 	12.99, 7.50 	13,22,41,615		9.57,27.23	1000,1 	0
1813    	30.95, -19.59, -6.25 	5.36, 0.97, -6.89 	12.99, 7.50 	13,22,41,626		13.75,23.27	1000,1 	0
1821    	31.06, -19.75, -6.24 	5.56, 1.11, -6.96 	12.99, 7.50 	13,22,41,635		23.96,30.44	1000,1 	0
1829    	31.15, -19.78, -6.28 	5.77, 1.24, -7.01 	12.99, 7.50 	13,22,41,644		12.69,30.74	1000,1 	0
1838    	31.08, -19.80, -6.24 	5.95, 1.33, -7.02 	12.99, 7.50 	13,22,41,654		8.89,21.88	1000,1 	0
1847    	31.29, -19.85, -6.31 	6.16, 1.42, -7.07 	12.99, 7.50 	13,22,41,664		24.28,25.24	1000,1 	0
1855    	31.24, -19.89, -6.35 	6.36, 1.57, -7.13 	12.99, 7.50 	13,22,41,673		7.23,32.01	1000,1 	0
1864    	31.26, -19.98, -6.40 	6.62, 1.70, -7.20 	12.99, 7.50 	13,22,41,683		10.87,32.01	1000,1 	0
1873    	31.35, -19.97, -6.39 	6.79, 1.77, -7.23 	12.99, 7.50 	13,22,41,693		9.71,20.85	1000,1 	0
1881    	31.36, -20.04, -6.47 	6.99, 1.90, -7.29 	12.99, 7.50 	13,22,41,702		8.08,29.72	1000,1 	0
1890    	31.54, -19.99, -6.52 	7.12, 1.97, -7.33 	12.99, 7.50 	13,22,41,712		20.88,16.09	1000,1 	0
1899    	31.58, -20.11, -6.50 	7.36, 2.10, -7.41 	12.99, 7.50 	13,22,41,722		13.70,30.11	1000,1 	0
1907    	31.62, -20.23, -6.53 	7.47, 2.18, -7.48 	12.99, 7.50 	13,22,41,731		15.42,17.08	1000,1 	0
1916    	31.74, -20.28, -6.57 	7.58, 2.25, -7.51 	12.99, 7.50 	13,22,41,741		15.12,14.30	1000,1 	0
1926    	31.73, -20.43, -6.59 	7.63, 2.28, -7.57 	12.99, 7.50 	13,22,41,751		14.95,6.56	1000,1 	0
1934    	31.74, -20.52, -6.61 	7.75, 2.31, -7.63 	12.99, 7.50 	13,22,41,760		10.72,14.92	1000,1 	0
1943    	31.71, -20.42, -6.63 	7.85, 2.42, -7.71 	12.99, 7.50 	13,22,41,770		11.13,16.59	1000,1 	0
1952    	31.70, -20.46, -6.66 	7.92, 2.44, -7.77 	12.99, 7.50 	13,22,41,780		4.86,7.82	1000,1 	0
1960    	31.93, -20.39, -6.70 	8.05, 2.54, -7.85 	12.99, 7.50 	13,22,41,789		30.37,20.42	1000,1 	0
1969    	32.04, -20.38, -6.74 	8.26, 2.65, -7.94 	12.99, 7.50 	13,22,41,799		11.83,26.19	1000,1 	0
1978    	32.18, -20.40, -6.76 	8.43, 2.76, -8.00 	12.99, 7.50 	13,22,41,809		16.23,22.47	1000,1 	0
1986    	32.25, -20.44, -6.80 	8.60, 2.79, -8.06 	12.99, 7.50 	13,22,41,818		9.97,21.96	1000,1 	0
1995    	32.42, -20.56, -6.77 	8.76, 2.87, -8.11 	12.99, 7.50 	13,22,41,828		23.25,19.45	1000,1 	0
2004    	32.47, -20.58, -6.79 	8.85, 2.97, -8.17 	12.99, 7.50 	13,22,41,838		5.85,15.01	1000,1 	0
2013    	32.48, -20.63, -6.81 	9.04, 3.09, -8.22 	12.99, 7.50 	13,22,41,848		6.01,25.52	1000,1 	0
2021    	32.45, -20.73, -6.82 	9.16, 3.18, -8.27 	12.99, 7.50 	13,22,41,857		12.52,17.83	1000,1 	0
2030    	32.41, -20.85, -6.76 	9.34, 3.27, -8.30 	12.99, 7.50 	13,22,41,867		13.71,22.81	1000,1 	0
2039    	32.50, -20.81, -6.78 	9.44, 3.36, -8.34 	12.99, 7.50 	13,22,41,877		10.27,14.20	1000,1 	0
2047    	32.43, -20.86, -6.82 	9.60, 3.49, -8.38 	12.99, 7.50 	13,22,41,886		9.97,26.63	1000,1 	0
2056    	32.62, -20.88, -6.81 	9.74, 3.64, -8.41 	12.99, 7.50 	13,22,41,896		20.47,22.93	1000,1 	0
2065    	32.65, -20.75, -6.83 	9.94, 3.78, -8.45 	12.99, 7.50 	13,22,41,906		14.57,27.06	1000,1 	0
2073    	32.67, -20.88, -6.82 	10.13, 3.91, -8.44 	12.99, 7.50 	13,22,41,915		16.38,28.71	1000,1 	0
2082    	32.79, -20.89, -6.84 	10.35, 4.07, -8.46 	12.99, 7.50 	13,22,41,925		12.90,29.30	1000,1 	0
2091    	32.83, -20.91, -6.77 	10.56, 4.27, -8.46 	12.99, 7.50 	13,22,41,935		4.89,32.35	1000,1 	0
2099    	32.85, -20.98, -6.73 	10.77, 4.44, -8.48 	12.99, 7.50 	13,22,41,944		9.63,33.77	1000,1 	0
2108    	32.88, -21.07, -6.70 	10.94, 4.58, -8.44 	12.99, 7.50 	13,22,41,954		10.00,25.25	1000,1 	0
2117    	32.78, -21.09, -6.68 	11.03, 4.65, -8.40 	12.99, 7.50 	13,22,41,964		10.96,12.76	1000,1 	0
2125    	32.90, -21.09, -6.68 	11.14, 4.77, -8.36 	12.99, 7.50 	13,22,41,973		14.45,20.64	1000,1 	0
2134    	32.87, -21.07, -6.69 	11.30, 4.90, -8.31 	12.99, 7.50 	13,22,41,983		3.99,22.93	1000,1 	0
2143    	32.88, -21.14, -6.66 	11.51, 5.09, -8.27 	12.99, 7.50 	13,22,41,993		8.35,31.55	1000,1 	0
2151    	32.88, -21.09, -6.68 	11.70, 5.24, -8.20 	12.99, 7.50 	13,22,42,2		6.66,30.25	1000,1 	0
2160    	32.94, -21.08, -6.63 	11.89, 5.43, -8.17 	12.99, 7.50 	13,22,42,12		7.59,29.27	1000,1 	0
2169    	32.93, -21.07, -6.61 	12.07, 5.61, -8.13 	12.99, 7.50 	13,22,42,22		1.60,28.43	1000,1 	0
2178    	32.96, -21.12, -6.60 	12.19, 5.69, -8.05 	12.99, 7.50 	13,22,42,32		6.73,16.09	1000,1 	0
2186    	32.98, -21.20, -6.50 	12.24, 5.67, -7.98 	12.99, 7.50 	13,22,42,41		9.63,6.18	1000,1 	0
2196    	32.99, -21.29, -6.51 	12.22, 5.64, -7.88 	12.99, 7.50 	13,22,42,52		9.64,3.72	1000,1 	0
2204    	32.99, -21.37, -6.42 	12.25, 5.60, -7.79 	12.99, 7.50 	13,22,42,61		9.32,6.50	1000,1 	0
2212    	32.91, -21.34, -6.36 	12.29, 5.60, -7.71 	12.99, 7.50 	13,22,42,70		11.55,4.81	1000,1 	0
2221    	32.79, -21.35, -6.35 	12.31, 5.67, -7.66 	12.99, 7.50 	13,22,42,80		12.90,8.55	1000,1 	0
2230    	32.77, -21.39, -6.35 	12.39, 5.73, -7.59 	12.99, 7.50 	13,22,42,90		5.20,11.23	1000,1 	0
2238    	32.84, -21.38, -6.27 	12.42, 5.75, -7.51 	12.99, 7.50 	13,22,42,99		8.53,4.46	1000,1 	0
2247    	32.97, -21.42, -6.18 	12.46, 5.78, -7.41 	12.99, 7.50 	13,22,42,109		15.71,5.53	1000,1 	0
2256    	32.90, -21.52, -6.17 	12.56, 5.79, -7.29 	12.99, 7.50 	13,22,42,119		13.67,10.74	1000,1 	0
2264    	32.97, -21.58, -6.04 	12.60, 5.74, -7.17 	12.99, 7.50 	13,22,42,128		12.51,9.06	1000,1 	0
2273    	33.04, -21.67, -6.01 	12.60, 5.67, -7.04 	12.99, 7.50 	13,22,42,138		12.07,7.19	1000,1 	0
2282    	33.03, -21.70, -5.94 	12.62, 5.64, -6.96 	12.99, 7.50 	13,22,42,148		3.71,4.83	1000,1 	0
2290    	32.96, -21.76, -5.89 	12.61, 5.65, -6.94 	12.99, 7.50 	13,22,42,157		11.62,1.81	1000,1 	0
2299    	32.83, -21.78, -5.88 	12.60, 5.61, -6.91 	12.99, 7.50 	13,22,42,167		15.17,5.18	1000,1 	0
2308    	32.87, -21.87, -5.81 	12.50, 5.61, -6.92 	12.99, 7.50 	13,22,42,177		10.39,10.69	1000,1 	0
2316    	32.85, -21.84, -5.76 	12.45, 5.66, -6.93 	12.99, 7.50 	13,22,42,186		4.66,9.06	1000,1 	0
2325    	32.85, -21.84, -5.75 	12.43, 5.71, -6.91 	12.99, 7.50 	13,22,42,196		0.00,5.24	1000,1 	0
2334    	32.90, -21.80, -5.78 	12.46, 5.74, -6.92 	12.99, 7.50 	13,22,42,206		6.43,4.76	1000,1 	0
2342    	32.91, -21.82, -5.76 	12.45, 5.76, -6.91 	12.99, 7.50 	13,22,42,215		2.75,2.95	1000,1 	0
2351    	32.90, -21.89, -5.75 	12.45, 5.78, -6.90 	12.99, 7.50 	13,22,42,225		8.36,2.38	1000,1 	0
2360    	32.85, -21.92, -5.74 	12.44, 5.85, -6.91 	12.99, 7.50 	13,22,42,235		7.34,8.40	1000,1 	0
2369    	32.88, -21.98, -5.69 	12.45, 5.90, -6.89 	12.99, 7.50 	13,22,42,245		6.73,4.85	1000,1 	0
2377    	32.87, -22.05, -5.64 	12.41, 5.94, -6.87 	12.99, 7.50 	13,22,42,254		9.40,7.25	1000,1 	0
2387    	32.80, -22.12, -5.66 	12.36, 5.98, -6.86 	12.99, 7.50 	13,22,42,265		10.06,6.49	1000,1 	0
2395    	32.73, -22.05, -5.63 	12.37, 5.99, -6.85 	12.99, 7.50 	13,22,42,274		12.56,1.78	1000,1 	0
2403    	32.74, -22.00, -5.62 	12.34, 6.02, -6.83 	12.99, 7.50 	13,22,42,283		6.77,4.52	1000,1 	0
2412    	32.78, -22.02, -5.60 	12.36, 6.08, -6.84 	12.99, 7.50 	13,22,42,293		4.89,7.41	1000,1 	0
2421    	32.68, -22.08, -5.58 	12.36, 6.12, -6.84 	12.99, 7.50 	13,22,42,303		12.85,4.75	1000,1 	0
2429    	32.67, -22.06, -5.58 	12.38, 6.17, -6.83 	12.99, 7.50 	13,22,42,312		2.92,5.83	1000,1 	0
2438    	32.75, -22.09, -5.57 	12.40, 6.21, -6.84 	12.99, 7.50 	13,22,42,322		9.27,5.18	1000,1 	0
2447    	32.74, -22.08, -5.59 	12.40, 6.22, -6.84 	12.99, 7.50 	13,22,42,332		1.60,1.19	1000,1 	0
2455    	32.77, -22.11, -5.59 	12.40, 6.22, -6.81 	12.99, 7.50 	13,22,42,341		5.38,0.00	1000,1 	0
2464    	32.70, -22.11, -5.60 	12.40, 6.25, -6.82 	12.99, 7.50 	13,22,42,351		7.49,3.56	1000,1 	0
2473    	32.77, -22.12, -5.55 	12.37, 6.25, -6.82 	12.99, 7.50 	13,22,42,361		7.59,3.21	1000,1 	0
2481    	32.75, -22.16, -5.56 	12.39, 6.28, -6.81 	12.99, 7.50 	13,22,42,370		4.67,4.64	1000,1 	0
2490    	32.71, -22.22, -5.53 	12.38, 6.31, -6.83 	12.99, 7.50 	13,22,42,380		8.30,3.74	1000,1 	0
2499    	32.67, -22.16, -5.49 	12.39, 6.33, -6.82 	12.99, 7.50 	13,22,42,390		8.29,1.59	1000,1 	0
2507    	32.63, -22.21, -5.48 	12.37, 6.36, -6.82 	12.99, 7.50 	13,22,42,399		8.22,4.71	1000,1 	0
2516    	32.67, -22.20, -5.47 	12.41, 6.39, -6.84 	12.99, 7.50 	13,22,42,409		4.44,5.53	1000,1 	0
2525    	32.66, -22.17, -5.48 	12.44, 6.40, -6.85 	12.99, 7.50 	13,22,42,419		3.71,3.40	1000,1 	0
2533    	32.65, -22.17, -5.47 	12.42, 6.43, -6.85 	12.99, 7.50 	13,22,42,428		1.20,4.71	1000,1 	0
2542    	32.63, -22.23, -5.46 	12.46, 6.46, -6.85 	12.99, 7.50 	13,22,42,438		7.42,5.53	1000,1 	0
2551    	32.64, -22.25, -5.43 	12.43, 6.45, -6.84 	12.99, 7.50 	13,22,42,448		2.60,3.40	1000,1 	0
2560    	32.66, -22.33, -5.42 	12.44, 6.46, -6.84 	12.99, 7.50 	13,22,42,458		8.56,1.59	1000,1 	0
2568    	32.66, -22.25, -5.37 	12.44, 6.47, -6.83 	12.99, 7.50 	13,22,42,467		9.32,1.34	1000,1 	0
2578    	32.68, -22.27, -5.38 	12.44, 6.45, -6.82 	12.99, 7.50 	13,22,42,478		2.87,2.14	1000,1 	0
2586    	32.63, -22.29, -5.41 	12.43, 6.47, -6.83 	12.99, 7.50 	13,22,42,487		6.59,2.95	1000,1 	0
2594    	32.60, -22.35, -5.41 	12.42, 6.47, -6.83 	12.99, 7.50 	13,22,42,496		8.22,1.20	1000,1 	0
2603    	32.62, -22.29, -5.40 	12.45, 6.53, -6.83 	12.99, 7.50 	13,22,42,506		6.30,7.27	1000,1 	0
2612    	32.62, -22.28, -5.41 	12.45, 6.52, -6.83 	12.99, 7.50 	13,22,42,516		1.18,1.59	1000,1 	0
2620    	32.55, -22.29, -5.42 	12.45, 6.54, -6.83 	12.99, 7.50 	13,22,42,525		8.54,2.91	1000,1 	0
2629    	32.70, -22.26, -5.44 	12.47, 6.55, -6.83 	12.99, 7.50 	13,22,42,535		17.49,2.43	1000,1 	0
2638    	32.66, -22.20, -5.38 	12.45, 6.55, -6.83 	12.99, 7.50 	13,22,42,545		8.29,2.14	1000,1 	0
2646    	32.69, -22.21, -5.36 	12.47, 6.56, -6.84 	12.99, 7.50 	13,22,42,554		3.85,2.73	1000,1 	0
2655    	32.66, -22.27, -5.37 	12.46, 6.55, -6.82 	12.99, 7.50 	13,22,42,564		7.80,1.59	1000,1 	0
2664    	32.63, -22.33, -5.37 	12.45, 6.56, -6.82 	12.99, 7.50 	13,22,42,574		6.74,1.61	1000,1 	0
2672    	32.60, -22.27, -5.37 	12.44, 6.58, -6.82 	12.99, 7.50 	13,22,42,583		8.22,3.62	1000,1 	0
2681    	32.56, -22.34, -5.33 	12.44, 6.57, -6.82 	12.99, 7.50 	13,22,42,593		8.30,1.19	1000,1 	0
2690    	32.56, -22.34, -5.33 	12.44, 6.58, -6.81 	12.99, 7.50 	13,22,42,603		0.00,1.19	1000,1 	0
2698    	32.49, -22.34, -5.35 	12.41, 6.60, -6.82 	12.99, 7.50 	13,22,42,612		8.43,4.52	1000,1 	0
2707    	32.49, -22.34, -5.38 	12.43, 6.61, -6.82 	12.99, 7.50 	13,22,42,622		0.00,2.43	1000,1 	0
2716    	32.47, -22.32, -5.32 	12.42, 6.64, -6.82 	12.99, 7.50 	13,22,42,632		3.19,2.62	1000,1 	0
2725    	32.56, -22.29, -5.35 	12.41, 6.62, -6.82 	12.99, 7.50 	13,22,42,642		9.92,1.59	1000,1 	0
2733    	32.54, -22.37, -5.34 	12.41, 6.64, -6.82 	12.99, 7.50 	13,22,42,651		9.63,1.34	1000,1 	0
2742    	32.55, -22.39, -5.30 	12.43, 6.64, -6.82 	12.99, 7.50 	13,22,42,661		2.60,2.14	1000,1 	0
2751    	32.57, -22.42, -5.31 	12.43, 6.66, -6.82 	12.99, 7.50 	13,22,42,671		4.15,2.38	1000,1 	0
2759    	32.55, -22.50, -5.29 	12.42, 6.65, -6.81 	12.99, 7.50 	13,22,42,680		9.63,1.78	1000,1 	0
2768    	32.55, -22.50, -5.29 	12.42, 6.64, -6.81 	12.99, 7.50 	13,22,42,690		0.00,1.19	1000,1 	0
2777    	32.52, -22.52, -5.30 	12.42, 6.65, -6.81 	12.99, 7.50 	13,22,42,700		3.99,1.19	1000,1 	0
2785    	32.49, -22.52, -5.32 	12.43, 6.66, -6.82 	12.99, 7.50 	13,22,42,709		3.61,1.78	1000,1 	0
2795    	32.51, -22.56, -5.25 	12.42, 6.65, -6.82 	12.99, 7.50 	13,22,42,720		4.68,1.43	1000,1 	0
2803    	32.48, -22.52, -5.26 	12.42, 6.66, -6.82 	12.99, 7.50 	13,22,42,729		6.43,1.34	1000,1 	0
2811    	32.54, -22.47, -5.28 	12.42, 6.66, -6.81 	12.99, 7.50 	13,22,42,738		9.83,0.00	1000,1 	0
2820    	32.57, -22.52, -5.26 	12.40, 6.65, -6.81 	12.99, 7.50 	13,22,42,748		6.73,2.43	1000,1 	0
2829    	32.50, -22.53, -5.28 	12.39, 6.64, -6.81 	12.99, 7.50 	13,22,42,758		7.59,1.59	1000,1 	0
2837    	32.55, -22.59, -5.29 	12.39, 6.64, -6.80 	12.99, 7.50 	13,22,42,767		10.00,0.00	1000,1 	0
2846    	32.53, -22.65, -5.29 	12.38, 6.61, -6.80 	12.99, 7.50 	13,22,42,777		6.30,2.59	1000,1 	0
2855    	32.45, -22.65, -5.30 	12.36, 6.67, -6.79 	12.99, 7.50 	13,22,42,787		8.56,6.34	1000,1 	0
2863    	32.46, -22.68, -5.28 	12.36, 6.67, -6.80 	12.99, 7.50 	13,22,42,796		4.17,0.00	1000,1 	0
2872    	32.47, -22.69, -5.27 	12.37, 6.69, -6.81 	12.99, 7.50 	13,22,42,806		1.60,2.59	1000,1 	0
2881    	32.44, -22.74, -5.24 	12.36, 6.68, -6.80 	12.99, 7.50 	13,22,42,816		6.74,1.59	1000,1 	0
2889    	32.41, -22.73, -5.26 	12.38, 6.69, -6.81 	12.99, 7.50 	13,22,42,825		3.85,2.73	1000,1 	0
2898    	32.45, -22.68, -5.27 	12.40, 6.69, -6.80 	12.99, 7.50 	13,22,42,835		7.31,2.14	1000,1 	0
2907    	32.53, -22.69, -5.21 	12.42, 6.69, -6.80 	12.99, 7.50 	13,22,42,845		8.64,2.14	1000,1 	0
2916    	32.47, -22.68, -5.23 	12.44, 6.70, -6.81 	12.99, 7.50 	13,22,42,855		6.53,3.40	1000,1 	0
2924    	32.43, -22.73, -5.23 	12.42, 6.71, -6.80 	12.99, 7.50 	13,22,42,864		8.22,2.77	1000,1 	0
2933    	32.39, -22.78, -5.19 	12.41, 6.71, -6.80 	12.99, 7.50 	13,22,42,874		7.31,2.14	1000,1 	0
2941    	32.46, -22.75, -5.20 	12.39, 6.69, -6.80 	0.00, -0.00 	13,22,42,893		8.29,3.17	1000,1 	0
2951    	32.40, -22.77, -5.23 	12.41, 6.72, -6.80 	0.00, -0.00 	13,22,42,904		6.16,3.72	1000,1 	0
2959    	32.41, -22.81, -5.20 	12.40, 6.73, -6.81 	0.00, -0.00 	13,22,42,913		4.17,1.81	1000,1 	0
2967    	32.35, -22.84, -5.23 	12.41, 6.71, -6.80 	0.00, -0.00 	13,22,42,922		7.34,2.62	1000,1 	0
2976    	32.35, -22.84, -5.23 	12.41, 6.73, -6.80 	0.00, -0.00 	13,22,42,932		0.00,2.33	1000,1 	0
2985    	32.39, -22.90, -5.18 	12.41, 6.72, -6.79 	0.00, -0.00 	13,22,42,942		8.29,1.59	1000,1 	0
2993    	32.37, -22.86, -5.19 	12.42, 6.72, -6.80 	0.00, -0.00 	13,22,42,951		5.20,2.14	1000,1 	0
3002    	32.39, -22.87, -5.19 	12.40, 6.72, -6.80 	0.00, -0.00 	13,22,42,961		2.20,2.89	1000,1 	0
3011    	32.40, -22.89, -5.15 	12.40, 6.73, -6.80 	0.00, -0.00 	13,22,42,971		2.60,1.19	1000,1 	0
3019    	32.38, -22.87, -5.18 	12.40, 6.73, -6.79 	0.00, -0.00 	13,22,42,980		3.19,0.00	1000,1 	0
3028    	32.39, -22.88, -5.13 	12.42, 6.73, -6.79 	0.00, -0.00 	13,22,42,990		1.44,2.89	1000,1 	0
3037    	32.38, -22.85, -5.14 	12.41, 6.73, -6.80 	0.00, -0.00 	13,22,43,0		3.34,0.96	1000,1 	0
3045    	32.37, -22.83, -5.15 	12.43, 6.75, -6.80 	0.00, -0.00 	13,22,43,9		2.60,3.17	1000,1 	0
3054    	32.36, -22.84, -5.15 	12.43, 6.75, -6.81 	0.00, -0.00 	13,22,43,19		1.44,0.00	1000,1 	0
3063    	32.37, -22.83, -5.17 	12.42, 6.76, -6.81 	0.00, -0.00 	13,22,43,29		1.44,1.45	1000,1 	0
3071    	32.44, -22.78, -5.17 	12.43, 6.74, -6.80 	0.00, -0.00 	13,22,43,38		8.87,2.62	1000,1 	0
3080    	32.48, -22.76, -5.18 	12.43, 6.75, -6.81 	0.00, -0.00 	13,22,43,48		4.40,1.07	1000,1 	0
3089    	32.49, -22.77, -5.14 	12.42, 6.75, -6.81 	0.00, -0.00 	13,22,43,58		1.44,0.96	1000,1 	0
3098    	32.47, -22.82, -5.15 	12.42, 6.75, -6.82 	0.00, -0.00 	13,22,43,68		5.20,0.00	1000,1 	0
3106    	32.47, -22.81, -5.15 	12.41, 6.75, -6.81 	0.00, -0.00 	13,22,43,77		1.18,1.07	1000,1 	0
3115    	32.42, -22.84, -5.18 	12.42, 6.76, -6.80 	0.00, -0.00 	13,22,43,87		5.78,1.43	1000,1 	0
3124    	32.44, -22.89, -5.17 	12.43, 6.75, -6.81 	0.00, -0.00 	13,22,43,97		6.29,1.61	1000,1 	0
3132    	32.45, -22.89, -5.12 	12.43, 6.77, -6.81 	0.00, -0.00 	13,22,43,106		1.07,2.38	1000,1 	0
3142    	32.46, -22.80, -5.14 	12.43, 6.77, -6.80 	0.00, -0.00 	13,22,43,117		9.64,0.00	1000,1 	0
3150    	32.48, -22.82, -5.15 	12.43, 6.77, -6.81 	0.00, -0.00 	13,22,43,126		3.59,0.00	1000,1 	0
3158    	32.51, -22.85, -5.14 	12.43, 6.77, -6.81 	0.00, -0.00 	13,22,43,135		4.79,0.00	1000,1 	0
3168    	32.52, -22.86, -5.14 	12.43, 6.77, -6.81 	0.00, -0.00 	13,22,43,146		1.44,0.00	1000,1 	0
3176    	32.53, -22.87, -5.15 	12.43, 6.77, -6.81 	0.00, -0.00 	13,22,43,155		1.79,0.00	1000,1 	0
3184    	32.59, -22.84, -5.12 	12.45, 6.77, -6.81 	0.00, -0.00 	13,22,43,164		7.34,2.14	1000,1 	0
3193    	32.48, -22.88, -5.08 	12.44, 6.78, -6.82 	0.00, -0.00 	13,22,43,174		11.42,1.45	1000,1 	0
3202    	32.48, -22.88, -5.08 	12.44, 6.80, -6.81 	0.00, -0.00 	13,22,43,184		0.00,1.07	1000,1 	0
3210    	32.52, -22.94, -5.08 	12.43, 6.78, -6.81 	0.00, -0.00 	13,22,43,193		8.29,1.59	1000,1 	0
3219    	32.54, -22.96, -5.09 	12.43, 6.77, -6.81 	0.00, -0.00 	13,22,43,203		2.00,0.97	1000,1 	0
3228    	32.54, -22.96, -5.09 	12.42, 6.77, -6.81 	0.00, -0.00 	13,22,43,213		0.00,1.07	1000,1 	0
3236    	32.54, -22.96, -5.09 	12.44, 6.80, -6.81 	0.00, -0.00 	13,22,43,222		0.00,3.17	1000,1 	0
3245    	32.53, -22.96, -5.08 	12.43, 6.80, -6.82 	0.00, -0.00 	13,22,43,232		0.96,0.96	1000,1 	0
3254    	32.54, -22.94, -5.09 	12.43, 6.80, -6.81 	0.00, -0.00 	13,22,43,242		1.60,0.00	1000,1 	0
3262    	32.49, -22.98, -5.09 	12.43, 6.80, -6.81 	0.00, -0.00 	13,22,43,251		6.43,0.00	1000,1 	0
3271    	32.51, -23.00, -5.07 	12.44, 6.78, -6.81 	0.00, -0.00 	13,22,43,261		2.87,1.45	1000,1 	0
3280    	32.52, -22.98, -5.09 	12.45, 6.78, -6.80 	0.00, -0.00 	13,22,43,271		2.60,1.07	1000,1 	0
3289    	32.40, -23.01, -5.09 	12.43, 6.80, -6.80 	0.00, -0.00 	13,22,43,281		13.33,2.46	1000,1 	0
3297    	32.39, -23.01, -5.10 	12.43, 6.78, -6.81 	0.00, -0.00 	13,22,43,290		1.07,1.19	1000,1 	0
3306    	32.39, -23.01, -5.06 	12.43, 6.78, -6.81 	0.00, -0.00 	13,22,43,300		0.00,0.00	1000,1 	0
3315    	32.41, -23.03, -5.07 	12.43, 6.80, -6.81 	0.00, -0.00 	13,22,43,310		3.19,1.19	1000,1 	0
3323    	32.39, -23.03, -5.09 	12.45, 6.82, -6.81 	0.00, -0.00 	13,22,43,319		2.14,3.17	1000,1 	0
3333    	32.37, -22.99, -5.12 	12.45, 6.80, -6.81 	0.00, -0.00 	13,22,43,330		5.20,2.38	1000,1 	0
3341    	32.41, -22.93, -5.12 	12.45, 6.81, -6.81 	0.00, -0.00 	13,22,43,339		8.22,1.34	1000,1 	0
3349    	32.43, -22.97, -5.05 	12.45, 6.81, -6.81 	0.00, -0.00 	13,22,43,348		4.15,0.00	1000,1 	0
3359    	32.44, -22.98, -5.05 	12.45, 6.81, -6.82 	0.00, -0.00 	13,22,43,359		1.60,0.00	1000,1 	0
3367    	32.33, -23.01, -5.06 	12.45, 6.81, -6.81 	0.00, -0.00 	13,22,43,368		15.00,0.00	1000,1 	0
3375    	32.33, -23.03, -5.07 	12.44, 6.81, -6.81 	0.00, -0.00 	13,22,43,377		2.60,1.07	1000,1 	0
3384    	32.34, -23.04, -5.07 	12.44, 6.81, -6.81 	0.00, -0.00 	13,22,43,387		1.31,0.00	1000,1 	0
3393    	32.33, -23.01, -5.02 	12.43, 6.81, -6.80 	0.00, -0.00 	13,22,43,397		3.71,1.07	1000,1 	0
3403    	32.32, -23.00, -5.04 	12.43, 6.81, -6.81 	0.00, -0.00 	13,22,43,407		2.45,0.00	1000,1 	0
3411    	32.32, -23.00, -5.04 	12.45, 6.81, -6.80 	0.00, -0.00 	13,22,43,416		0.00,2.41	1000,1 	0
3420    	32.35, -22.94, -5.04 	12.44, 6.80, -6.81 	0.00, -0.00 	13,22,43,426		8.22,1.78	1000,1 	0
3428    	32.35, -23.00, -5.06 	12.44, 6.80, -6.80 	0.00, -0.00 	13,22,43,435		6.66,0.00	1000,1 	0
3437    	32.31, -23.05, -5.06 	12.44, 6.81, -6.80 	0.00, -0.00 	13,22,43,445		7.98,1.19	1000,1 	0
3446    	32.31, -23.06, -5.06 	12.44, 6.80, -6.81 	0.00, -0.00 	13,22,43,455		1.33,1.34	1000,1 	0
3455    	32.25, -23.07, -5.07 	12.45, 6.81, -6.80 	0.00, -0.00 	13,22,43,465		7.35,1.78	1000,1 	0
3463    	32.24, -23.16, -5.07 	12.45, 6.81, -6.80 	0.00, -0.00 	13,22,43,474		10.72,0.00	1000,1 	0
3472    	32.25, -23.18, -5.03 	12.43, 6.82, -6.80 	0.00, -0.00 	13,22,43,484		2.92,2.77	1000,1 	0
3481    	32.23, -23.17, -5.05 	12.46, 6.81, -6.81 	0.00, -0.00 	13,22,43,494		2.75,3.87	1000,1 	0
3489    	32.25, -23.18, -5.06 	12.45, 6.81, -6.80 	0.00, -0.00 	13,22,43,503		2.75,1.20	1000,1 	0
3498    	32.25, -23.18, -5.06 	12.45, 6.81, -6.80 	0.00, -0.00 	13,22,43,513		0.00,0.00	1000,1 	0
3507    	32.27, -23.20, -5.07 	12.45, 6.83, -6.81 	0.00, -0.00 	13,22,43,523		3.59,2.67	1000,1 	0
3515    	32.30, -23.19, -5.09 	12.46, 6.82, -6.80 	0.00, -0.00 	13,22,43,532		3.85,1.81	1000,1 	0
3524    	32.28, -23.17, -5.08 	12.46, 6.82, -6.80 	0.00, -0.00 	13,22,43,542		3.59,0.00	1000,1 	0
3533    	32.27, -23.17, -5.08 	12.42, 6.82, -6.80 	0.00, -0.00 	13,22,43,552		1.20,4.81	1000,1 	0
3541    	32.32, -23.12, -5.08 	12.44, 6.82, -6.80 	0.00, -0.00 	13,22,43,561		8.98,2.41	1000,1 	0
3550    	32.33, -23.12, -5.08 	12.44, 6.82, -6.80 	0.00, -0.00 	13,22,43,571		1.20,0.00	1000,1 	0
3559    	32.28, -23.16, -5.07 	12.44, 6.82, -6.81 	0.00, -0.00 	13,22,43,581		8.04,0.00	1000,1 	0
3567    	32.30, -23.20, -5.05 	12.43, 6.82, -6.81 	0.00, -0.00 	13,22,43,590		5.84,1.20	1000,1 	0
3576    	32.31, -23.22, -5.06 	12.42, 6.81, -6.80 	0.00, -0.00 	13,22,43,600		2.34,1.43	1000,1 	0
3585    	32.31, -23.22, -5.06 	12.42, 6.81, -6.81 	0.00, -0.00 	13,22,43,610		0.00,0.00	1000,1 	0
3593    	32.31, -23.22, -5.06 	12.44, 6.81, -6.81 	0.00, -0.00 	13,22,43,619		0.00,2.41	1000,1 	0
3602    	32.31, -23.22, -5.06 	12.43, 6.82, -6.81 	0.00, -0.00 	13,22,43,629		0.00,1.61	1000,1 	0
3611    	32.30, -23.19, -5.05 	12.44, 6.82, -6.81 	0.00, -0.00 	13,22,43,638		4.17,1.20	1000,1 	0
3619    	32.33, -23.16, -4.97 	12.45, 6.84, -6.81 	0.00, -0.00 	13,22,43,648		6.26,2.91	1000,1 	0
3628    	32.38, -23.18, -5.00 	12.44, 6.83, -6.81 	0.00, -0.00 	13,22,43,658		5.85,1.59	1000,1 	0
3637    	32.33, -23.23, -5.00 	12.46, 6.84, -6.80 	0.00, -0.00 	13,22,43,667		8.98,2.73	1000,1 	0
3646    	32.27, -23.23, -5.00 	12.46, 6.84, -6.80 	0.00, -0.00 	13,22,43,677		8.43,0.00	1000,1 	0
3654    	32.32, -23.20, -5.01 	12.46, 6.84, -6.80 	0.00, -0.00 	13,22,43,687		8.26,0.00	1000,1 	0
3663    	32.33, -23.23, -4.99 	12.44, 6.83, -6.80 	0.00, -0.00 	13,22,43,696		4.17,2.73	1000,1 	0
3672    	32.26, -23.22, -4.99 	12.46, 6.84, -6.80 	0.00, -0.00 	13,22,43,706		9.72,2.73	1000,1 	0
3680    	32.22, -23.21, -5.01 	12.46, 6.84, -6.80 	0.00, -0.00 	13,22,43,715		4.00,0.00	1000,1 	0
3689    	32.24, -23.23, -5.02 	12.48, 6.83, -6.80 	0.00, -0.00 	13,22,43,725		3.19,2.46	1000,1 	0
3698    	32.24, -23.23, -5.02 	12.47, 6.82, -6.80 	0.00, -0.00 	13,22,43,735		0.00,1.59	1000,1 	0
3706    	32.27, -23.29, -4.96 	12.47, 6.83, -6.80 	0.00, -0.00 	13,22,43,744		6.73,1.19	1000,1 	0
3716    	32.29, -23.29, -4.97 	12.47, 6.83, -6.81 	0.00, -0.00 	13,22,43,755		2.14,0.00	1000,1 	0
3724    	32.29, -23.30, -4.97 	12.47, 6.83, -6.80 	0.00, -0.00 	13,22,43,764		1.33,0.00	1000,1 	0
3732    	32.24, -23.32, -4.98 	12.45, 6.83, -6.80 	0.00, -0.00 	13,22,43,773		5.85,2.14	1000,1 	0
3741    	32.23, -23.33, -4.98 	12.46, 6.83, -6.80 	0.00, -0.00 	13,22,43,783		1.60,1.07	1000,1 	0
3750    	32.22, -23.32, -4.98 	12.44, 6.83, -6.80 	0.00, -0.00 	13,22,43,793		1.60,2.14	1000,1 	0
3758    	32.21, -23.29, -4.97 	12.45, 6.83, -6.80 	0.00, -0.00 	13,22,43,802		3.71,1.07	1000,1 	0
3767    	32.28, -23.27, -4.96 	12.45, 6.84, -6.80 	0.00, -0.00 	13,22,43,812		6.83,1.07	1000,1 	0
3776    	32.22, -23.29, -4.97 	12.44, 6.82, -6.81 	0.00, -0.00 	13,22,43,822		6.53,2.59	1000,1 	0
3784    	32.28, -23.24, -4.98 	12.43, 6.82, -6.80 	0.00, -0.00 	13,22,43,831		7.98,1.07	1000,1 	0
3793    	32.27, -23.24, -4.97 	12.45, 6.84, -6.80 	0.00, -0.00 	13,22,43,841		0.88,2.60	1000,1 	0
3802    	32.26, -23.32, -4.97 	12.47, 6.85, -6.80 	0.00, -0.00 	13,22,43,851		8.36,2.43	1000,1 	0
3811    	32.25, -23.32, -4.97 	12.46, 6.84, -6.80 	0.00, -0.00 	13,22,43,861		1.07,1.59	1000,1 	0
3819    	32.25, -23.32, -4.97 	12.46, 6.84, -6.80 	0.00, -0.00 	13,22,43,870		0.00,0.00	1000,1 	0
3828    	32.20, -23.34, -4.95 	12.46, 6.84, -6.80 	0.00, -0.00 	13,22,43,880		5.85,0.00	1000,1 	0
3837    	32.18, -23.30, -4.97 	12.45, 6.86, -6.81 	0.00, -0.00 	13,22,43,890		5.20,2.62	1000,1 	0
3845    	32.19, -23.31, -4.97 	12.44, 6.85, -6.81 	0.00, -0.00 	13,22,43,899		1.60,1.59	1000,1 	0
3854    	32.20, -23.34, -4.99 	12.43, 6.85, -6.81 	0.00, -0.00 	13,22,43,909		3.71,1.07	1000,1 	0
3863    	32.23, -23.29, -4.97 	12.41, 6.86, -6.81 	0.00, -0.00 	13,22,43,919		6.74,2.46	1000,1 	0
3871    	32.24, -23.30, -4.97 	12.41, 6.86, -6.81 	0.00, -0.00 	13,22,43,928		1.60,0.00	1000,1 	0
3880    	32.24, -23.30, -4.97 	12.42, 6.87, -6.80 	0.00, -0.00 	13,22,43,938		0.00,1.59	1000,1 	0
3889    	32.22, -23.25, -5.04 	12.40, 6.88, -6.81 	0.00, -0.00 	13,22,43,948		5.20,2.46	1000,1 	0
3897    	32.24, -23.26, -5.02 	12.37, 6.95, -6.83 	0.00, -0.00 	13,22,43,957		2.45,8.37	1000,1 	0
3907    	32.27, -23.21, -5.01 	12.34, 6.98, -6.81 	0.00, -0.00 	13,22,43,968		6.74,4.83	1000,1 	0
3915    	32.29, -23.24, -5.02 	12.25, 7.06, -6.81 	0.00, -0.00 	13,22,43,977		4.66,15.33	1000,1 	0
3923    	32.23, -23.26, -5.04 	12.12, 7.11, -6.80 	0.00, -0.00 	13,22,43,986		6.85,14.76	1000,1 	0
3932    	32.21, -23.35, -5.03 	12.01, 7.21, -6.82 	0.00, -0.00 	13,22,43,996		8.74,15.14	1000,1 	0
3941    	32.24, -23.27, -5.04 	11.91, 7.30, -6.82 	0.00, -0.00 	13,22,44,6		8.89,15.24	1000,1 	0
3949    	32.21, -23.25, -5.05 	11.82, 7.40, -6.82 	0.00, -0.00 	13,22,44,15		3.99,14.49	1000,1 	0
3958    	32.19, -23.24, -5.10 	11.73, 7.47, -6.80 	0.00, -0.00 	13,22,44,25		2.00,11.16	0,0 	0
3967    	32.19, -23.25, -5.06 	11.59, 7.48, -6.79 	0.00, -0.00 	13,22,44,35		1.18,14.97	0,0 	0
3975    	32.21, -23.18, -5.07 	11.48, 7.49, -6.78 	0.00, -0.00 	13,22,44,44		8.56,12.90	0,0 	0
3984    	32.23, -23.16, -5.08 	11.42, 7.48, -6.76 	0.00, -0.00 	13,22,44,54		2.87,5.86	0,0 	0
3993    	32.31, -22.98, -5.15 	11.31, 7.47, -6.76 	0.00, -0.00 	13,22,44,64		21.88,11.80	0,0 	0
4002    	32.35, -23.04, -5.15 	11.24, 7.43, -6.74 	0.00, -0.00 	13,22,44,74		8.89,9.72	0,0 	0
4010    	32.35, -23.03, -5.18 	11.08, 7.34, -6.71 	0.00, -0.00 	13,22,44,83		1.18,19.45	0,0 	0
4019    	32.29, -22.96, -5.22 	10.92, 7.24, -6.70 	0.00, -0.00 	13,22,44,93		11.17,21.56	0,0 	0
4028    	32.21, -22.74, -5.31 	10.71, 7.07, -6.68 	0.00, -0.00 	13,22,44,103		25.17,30.02	0,0 	0
4036    	32.18, -22.70, -5.38 	10.38, 6.83, -6.64 	0.00, -0.00 	13,22,44,112		5.72,44.45	0,0 	0
4045    	32.19, -22.47, -5.52 	9.94, 6.52, -6.60 	0.00, -0.00 	13,22,44,122		26.07,60.30	0,0 	0
4054    	32.28, -22.24, -5.69 	9.71, 6.32, -6.57 	0.00, -0.00 	13,22,44,132		26.67,33.92	0,0 	0
4062    	32.38, -22.05, -5.81 	9.56, 6.10, -6.56 	0.00, -0.00 	13,22,44,141		24.35,29.07	0,0 	0
4071    	32.48, -21.75, -5.95 	9.38, 5.78, -6.55 	0.00, -0.00 	13,22,44,151		34.84,40.75	0,0 	0
4080    	32.42, -21.64, -6.07 	9.12, 5.41, -6.53 	0.00, -0.00 	13,22,44,161		13.46,50.26	0,0 	0
4088    	32.56, -21.41, -6.18 	8.89, 5.04, -6.52 	0.00, -0.00 	13,22,44,170		30.06,49.09	0,0 	0
4098    	32.41, -21.18, -6.24 	8.66, 4.72, -6.51 	0.00, -0.00 	13,22,44,181		30.59,43.60	0,0 	0
4106    	32.19, -20.99, -6.32 	8.42, 4.44, -6.53 	0.00, -0.00 	13,22,44,190		35.76,45.61	0,0 	0
4114    	31.99, -20.74, -6.44 	8.22, 4.23, -6.62 	0.00, -0.00 	13,22,44,199		36.22,32.44	0,0 	0
4123    	32.08, -20.37, -6.61 	7.99, 4.05, -6.72 	0.00, -0.00 	13,22,44,209		38.29,29.17	0,0 	0
4132    	32.09, -20.18, -6.72 	7.75, 3.90, -6.82 	0.00, -0.00 	13,22,44,219		20.15,31.27	0,0 	0
4140    	32.07, -19.88, -6.93 	7.55, 3.81, -6.92 	0.00, -0.00 	13,22,44,228		34.40,24.72	0,0 	0
4149    	32.11, -19.54, -7.03 	7.29, 3.68, -7.03 	0.00, -0.00 	13,22,44,238		31.19,26.19	0,0 	0
4158    	32.10, -19.32, -7.16 	7.04, 3.52, -7.12 	0.00, -0.00 	13,22,44,248		23.70,33.44	0,0 	0
4166    	32.25, -19.18, -7.26 	6.83, 3.44, -7.22 	0.00, -0.00 	13,22,44,257		23.03,24.83	0,0 	0
4175    	32.11, -19.24, -7.29 	6.66, 3.36, -7.30 	0.00, -0.00 	13,22,44,267		15.40,18.35	0,0 	0
4184    	31.98, -19.18, -7.27 	6.32, 3.23, -7.36 	0.00, -0.00 	13,22,44,277		15.12,40.85	0,0 	0
4193    	31.87, -19.02, -7.34 	6.06, 3.12, -7.40 	0.00, -0.00 	13,22,44,287		21.91,31.51	0,0 	0
4201    	31.85, -18.62, -7.53 	5.77, 3.02, -7.51 	0.00, -0.00 	13,22,44,296		45.03,33.66	0,0 	0
4210    	31.90, -18.11, -7.69 	5.50, 2.97, -7.62 	0.00, -0.00 	13,22,44,306		57.08,30.44	0,0 	0
4219    	31.80, -17.71, -7.90 	5.21, 2.92, -7.73 	0.00, -0.00 	13,22,44,316		45.08,32.54	0,0 	0
4227    	31.63, -17.47, -8.04 	4.91, 2.82, -7.77 	0.00, -0.00 	13,22,44,325		33.34,36.05	0,0 	0
4236    	31.68, -17.17, -8.17 	4.53, 2.72, -7.84 	0.00, -0.00 	13,22,44,335		33.58,42.90	0,0 	0
4245    	31.69, -16.88, -8.26 	4.32, 2.68, -7.92 	0.00, -0.00 	13,22,44,345		31.98,23.93	0,0 	0
4253    	31.61, -16.71, -8.33 	4.21, 2.65, -7.99 	0.00, -0.00 	13,22,44,354		20.78,13.27	0,0 	0
4262    	31.55, -16.60, -8.35 	4.01, 2.61, -8.04 	0.00, -0.00 	13,22,44,364		13.46,21.84	0,0 	0
4271    	31.50, -16.44, -8.40 	3.76, 2.47, -8.06 	0.00, -0.00 	13,22,44,374		18.88,31.60	0,0 	0
4279    	31.35, -16.30, -8.43 	3.46, 2.36, -8.09 	0.00, -0.00 	13,22,44,383		23.07,36.44	0,0 	0
4289    	31.22, -16.20, -8.43 	3.12, 2.23, -8.13 	0.00, -0.00 	13,22,44,394		18.38,39.85	0,0 	0
4297    	31.00, -16.01, -8.47 	2.85, 2.12, -8.18 	0.00, -0.00 	13,22,44,403		35.72,36.55	0,0 	0
4305    	30.87, -15.81, -8.53 	2.56, 2.08, -8.21 	0.00, -0.00 	13,22,44,412		27.02,32.36	0,0 	0
4314    	30.71, -15.57, -8.61 	2.38, 2.01, -8.29 	0.00, -0.00 	13,22,44,422		28.58,19.29	0,0 	0
4323    	30.76, -15.42, -8.62 	2.22, 1.97, -8.35 	0.00, -0.00 	13,22,44,432		17.78,18.72	0,0 	0
4331    	30.72, -15.23, -8.60 	2.09, 1.97, -8.40 	0.00, -0.00 	13,22,44,441		21.97,13.90	0,0 	0
4340    	30.71, -15.17, -8.59 	1.96, 1.90, -8.44 	0.00, -0.00 	13,22,44,451		5.88,13.92	0,0 	0
4349    	30.63, -15.11, -8.56 	1.71, 1.75, -8.43 	0.00, -0.00 	13,22,44,461		10.41,32.18	0,0 	0
4358    	30.53, -15.12, -8.55 	1.44, 1.60, -8.43 	0.00, -0.00 	13,22,44,471		10.77,34.03	0,0 	0
4366    	30.42, -15.10, -8.48 	1.16, 1.46, -8.38 	0.00, -0.00 	13,22,44,480		13.06,34.97	0,0 	0
4375    	30.25, -15.12, -8.49 	0.90, 1.32, -8.37 	0.00, -0.00 	13,22,44,490		18.35,33.48	0,0 	0
4384    	30.05, -15.11, -8.49 	0.60, 1.18, -8.34 	0.00, -0.00 	13,22,44,500		22.51,36.36	0,0 	0
4392    	29.92, -15.03, -8.48 	0.44, 1.04, -8.32 	0.00, -0.00 	13,22,44,509		17.72,23.68	0,0 	0
4401    	29.83, -14.74, -8.57 	0.27, 0.89, -8.32 	0.00, -0.00 	13,22,44,519		33.38,25.25	0,0 	0
4410    	29.84, -14.46, -8.59 	0.22, 0.75, -8.30 	0.00, -0.00 	13,22,44,529		30.80,16.63	0,0 	0
4418    	29.77, -14.32, -8.56 	0.12, 0.65, -8.27 	0.00, -0.00 	13,22,44,538		17.11,15.01	0,0 	0
4427    	29.75, -14.16, -8.51 	0.03, 0.55, -8.24 	0.00, -0.00 	13,22,44,548		17.88,15.17	0,0 	0
4436    	29.69, -14.19, -8.48 	-0.03, 0.43, -8.20 	0.00, -0.00 	13,22,44,558		7.86,14.96	0,0 	0
4444    	29.66, -14.11, -8.41 	-0.14, 0.25, -8.16 	0.00, -0.00 	13,22,44,567		8.89,23.22	0,0 	0
4454    	29.63, -14.08, -8.37 	-0.23, 0.10, -8.07 	0.00, -0.00 	13,22,44,578		4.79,19.64	0,0 	0
4462    	29.52, -14.11, -8.38 	-0.46, -0.08, -7.98 	0.00, -0.00 	13,22,44,587		13.84,36.47	0,0 	0
