#Time 	Sensor1         Sensor2         Target          Time            Vel             
#================================================================

17      	30.09, -15.08, -7.20 	-0.15, 1.02, -6.63 	-21.65, 12.50 	13,21,44,327		0.00,0.00	0,0 	0
25      	30.11, -15.07, -7.21 	-0.19, 1.01, -6.62 	-21.65, 12.50 	13,21,44,337		2.75,4.97	0,0 	0
33      	30.10, -15.07, -7.22 	-0.17, 1.04, -6.64 	-21.65, 12.50 	13,21,44,346		1.20,4.64	0,0 	0
42      	30.09, -15.06, -7.22 	-0.19, 1.03, -6.64 	-21.65, 12.50 	13,21,44,356		1.60,2.43	0,0 	0
51      	30.11, -15.07, -7.22 	-0.19, 1.02, -6.63 	-21.65, 12.50 	13,21,44,366		2.45,1.19	0,0 	0
59      	30.11, -15.08, -7.19 	-0.18, 1.02, -6.62 	-21.65, 12.50 	13,21,44,375		1.33,1.20	0,0 	0
68      	30.14, -15.07, -7.19 	-0.22, 1.02, -6.62 	-21.65, 12.50 	13,21,44,385		3.42,4.28	0,0 	0
77      	30.12, -15.10, -7.19 	-0.20, 1.03, -6.64 	-21.65, 12.50 	13,21,44,395		4.15,2.43	0,0 	0
85      	30.11, -15.14, -7.20 	-0.20, 1.04, -6.62 	-21.65, 12.50 	13,21,44,404		5.46,1.34	0,0 	0
94      	30.10, -15.14, -7.20 	-0.24, 1.02, -6.63 	-21.65, 12.50 	13,21,44,414		1.07,4.86	0,0 	0
103     	30.09, -15.18, -7.19 	-0.22, 1.03, -6.62 	-21.65, 12.50 	13,21,44,424		3.71,2.43	0,0 	0
111     	30.08, -15.17, -7.19 	-0.22, 1.02, -6.61 	-21.65, 12.50 	13,21,44,433		1.79,1.34	0,0 	0
120     	30.11, -15.17, -7.20 	-0.22, 1.02, -6.61 	-21.65, 12.50 	13,21,44,443		3.21,0.00	0,0 	0
129     	30.09, -15.20, -7.19 	-0.25, 1.02, -6.61 	-21.65, 12.50 	13,21,44,453		4.15,3.21	0,0 	0
137     	30.10, -15.21, -7.18 	-0.25, 1.04, -6.63 	-21.65, 12.50 	13,21,44,462		1.79,2.67	0,0 	0
146     	30.12, -15.20, -7.19 	-0.25, 1.05, -6.62 	-21.65, 12.50 	13,21,44,472		2.45,1.19	0,0 	0
155     	30.11, -15.21, -7.17 	-0.23, 1.06, -6.63 	-21.65, 12.50 	13,21,44,482		1.60,2.43	0,0 	0
163     	30.11, -15.25, -7.17 	-0.23, 1.06, -6.63 	-21.65, 12.50 	13,21,44,491		5.33,0.00	0,0 	0
172     	30.11, -15.26, -7.16 	-0.26, 1.06, -6.62 	-21.65, 12.50 	13,21,44,501		1.18,3.21	0,0 	0
181     	30.09, -15.26, -7.17 	-0.26, 1.06, -6.64 	-21.65, 12.50 	13,21,44,511		2.14,0.00	0,0 	0
189     	30.08, -15.25, -7.17 	-0.26, 1.06, -6.63 	-21.65, 12.50 	13,21,44,520		1.79,0.00	0,0 	0
198     	30.07, -15.25, -7.19 	-0.29, 1.06, -6.63 	-21.65, 12.50 	13,21,44,530		1.07,3.21	0,0 	0
207     	30.10, -15.27, -7.19 	-0.30, 1.07, -6.64 	-21.65, 12.50 	13,21,44,540		3.99,1.61	0,0 	0
216     	30.09, -15.26, -7.19 	-0.28, 1.07, -6.64 	-21.65, 12.50 	13,21,44,550		1.60,2.14	0,0 	0
224     	30.11, -15.26, -7.19 	-0.29, 1.08, -6.63 	-21.65, 12.50 	13,21,44,559		2.41,1.81	0,0 	0
233     	30.09, -15.27, -7.17 	-0.28, 1.07, -6.62 	-21.65, 12.50 	13,21,44,569		2.45,1.61	0,0 	0
242     	30.10, -15.25, -7.16 	-0.31, 1.08, -6.64 	-21.65, 12.50 	13,21,44,579		2.60,3.44	0,0 	0
250     	30.11, -15.26, -7.16 	-0.30, 1.08, -6.63 	-21.65, 12.50 	13,21,44,588		1.79,1.20	0,0 	0
259     	30.08, -15.25, -7.16 	-0.33, 1.06, -6.63 	-21.65, 12.50 	13,21,44,597		3.42,4.86	0,0 	0
268     	30.08, -15.22, -7.15 	-0.33, 1.06, -6.63 	-21.65, 12.50 	13,21,44,608		3.55,0.00	0,0 	0
276     	30.07, -15.25, -7.16 	-0.32, 1.07, -6.64 	-21.65, 12.50 	13,21,44,617		4.17,2.73	0,0 	0
285     	30.06, -15.25, -7.15 	-0.32, 1.11, -6.63 	-21.65, 12.50 	13,21,44,626		1.07,3.56	0,0 	0
294     	30.08, -15.26, -7.16 	-0.32, 1.11, -6.63 	-21.65, 12.50 	13,21,44,636		2.45,0.00	0,0 	0
302     	30.08, -15.28, -7.16 	-0.31, 1.11, -6.64 	-21.65, 12.50 	13,21,44,646		2.66,1.20	0,0 	0
311     	30.07, -15.26, -7.15 	-0.31, 1.12, -6.64 	-21.65, 12.50 	13,21,44,656		2.60,1.19	0,0 	0
320     	30.05, -15.27, -7.16 	-0.34, 1.11, -6.62 	-21.65, 12.50 	13,21,44,665		2.45,3.40	0,0 	0
328     	30.05, -15.27, -7.16 	-0.34, 1.12, -6.62 	-21.65, 12.50 	13,21,44,674		0.00,1.81	0,0 	0
337     	30.09, -15.26, -7.16 	-0.34, 1.12, -6.62 	-21.65, 12.50 	13,21,44,684		4.44,0.00	0,0 	0
346     	30.08, -15.28, -7.15 	-0.35, 1.13, -6.63 	-21.65, 12.50 	13,21,44,694		2.60,1.19	0,0 	0
354     	30.05, -15.28, -7.15 	-0.34, 1.11, -6.63 	-21.65, 12.50 	13,21,44,703		3.61,2.95	0,0 	0
363     	30.04, -15.28, -7.16 	-0.32, 1.12, -6.62 	-21.65, 12.50 	13,21,44,713		1.07,2.43	0,0 	0
372     	30.04, -15.26, -7.17 	-0.32, 1.11, -6.63 	-21.65, 12.50 	13,21,44,723		2.37,1.19	0,0 	0
380     	30.04, -15.26, -7.18 	-0.31, 1.10, -6.62 	-21.65, 12.50 	13,21,44,732		0.00,1.81	0,0 	0
389     	30.05, -15.29, -7.18 	-0.31, 1.10, -6.61 	-21.65, 12.50 	13,21,44,742		3.71,0.00	0,0 	0
398     	30.06, -15.27, -7.17 	-0.34, 1.10, -6.61 	-21.65, 12.50 	13,21,44,752		2.60,3.21	0,0 	0
407     	30.10, -15.26, -7.17 	-0.34, 1.11, -6.63 	-21.65, 12.50 	13,21,44,762		4.44,1.19	0,0 	0
415     	30.09, -15.26, -7.16 	-0.34, 1.12, -6.63 	-21.65, 12.50 	13,21,44,771		1.20,1.34	0,0 	0
424     	30.10, -15.26, -7.17 	-0.34, 1.13, -6.62 	-21.65, 12.50 	13,21,44,781		1.07,1.19	0,0 	0
433     	30.09, -15.28, -7.16 	-0.33, 1.12, -6.62 	-21.65, 12.50 	13,21,44,791		2.60,1.61	0,0 	0
441     	30.12, -15.28, -7.16 	-0.33, 1.12, -6.62 	-21.65, 12.50 	13,21,44,800		3.61,0.00	0,0 	0
450     	30.08, -15.28, -7.16 	-0.34, 1.14, -6.62 	-21.65, 12.50 	13,21,44,810		4.28,2.62	0,0 	0
459     	30.08, -15.28, -7.16 	-0.34, 1.14, -6.62 	-21.65, 12.50 	13,21,44,820		0.00,0.00	0,0 	0
467     	30.07, -15.26, -7.18 	-0.34, 1.13, -6.62 	-21.65, 12.50 	13,21,44,829		2.92,1.34	0,0 	0
476     	30.06, -15.26, -7.17 	-0.34, 1.13, -6.61 	-21.65, 12.50 	13,21,44,839		1.07,0.00	0,0 	0
485     	30.09, -15.25, -7.18 	-0.34, 1.15, -6.63 	-21.65, 12.50 	13,21,44,849		3.42,2.38	0,0 	0
493     	30.09, -15.25, -7.18 	-0.33, 1.16, -6.63 	-21.65, 12.50 	13,21,44,858		0.00,1.78	0,0 	0
502     	30.07, -15.28, -7.18 	-0.33, 1.15, -6.63 	-21.65, 12.50 	13,21,44,868		4.15,1.19	0,0 	0
511     	30.08, -15.26, -7.16 	-0.35, 1.15, -6.62 	-21.65, 12.50 	13,21,44,878		2.60,2.14	0,0 	0
519     	30.08, -15.27, -7.16 	-0.35, 1.14, -6.62 	-21.65, 12.50 	13,21,44,887		1.33,1.34	0,0 	0
528     	30.08, -15.27, -7.17 	-0.35, 1.13, -6.62 	-21.65, 12.50 	13,21,44,897		0.00,1.19	0,0 	0
537     	30.08, -15.27, -7.17 	-0.34, 1.13, -6.62 	-21.65, 12.50 	13,21,44,907		0.00,1.07	0,0 	0
545     	30.07, -15.28, -7.17 	-0.35, 1.15, -6.63 	-21.65, 12.50 	13,21,44,916		1.80,2.95	0,0 	0
554     	30.03, -15.28, -7.16 	-0.39, 1.15, -6.63 	-21.65, 12.50 	13,21,44,926		4.28,5.35	0,0 	0
563     	30.04, -15.29, -7.16 	-0.37, 1.15, -6.62 	-21.65, 12.50 	13,21,44,936		1.60,2.14	0,0 	0
572     	30.08, -15.28, -7.17 	-0.38, 1.14, -6.62 	-21.65, 12.50 	13,21,44,946		4.44,1.59	0,0 	0
580     	30.05, -15.29, -7.17 	-0.38, 1.14, -6.62 	-21.65, 12.50 	13,21,44,955		3.85,0.00	0,0 	0
589     	30.06, -15.31, -7.16 	-0.39, 1.16, -6.62 	-21.65, 12.50 	13,21,44,965		2.60,2.62	0,0 	0
598     	30.09, -15.29, -7.16 	-0.43, 1.16, -6.62 	-21.65, 12.50 	13,21,44,975		3.99,4.28	0,0 	0
606     	30.09, -15.31, -7.15 	-0.43, 1.16, -6.62 	-21.65, 12.50 	13,21,44,984		2.66,0.00	0,0 	0
615     	30.10, -15.31, -7.15 	-0.41, 1.16, -6.62 	-21.65, 12.50 	13,21,44,994		1.07,2.14	0,0 	0
624     	30.09, -15.35, -7.15 	-0.41, 1.16, -6.63 	-21.65, 12.50 	13,21,45,4		3.71,0.00	0,0 	0
632     	30.06, -15.35, -7.15 	-0.41, 1.16, -6.63 	-21.65, 12.50 	13,21,45,13		3.61,0.00	0,0 	0
641     	30.05, -15.34, -7.16 	-0.41, 1.16, -6.62 	-21.65, 12.50 	13,21,45,23		1.60,0.00	0,0 	0
650     	30.05, -15.34, -7.16 	-0.42, 1.15, -6.62 	-21.65, 12.50 	13,21,45,33		0.00,1.59	0,0 	0
658     	30.04, -15.30, -7.16 	-0.41, 1.16, -6.62 	-21.65, 12.50 	13,21,45,42		4.17,1.78	0,0 	0
668     	30.08, -15.30, -7.17 	-0.41, 1.17, -6.61 	-21.65, 12.50 	13,21,45,53		3.85,1.07	0,0 	0
676     	30.09, -15.28, -7.17 	-0.41, 1.17, -6.61 	-21.65, 12.50 	13,21,45,62		2.92,0.00	0,0 	0
684     	30.08, -15.30, -7.17 	-0.42, 1.18, -6.61 	-21.65, 12.50 	13,21,45,71		2.92,1.81	0,0 	0
693     	30.07, -15.30, -7.15 	-0.41, 1.18, -6.60 	-21.65, 12.50 	13,21,45,81		1.07,1.07	0,0 	0
702     	30.08, -15.31, -7.15 	-0.41, 1.19, -6.62 	-21.65, 12.50 	13,21,45,91		1.60,1.19	0,0 	0
710     	30.06, -15.33, -7.15 	-0.41, 1.19, -6.62 	-21.65, 12.50 	13,21,45,100		2.75,0.00	0,0 	0
719     	30.05, -15.33, -7.15 	-0.42, 1.19, -6.62 	-21.65, 12.50 	13,21,45,110		1.07,1.07	0,0 	0
728     	30.04, -15.31, -7.16 	-0.42, 1.18, -6.62 	-21.65, 12.50 	13,21,45,120		1.60,1.19	0,0 	0
736     	30.05, -15.30, -7.16 	-0.41, 1.18, -6.61 	-21.65, 12.50 	13,21,45,129		1.80,1.20	0,0 	0
745     	30.05, -15.30, -7.16 	-0.41, 1.18, -6.61 	-21.65, 12.50 	13,21,45,139		0.00,0.00	0,0 	0
754     	30.07, -15.29, -7.16 	-0.42, 1.18, -6.61 	-21.65, 12.50 	13,21,45,149		2.45,1.07	0,0 	0
763     	30.06, -15.27, -7.17 	-0.42, 1.19, -6.61 	-21.65, 12.50 	13,21,45,159		2.60,1.19	0,0 	0
771     	30.07, -15.30, -7.17 	-0.42, 1.19, -6.61 	-21.65, 12.50 	13,21,45,168		4.17,0.00	0,0 	0
780     	30.06, -15.31, -7.17 	-0.41, 1.17, -6.61 	-21.65, 12.50 	13,21,45,178		1.60,2.62	0,0 	0
789     	30.06, -15.35, -7.16 	-0.41, 1.17, -6.61 	-21.65, 12.50 	13,21,45,188		3.55,0.00	0,0 	0
797     	30.03, -15.35, -7.16 	-0.41, 1.20, -6.63 	-21.65, 12.50 	13,21,45,197		3.61,4.01	0,0 	0
806     	30.03, -15.36, -7.15 	-0.42, 1.19, -6.63 	-21.65, 12.50 	13,21,45,207		1.18,1.59	0,0 	0
815     	30.03, -15.36, -7.16 	-0.42, 1.18, -6.63 	-21.65, 12.50 	13,21,45,217		0.00,1.19	0,0 	0
823     	30.03, -15.35, -7.17 	-0.42, 1.18, -6.63 	-21.65, 12.50 	13,21,45,226		1.33,0.00	0,0 	0
832     	30.02, -15.34, -7.17 	-0.42, 1.18, -6.63 	-21.65, 12.50 	13,21,45,236		1.60,0.00	0,0 	0
841     	30.02, -15.33, -7.17 	-0.42, 1.18, -6.63 	-21.65, 12.50 	13,21,45,246		1.18,0.00	0,0 	0
849     	30.03, -15.30, -7.17 	-0.41, 1.19, -6.63 	-21.65, 12.50 	13,21,45,255		2.92,1.78	0,0 	0
858     	30.03, -15.31, -7.17 	-0.41, 1.19, -6.63 	-21.65, 12.50 	13,21,45,265		1.18,0.00	0,0 	0
867     	30.03, -15.31, -7.15 	-0.40, 1.17, -6.62 	-21.65, 12.50 	13,21,45,275		0.00,2.62	0,0 	0
875     	30.03, -15.33, -7.15 	-0.41, 1.20, -6.64 	-21.65, 12.50 	13,21,45,284		1.33,4.20	0,0 	0
884     	30.03, -15.34, -7.14 	-0.41, 1.20, -6.64 	-21.65, 12.50 	13,21,45,294		1.18,0.00	0,0 	0
893     	30.02, -15.35, -7.15 	-0.40, 1.19, -6.63 	-21.65, 12.50 	13,21,45,304		1.60,1.61	0,0 	0
901     	30.02, -15.36, -7.14 	-0.39, 1.19, -6.63 	-21.65, 12.50 	13,21,45,313		1.33,1.20	0,0 	0
910     	30.03, -15.37, -7.15 	-0.40, 1.19, -6.63 	-21.65, 12.50 	13,21,45,323		1.60,1.07	0,0 	0
919     	30.05, -15.36, -7.14 	-0.39, 1.19, -6.63 	-21.65, 12.50 	13,21,45,333		2.45,1.07	0,0 	0
927     	30.03, -15.35, -7.15 	-0.39, 1.18, -6.63 	-21.65, 12.50 	13,21,45,342		2.75,1.34	0,0 	0
936     	30.05, -15.31, -7.16 	-0.40, 1.19, -6.63 	-21.65, 12.50 	13,21,45,352		4.15,1.61	0,0 	0
945     	30.05, -15.30, -7.17 	-0.42, 1.20, -6.64 	-21.65, 12.50 	13,21,45,362		1.18,2.46	0,0 	0
954     	30.08, -15.30, -7.17 	-0.42, 1.21, -6.64 	-21.65, 12.50 	13,21,45,372		3.21,1.19	0,0 	0
962     	30.08, -15.30, -7.16 	-0.40, 1.21, -6.63 	-21.65, 12.50 	13,21,45,381		0.00,2.41	0,0 	0
971     	30.06, -15.34, -7.15 	-0.41, 1.21, -6.63 	-21.65, 12.50 	13,21,45,391		4.15,1.07	0,0 	0
980     	30.04, -15.33, -7.15 	-0.42, 1.21, -6.64 	-21.65, 12.50 	13,21,45,401		2.45,1.07	0,0 	0
988     	30.04, -15.34, -7.15 	-0.45, 1.20, -6.64 	-21.65, 12.50 	13,21,45,410		1.33,3.83	0,0 	0
997     	30.04, -15.33, -7.15 	-0.45, 1.20, -6.64 	-21.65, 12.50 	13,21,45,420		1.18,0.00	0,0 	0
1006    	30.04, -15.33, -7.15 	-0.45, 1.20, -6.63 	-21.65, 12.50 	13,21,45,430		0.00,0.00	1000,1 	0
1014    	30.03, -15.33, -7.15 	-0.44, 1.20, -6.64 	-21.65, 12.50 	13,21,45,439		1.20,1.20	1000,1 	0
1023    	30.05, -15.31, -7.16 	-0.44, 1.20, -6.64 	-21.65, 12.50 	13,21,45,449		2.45,0.00	1000,1 	0
1032    	30.07, -15.30, -7.17 	-0.44, 1.20, -6.64 	-21.65, 12.50 	13,21,45,459		2.45,0.00	1000,1 	0
1040    	30.07, -15.30, -7.17 	-0.43, 1.21, -6.63 	-21.65, 12.50 	13,21,45,468		0.00,1.78	1000,1 	0
1050    	30.07, -15.28, -7.17 	-0.43, 1.21, -6.63 	-21.65, 12.50 	13,21,45,479		2.13,0.00	1000,1 	0
1058    	30.07, -15.28, -7.17 	-0.44, 1.24, -6.63 	-21.65, 12.50 	13,21,45,488		0.00,2.95	1000,1 	0
1066    	30.10, -15.28, -7.16 	-0.44, 1.21, -6.63 	-21.65, 12.50 	13,21,45,497		3.61,2.67	1000,1 	0
1075    	30.11, -15.29, -7.15 	-0.44, 1.21, -6.63 	-21.65, 12.50 	13,21,45,507		1.60,0.00	1000,1 	0
1084    	30.10, -15.30, -7.15 	-0.43, 1.21, -6.64 	-21.65, 12.50 	13,21,45,517		1.60,1.07	1000,1 	0
1092    	30.04, -15.30, -7.17 	-0.43, 1.21, -6.64 	-21.65, 12.50 	13,21,45,526		7.23,0.00	1000,1 	0
1101    	30.03, -15.31, -7.17 	-0.43, 1.22, -6.64 	-21.65, 12.50 	13,21,45,536		1.60,1.19	1000,1 	0
1110    	30.03, -15.31, -7.17 	-0.43, 1.21, -6.64 	-21.65, 12.50 	13,21,45,546		0.00,1.19	1000,1 	0
1118    	30.05, -15.33, -7.17 	-0.42, 1.21, -6.63 	-21.65, 12.50 	13,21,45,555		2.75,1.20	1000,1 	0
1127    	30.06, -15.29, -7.17 	-0.45, 1.21, -6.63 	-21.65, 12.50 	13,21,45,565		3.71,3.21	1000,1 	0
1136    	30.05, -15.27, -7.17 	-0.45, 1.21, -6.63 	-21.65, 12.50 	13,21,45,575		2.60,0.00	1000,1 	0
1145    	30.09, -15.26, -7.16 	-0.41, 1.22, -6.63 	-21.65, 12.50 	13,21,45,585		4.44,4.42	1000,1 	0
1153    	30.09, -15.25, -7.15 	-0.41, 1.22, -6.63 	-21.65, 12.50 	13,21,45,594		1.33,0.00	1000,1 	0
1162    	30.08, -15.28, -7.16 	-0.46, 1.24, -6.63 	-21.65, 12.50 	13,21,45,604		3.71,5.49	1000,1 	0
1171    	30.07, -15.28, -7.16 	-0.45, 1.22, -6.63 	-21.65, 12.50 	13,21,45,614		1.07,1.61	1000,1 	0
1179    	30.07, -15.27, -7.17 	-0.44, 1.21, -6.64 	-21.65, 12.50 	13,21,45,623		1.33,1.81	1000,1 	0
1188    	30.07, -15.26, -7.16 	-0.45, 1.24, -6.64 	-21.65, 12.50 	13,21,45,633		1.18,2.62	1000,1 	0
1197    	30.07, -15.27, -7.17 	-0.45, 1.25, -6.64 	-21.65, 12.50 	13,21,45,643		1.18,1.19	1000,1 	0
1205    	30.06, -15.25, -7.16 	-0.45, 1.24, -6.63 	-21.65, 12.50 	13,21,45,652		2.92,1.34	1000,1 	0
1214    	30.06, -15.25, -7.17 	-0.45, 1.24, -6.63 	-21.65, 12.50 	13,21,45,662		0.00,0.00	1000,1 	0
1223    	30.04, -15.28, -7.17 	-0.45, 1.25, -6.63 	-21.65, 12.50 	13,21,45,672		4.15,1.19	1000,1 	0
1231    	30.04, -15.28, -7.18 	-0.45, 1.25, -6.63 	-21.65, 12.50 	13,21,45,681		0.00,0.00	1000,1 	0
1240    	30.04, -15.30, -7.17 	-0.45, 1.26, -6.62 	-21.65, 12.50 	13,21,45,691		2.37,1.19	1000,1 	0
1249    	30.04, -15.31, -7.17 	-0.45, 1.28, -6.64 	-21.65, 12.50 	13,21,45,701		1.18,2.38	1000,1 	0
1257    	30.02, -15.31, -7.17 	-0.49, 1.28, -6.64 	-21.65, 12.50 	13,21,45,710		2.41,4.81	1000,1 	0
1266    	29.98, -15.34, -7.18 	-0.49, 1.28, -6.64 	-21.65, 12.50 	13,21,45,720		4.89,0.00	1000,1 	0
1275    	29.99, -15.31, -7.18 	-0.49, 1.27, -6.64 	-21.65, 12.50 	13,21,45,730		2.60,1.19	1000,1 	0
1283    	29.99, -15.33, -7.18 	-0.48, 1.27, -6.63 	-21.65, 12.50 	13,21,45,739		1.33,1.20	1000,1 	0
1292    	30.00, -15.30, -7.19 	-0.48, 1.27, -6.64 	-21.65, 12.50 	13,21,45,749		2.60,0.00	1000,1 	0
1301    	29.99, -15.30, -7.19 	-0.47, 1.27, -6.64 	-21.65, 12.50 	13,21,45,759		1.07,1.07	1000,1 	0
1310    	30.02, -15.31, -7.19 	-0.47, 1.27, -6.64 	-21.65, 12.50 	13,21,45,769		3.42,0.00	1000,1 	0
1318    	30.02, -15.31, -7.19 	-0.47, 1.29, -6.65 	-21.65, 12.50 	13,21,45,778		0.00,2.67	1000,1 	0
1327    	30.02, -15.33, -7.19 	-0.51, 1.29, -6.65 	-21.65, 12.50 	13,21,45,788		1.18,4.28	1000,1 	0
1336    	30.02, -15.31, -7.18 	-0.51, 1.29, -6.65 	-21.65, 12.50 	13,21,45,798		1.18,0.00	1000,1 	0
1344    	30.00, -15.31, -7.18 	-0.51, 1.30, -6.64 	-21.65, 12.50 	13,21,45,807		2.41,1.34	1000,1 	0
1353    	29.99, -15.31, -7.18 	-0.50, 1.28, -6.64 	-21.65, 12.50 	13,21,45,817		1.07,2.62	1000,1 	0
1362    	29.97, -15.31, -7.18 	-0.53, 1.28, -6.64 	-21.65, 12.50 	13,21,45,827		2.14,3.21	1000,1 	0
1370    	29.98, -15.28, -7.19 	-0.54, 1.29, -6.64 	-21.65, 12.50 	13,21,45,836		4.17,1.81	1000,1 	0
1379    	29.97, -15.27, -7.20 	-0.54, 1.30, -6.64 	-21.65, 12.50 	13,21,45,846		1.60,1.19	1000,1 	0
1388    	29.99, -15.26, -7.20 	-0.54, 1.31, -6.64 	-21.65, 12.50 	13,21,45,856		2.45,1.19	1000,1 	0
1396    	29.97, -15.24, -7.20 	-0.54, 1.31, -6.64 	-21.65, 12.50 	13,21,45,865		3.59,0.00	1000,1 	0
1405    	29.97, -15.25, -7.21 	-0.54, 1.31, -6.64 	-21.65, 12.50 	13,21,45,875		1.18,0.00	1000,1 	0
1414    	29.97, -15.26, -7.21 	-0.57, 1.34, -6.67 	-21.65, 12.50 	13,21,45,885		1.18,4.83	1000,1 	0
1422    	29.98, -15.27, -7.21 	-0.56, 1.33, -6.66 	-21.65, 12.50 	13,21,45,894		1.79,1.81	1000,1 	0
1431    	29.98, -15.27, -7.20 	-0.59, 1.33, -6.66 	-21.65, 12.50 	13,21,45,904		0.00,3.21	1000,1 	0
1440    	29.97, -15.26, -7.21 	-0.59, 1.34, -6.65 	-21.65, 12.50 	13,21,45,914		2.45,1.19	1000,1 	0
1448    	29.97, -15.27, -7.21 	-0.61, 1.35, -6.64 	-21.65, 12.50 	13,21,45,923		1.33,2.77	1000,1 	0
1457    	29.94, -15.26, -7.21 	-0.64, 1.34, -6.64 	-21.65, 12.50 	13,21,45,933		3.42,4.42	1000,1 	0
1466    	29.94, -15.26, -7.21 	-0.64, 1.35, -6.64 	-21.65, 12.50 	13,21,45,943		0.00,1.59	1000,1 	0
1474    	29.94, -15.27, -7.22 	-0.65, 1.37, -6.64 	-21.65, 12.50 	13,21,45,952		1.33,1.81	1000,1 	0
1483    	29.94, -15.23, -7.22 	-0.64, 1.40, -6.64 	-21.65, 12.50 	13,21,45,962		4.74,3.71	1000,1 	0
1492    	29.95, -15.21, -7.22 	-0.64, 1.42, -6.66 	-21.65, 12.50 	13,21,45,972		2.60,2.38	1000,1 	0
1501    	29.95, -15.21, -7.22 	-0.66, 1.41, -6.65 	-21.65, 12.50 	13,21,45,982		0.00,3.40	1000,1 	0
1509    	29.97, -15.19, -7.23 	-0.65, 1.41, -6.64 	-21.65, 12.50 	13,21,45,991		3.59,1.20	1000,1 	0
1518    	29.98, -15.19, -7.22 	-0.68, 1.42, -6.64 	-21.65, 12.50 	13,21,46,1		2.14,3.44	1000,1 	0
1527    	29.95, -15.19, -7.24 	-0.72, 1.41, -6.64 	-21.65, 12.50 	13,21,46,11		4.28,4.42	1000,1 	0
1535    	29.95, -15.19, -7.24 	-0.73, 1.41, -6.64 	-21.65, 12.50 	13,21,46,20		0.00,1.20	1000,1 	0
1544    	29.97, -15.18, -7.24 	-0.78, 1.42, -6.64 	-21.65, 12.50 	13,21,46,30		3.42,5.49	1000,1 	0
1553    	29.95, -15.15, -7.24 	-0.79, 1.45, -6.65 	-21.65, 12.50 	13,21,46,40		3.99,3.74	1000,1 	0
1561    	29.93, -15.15, -7.26 	-0.81, 1.43, -6.64 	-21.65, 12.50 	13,21,46,49		2.41,3.57	1000,1 	0
1570    	29.91, -15.11, -7.26 	-0.88, 1.45, -6.65 	-21.65, 12.50 	13,21,46,59		5.20,7.89	1000,1 	0
1579    	29.89, -15.10, -7.28 	-0.87, 1.50, -6.67 	-21.65, 12.50 	13,21,46,69		2.45,4.85	1000,1 	0
1587    	29.90, -15.10, -7.29 	-0.89, 1.48, -6.66 	-21.65, 12.50 	13,21,46,78		1.20,2.73	1000,1 	0
1596    	29.87, -15.06, -7.30 	-0.93, 1.53, -6.67 	-21.65, 12.50 	13,21,46,88		5.72,7.21	1000,1 	0
1605    	29.87, -15.03, -7.33 	-1.01, 1.52, -6.66 	-21.65, 12.50 	13,21,46,98		3.55,8.62	1000,1 	0
1613    	29.87, -15.03, -7.31 	-1.03, 1.49, -6.65 	-21.65, 12.50 	13,21,46,107		0.00,4.64	1000,1 	0
1622    	29.84, -14.95, -7.35 	-1.12, 1.50, -6.66 	-21.65, 12.50 	13,21,46,117		8.89,9.71	1000,1 	0
1631    	29.78, -14.94, -7.40 	-1.18, 1.41, -6.63 	-21.65, 12.50 	13,21,46,127		6.53,12.01	1000,1 	0
1639    	29.71, -14.86, -7.48 	-1.25, 1.36, -6.57 	-21.65, 12.50 	13,21,46,136		14.36,10.67	1000,1 	0
1648    	29.65, -14.75, -7.58 	-1.39, 1.30, -6.56 	-21.65, 12.50 	13,21,46,146		13.46,16.48	1000,1 	0
1657    	29.56, -14.57, -7.72 	-1.38, 1.21, -6.55 	-21.65, 12.50 	13,21,46,156		22.31,9.50	1000,1 	0
1666    	29.47, -14.42, -7.82 	-1.42, 1.10, -6.53 	-21.65, 12.50 	13,21,46,166		19.72,12.56	1000,1 	0
1674    	29.30, -14.23, -7.95 	-1.33, 0.98, -6.51 	-21.65, 12.50 	13,21,46,175		31.51,20.19	1000,1 	0
1683    	29.26, -14.01, -8.05 	-1.15, 0.82, -6.52 	-21.65, 12.50 	13,21,46,185		24.06,25.63	1000,1 	0
1692    	29.22, -13.85, -8.10 	-0.92, 0.63, -6.51 	-21.65, 12.50 	13,21,46,195		18.54,33.65	1000,1 	0
1700    	29.05, -13.71, -8.15 	-0.70, 0.44, -6.53 	-21.65, 12.50 	13,21,46,204		27.68,36.94	1000,1 	0
1709    	28.88, -13.48, -8.25 	-0.66, 0.20, -6.53 	-21.65, 12.50 	13,21,46,214		31.44,26.55	1000,1 	0
1718    	28.69, -13.25, -8.42 	-0.79, 0.05, -6.54 	-21.65, 12.50 	13,21,46,224		33.70,22.21	1000,1 	0
1726    	28.54, -13.00, -8.53 	-0.88, -0.07, -6.61 	-21.65, 12.50 	13,21,46,233		35.55,18.12	1000,1 	0
1735    	28.39, -12.75, -8.66 	-0.96, -0.09, -6.69 	-21.65, 12.50 	13,21,46,243		33.16,9.88	1000,1 	0
1744    	28.28, -12.54, -8.76 	-1.05, -0.10, -6.75 	-21.65, 12.50 	13,21,46,253		25.38,9.68	1000,1 	0
1752    	28.20, -12.28, -8.88 	-1.17, -0.11, -6.82 	-21.65, 12.50 	13,21,46,262		35.01,15.68	1000,1 	0
1761    	28.16, -12.05, -8.94 	-1.28, -0.13, -6.90 	-21.65, 12.50 	13,21,46,272		25.22,11.96	1000,1 	0
1770    	28.14, -11.82, -8.99 	-1.34, -0.11, -6.95 	-21.65, 12.50 	13,21,46,282		26.13,6.54	1000,1 	0
1778    	27.97, -11.60, -9.03 	-1.40, -0.07, -7.04 	-21.65, 12.50 	13,21,46,291		35.37,10.04	1000,1 	0
1787    	27.82, -11.35, -9.09 	-1.56, -0.07, -7.12 	-21.65, 12.50 	13,21,46,301		31.60,17.11	1000,1 	0
1796    	27.60, -11.04, -9.17 	-1.80, -0.04, -7.20 	-21.65, 12.50 	13,21,46,311		42.23,27.02	1000,1 	0
1804    	27.42, -10.63, -9.27 	-2.19, -0.01, -7.32 	-21.65, 12.50 	13,21,46,320		56.74,49.44	1000,1 	0
1813    	27.11, -10.22, -9.38 	-2.71, 0.04, -7.50 	-21.65, 12.50 	13,21,46,330		56.52,58.01	1000,1 	0
1822    	26.76, -9.88, -9.47 	-3.28, 0.10, -7.64 	-21.65, 12.50 	13,21,46,340		54.02,63.60	1000,1 	0
1830    	26.48, -9.59, -9.52 	-3.79, 0.22, -7.75 	-21.65, 12.50 	13,21,46,349		50.95,65.34	1000,1 	0
1839    	26.27, -9.24, -9.57 	-4.07, 0.34, -7.91 	-21.65, 12.50 	13,21,46,359		45.06,33.83	1000,1 	0
1848    	26.09, -8.82, -9.61 	-4.27, 0.45, -8.09 	-21.65, 12.50 	13,21,46,369		50.44,25.23	1000,1 	0
1856    	25.85, -8.44, -9.65 	-4.57, 0.48, -8.20 	-21.65, 12.50 	13,21,46,378		56.60,37.43	1000,1 	0
1865    	25.58, -8.15, -9.69 	-4.88, 0.43, -8.27 	-21.65, 12.50 	13,21,46,388		43.80,35.70	1000,1 	0
1874    	25.32, -7.90, -9.68 	-5.27, 0.36, -8.32 	-21.65, 12.50 	13,21,46,398		40.51,43.45	1000,1 	0
1883    	25.04, -7.67, -9.66 	-5.59, 0.30, -8.35 	-21.65, 12.50 	13,21,46,408		39.76,36.75	1000,1 	0
1891    	24.67, -7.49, -9.65 	-5.98, 0.27, -8.40 	-21.65, 12.50 	13,21,46,417		52.12,48.34	1000,1 	0
1900    	24.24, -7.34, -9.65 	-6.49, 0.23, -8.44 	-21.65, 12.50 	13,21,46,427		49.92,56.80	1000,1 	0
1909    	23.88, -7.16, -9.70 	-6.90, 0.16, -8.49 	-21.65, 12.50 	13,21,46,437		45.37,46.60	1000,1 	0
1917    	23.65, -6.92, -9.75 	-7.17, 0.21, -8.62 	-21.65, 12.50 	13,21,46,446		42.10,34.44	1000,1 	0
1926    	23.45, -6.62, -9.80 	-7.53, 0.27, -8.76 	-21.65, 12.50 	13,21,46,456		39.45,40.10	1000,1 	0
1935    	23.21, -6.23, -9.85 	-7.89, 0.27, -8.85 	-21.65, 12.50 	13,21,46,466		50.31,40.63	1000,1 	0
1943    	22.98, -5.82, -9.91 	-8.30, 0.27, -8.93 	-21.65, 12.50 	13,21,46,475		59.42,50.53	1000,1 	0
1952    	22.74, -5.44, -9.94 	-8.68, 0.24, -9.04 	-21.65, 12.50 	13,21,46,485		49.31,42.87	1000,1 	0
1961    	22.50, -5.17, -9.91 	-9.07, 0.18, -9.13 	-21.65, 12.50 	13,21,46,495		40.77,43.26	1000,1 	0
1969    	22.13, -5.04, -9.82 	-9.39, 0.09, -9.16 	-21.65, 12.50 	13,21,46,504		49.60,42.46	1000,1 	0
1978    	21.68, -4.91, -9.77 	-9.79, 0.06, -9.20 	-21.65, 12.50 	13,21,46,514		51.24,43.93	1000,1 	0
1987    	21.27, -4.75, -9.77 	-10.18, 0.03, -9.26 	-21.65, 12.50 	13,21,46,524		49.32,43.93	1000,1 	0
1995    	20.93, -4.50, -9.82 	-10.46, 0.02, -9.33 	-21.65, 12.50 	13,21,46,533		52.88,34.89	1000,1 	0
2004    	20.61, -4.25, -9.85 	-10.72, 0.03, -9.43 	-21.65, 12.50 	13,21,46,543		45.44,28.87	1000,1 	0
2013    	20.24, -3.97, -9.90 	-10.99, 0.06, -9.51 	-21.65, 12.50 	13,21,46,553		50.99,30.21	1000,1 	0
2021    	19.98, -3.72, -9.93 	-11.28, 0.14, -9.61 	-21.65, 12.50 	13,21,46,562		45.58,37.42	1000,1 	0
2030    	19.81, -3.46, -9.95 	-11.48, 0.12, -9.68 	-21.65, 12.50 	13,21,46,572		34.32,22.55	1000,1 	0
2039    	19.64, -3.30, -9.94 	-11.83, 0.15, -9.75 	-21.65, 12.50 	13,21,46,582		25.42,38.71	1000,1 	0
2047    	19.35, -3.19, -9.92 	-12.11, 0.16, -9.79 	-21.65, 12.50 	13,21,46,591		38.49,34.89	1000,1 	0
2056    	19.03, -3.09, -9.90 	-12.52, 0.15, -9.77 	-21.65, 12.50 	13,21,46,601		38.26,45.98	1000,1 	0
2065    	18.70, -2.97, -9.90 	-12.89, 0.03, -9.75 	-21.65, 12.50 	13,21,46,611		38.64,42.50	1000,1 	0
2074    	18.43, -2.76, -9.90 	-13.21, -0.04, -9.72 	-21.65, 12.50 	13,21,46,621		38.18,37.17	1000,1 	0
2082    	18.14, -2.53, -9.90 	-13.56, -0.06, -9.72 	-21.65, 12.50 	13,21,46,630		45.67,43.35	1000,1 	0
2091    	17.85, -2.36, -9.93 	-13.89, -0.01, -9.73 	-21.65, 12.50 	13,21,46,640		37.27,36.74	1000,1 	0
2100    	17.59, -2.22, -9.94 	-14.20, 0.09, -9.76 	-21.65, 12.50 	13,21,46,650		32.73,36.00	1000,1 	0
2108    	17.41, -2.06, -9.96 	-14.45, 0.23, -9.86 	-21.65, 12.50 	13,21,46,659		30.36,36.01	1000,1 	0
2117    	17.20, -1.89, -9.95 	-14.67, 0.34, -9.98 	-21.65, 12.50 	13,21,46,669		30.21,27.48	1000,1 	0
2126    	16.92, -1.84, -9.91 	-14.91, 0.42, -10.01 	-21.65, 12.50 	13,21,46,679		31.60,28.51	1000,1 	0
2134    	16.63, -1.89, -9.87 	-15.13, 0.51, -10.04 	-21.65, 12.50 	13,21,46,688		36.74,29.81	1000,1 	0
2143    	16.40, -1.95, -9.83 	-15.47, 0.62, -10.04 	-21.65, 12.50 	13,21,46,698		26.37,39.44	1000,1 	0
2152    	16.18, -1.89, -9.80 	-15.67, 0.70, -10.01 	-21.65, 12.50 	13,21,46,708		25.32,24.06	1000,1 	0
2160    	15.93, -1.78, -9.77 	-15.91, 0.83, -10.02 	-21.65, 12.50 	13,21,46,717		34.56,34.30	1000,1 	0
2169    	15.62, -1.71, -9.76 	-16.15, 0.97, -10.02 	-21.65, 12.50 	13,21,46,727		34.98,30.15	1000,1 	0
2178    	15.34, -1.65, -9.76 	-16.44, 1.11, -10.00 	-21.65, 12.50 	13,21,46,737		31.84,36.78	1000,1 	0
2186    	15.14, -1.55, -9.77 	-16.65, 1.25, -10.00 	-21.65, 12.50 	13,21,46,746		27.98,30.88	1000,1 	0
2195    	14.96, -1.40, -9.76 	-16.92, 1.41, -10.02 	-21.65, 12.50 	13,21,46,756		25.41,35.07	1000,1 	0
2204    	14.75, -1.28, -9.73 	-17.10, 1.56, -10.03 	-21.65, 12.50 	13,21,46,766		26.90,26.45	1000,1 	0
2212    	14.55, -1.17, -9.72 	-17.42, 1.78, -10.03 	-21.65, 12.50 	13,21,46,775		29.22,48.19	1000,1 	0
2222    	14.36, -1.06, -9.73 	-17.65, 2.03, -10.04 	-21.65, 12.50 	13,21,46,786		22.01,33.99	1000,1 	0
2230    	14.17, -1.01, -9.71 	-17.91, 2.25, -10.06 	-21.65, 12.50 	13,21,46,795		23.82,41.45	1000,1 	0
2239    	13.92, -0.99, -9.69 	-18.22, 2.51, -10.05 	-21.65, 12.50 	13,21,46,805		27.93,46.47	1000,1 	0
2247    	13.63, -1.01, -9.65 	-18.50, 2.69, -10.04 	-21.65, 12.50 	13,21,46,814		37.43,40.17	1000,1 	0
2256    	13.37, -0.99, -9.64 	-18.87, 2.93, -9.99 	-21.65, 12.50 	13,21,46,824		29.00,49.55	1000,1 	0
2265    	13.17, -0.90, -9.63 	-19.20, 3.23, -9.95 	-21.65, 12.50 	13,21,46,834		23.40,49.65	1000,1 	0
2273    	13.00, -0.82, -9.63 	-19.44, 3.46, -9.96 	-21.65, 12.50 	13,21,46,843		24.15,41.45	1000,1 	0
2282    	12.80, -0.74, -9.64 	-19.75, 3.76, -9.95 	-21.65, 12.50 	13,21,46,853		23.95,48.08	1000,1 	0
2291    	12.62, -0.67, -9.65 	-19.99, 4.00, -9.97 	-21.65, 12.50 	13,21,46,863		20.97,37.77	1000,1 	0
2299    	12.52, -0.59, -9.66 	-20.21, 4.26, -10.01 	-21.65, 12.50 	13,21,46,872		16.19,42.68	1000,1 	0
2308    	12.38, -0.58, -9.64 	-20.46, 4.48, -10.02 	-21.65, 12.50 	13,21,46,882		15.03,36.84	1000,1 	0
2317    	12.28, -0.56, -9.62 	-20.70, 4.67, -10.02 	-21.65, 12.50 	13,21,46,892		12.01,34.49	1000,1 	0
2325    	12.09, -0.58, -9.59 	-20.95, 4.90, -10.02 	-21.65, 12.50 	13,21,46,901		23.04,41.45	1000,1 	0
2334    	11.90, -0.60, -9.58 	-21.19, 5.02, -9.96 	-21.65, 12.50 	13,21,46,911		21.54,29.93	1000,1 	0
2343    	11.73, -0.62, -9.57 	-21.43, 5.29, -9.99 	-21.65, 12.50 	13,21,46,921		19.41,40.26	1000,1 	0
2351    	11.53, -0.62, -9.57 	-21.62, 5.44, -9.97 	-21.65, 12.50 	13,21,46,930		25.29,30.70	1000,1 	0
2360    	11.32, -0.62, -9.56 	-21.77, 5.57, -9.98 	-21.65, 12.50 	13,21,46,940		22.48,21.62	1000,1 	0
2369    	11.14, -0.63, -9.58 	-21.96, 5.70, -9.97 	-21.65, 12.50 	13,21,46,950		20.37,25.88	1000,1 	0
2377    	11.05, -0.61, -9.59 	-22.13, 5.82, -9.95 	-21.65, 12.50 	13,21,46,959		11.16,25.37	1000,1 	0
2386    	11.01, -0.57, -9.62 	-22.22, 5.92, -9.96 	-21.65, 12.50 	13,21,46,969		7.14,15.24	1000,1 	0
2395    	10.96, -0.57, -9.61 	-22.31, 5.96, -9.93 	-21.65, 12.50 	13,21,46,979		5.35,10.80	1000,1 	0
2403    	10.91, -0.59, -9.59 	-22.35, 6.01, -9.92 	-21.65, 12.50 	13,21,46,988		6.59,8.29	1000,1 	0
2412    	10.86, -0.61, -9.57 	-22.38, 6.05, -9.91 	-21.65, 12.50 	13,21,46,998		5.85,4.83	1000,1 	0
2421    	10.84, -0.62, -9.54 	-22.45, 6.11, -9.88 	-21.65, 12.50 	13,21,47,8		2.45,10.41	1000,1 	0
2430    	10.81, -0.65, -9.52 	-22.49, 6.16, -9.87 	-21.65, 12.50 	13,21,47,18		4.79,8.05	1000,1 	0
2438    	10.75, -0.70, -9.51 	-22.50, 6.23, -9.86 	-21.65, 12.50 	13,21,47,27		8.98,8.13	1000,1 	0
2447    	10.73, -0.73, -9.50 	-22.52, 6.27, -9.83 	-21.65, 12.50 	13,21,47,37		4.79,5.24	1000,1 	0
2456    	10.72, -0.74, -9.48 	-22.53, 6.37, -9.86 	-21.65, 12.50 	13,21,47,47		1.60,10.76	1000,1 	0
2464    	10.69, -0.77, -9.48 	-22.55, 6.44, -9.83 	-21.65, 12.50 	13,21,47,56		5.39,9.69	1000,1 	0
2473    	10.70, -0.79, -9.45 	-22.54, 6.57, -9.81 	-21.65, 12.50 	13,21,47,66		2.60,14.28	1000,1 	0
2482    	10.68, -0.82, -9.44 	-22.61, 6.68, -9.77 	-21.65, 12.50 	13,21,47,76		4.15,14.14	1000,1 	0
2490    	10.71, -0.85, -9.43 	-22.66, 6.90, -9.71 	-21.65, 12.50 	13,21,47,85		4.49,28.79	1000,1 	0
2499    	10.74, -0.87, -9.41 	-22.66, 7.20, -9.62 	-21.65, 12.50 	13,21,47,95		3.99,33.26	1000,1 	0
2508    	10.74, -0.89, -9.39 	-22.65, 7.53, -9.49 	-21.65, 12.50 	13,21,47,105		2.60,36.86	1000,1 	0
2516    	10.74, -0.93, -9.37 	-22.61, 7.97, -9.34 	-21.65, 12.50 	13,21,47,114		5.33,54.93	1000,1 	0
2525    	10.74, -0.97, -9.34 	-22.56, 8.43, -9.18 	-21.65, 12.50 	13,21,47,124		4.86,51.39	1000,1 	0
2534    	10.75, -1.01, -9.31 	-22.42, 8.79, -9.06 	-21.65, 12.50 	13,21,47,134		4.15,43.23	1000,1 	0
2542    	10.76, -1.04, -9.26 	-22.30, 9.06, -8.92 	-21.65, 12.50 	13,21,47,143		4.17,36.20	1000,1 	0
2551    	10.75, -1.09, -9.22 	-22.29, 9.41, -8.82 	-21.65, 12.50 	13,21,47,153		6.02,39.23	1000,1 	0
2560    	10.74, -1.12, -9.20 	-22.25, 9.75, -8.72 	-21.65, 12.50 	13,21,47,163		3.71,38.19	1000,1 	0
2568    	10.79, -1.12, -9.17 	-22.22, 10.12, -8.61 	-21.65, 12.50 	13,21,47,172		6.02,45.53	1000,1 	0
2578    	10.83, -1.08, -9.16 	-22.10, 10.42, -8.56 	-21.65, 12.50 	13,21,47,183		5.75,32.27	1000,1 	0
2586    	10.88, -1.10, -9.13 	-21.99, 10.71, -8.47 	-21.65, 12.50 	13,21,47,192		6.58,39.90	1000,1 	0
2594    	10.88, -1.13, -9.11 	-21.95, 10.96, -8.34 	-21.65, 12.50 	13,21,47,201		4.00,31.04	1000,1 	0
2603    	10.88, -1.19, -9.07 	-21.90, 11.18, -8.20 	-21.65, 12.50 	13,21,47,211		5.92,25.43	1000,1 	0
2612    	10.89, -1.21, -9.06 	-21.80, 11.47, -8.08 	-21.65, 12.50 	13,21,47,221		2.60,34.00	1000,1 	0
2621    	10.87, -1.24, -9.05 	-21.70, 11.63, -7.96 	-21.65, 12.50 	13,21,47,231		4.15,20.64	1000,1 	0
2629    	10.84, -1.23, -9.04 	-21.69, 11.87, -7.83 	-21.65, 12.50 	13,21,47,240		3.85,29.46	1000,1 	0
2638    	10.82, -1.22, -9.05 	-21.71, 12.05, -7.66 	-21.65, 12.50 	13,21,47,250		2.45,20.34	1000,1 	0
2647    	10.83, -1.20, -9.06 	-21.67, 12.18, -7.52 	-21.65, 12.50 	13,21,47,260		2.60,14.82	1000,1 	0
2655    	10.83, -1.20, -9.07 	-21.62, 12.29, -7.44 	-21.65, 12.50 	13,21,47,269		0.00,15.80	1000,1 	0
2664    	10.82, -1.20, -9.07 	-21.54, 12.35, -7.37 	-21.65, 12.50 	13,21,47,279		1.07,11.23	1000,1 	0
2673    	10.81, -1.21, -9.07 	-21.53, 12.38, -7.30 	-21.65, 12.50 	13,21,47,289		1.60,3.71	1000,1 	0
2681    	10.81, -1.21, -9.07 	-21.51, 12.37, -7.23 	-21.65, 12.50 	13,21,47,298		0.00,2.77	1000,1 	0
2690    	10.80, -1.23, -9.06 	-21.44, 12.32, -7.21 	-21.65, 12.50 	13,21,47,308		2.60,8.93	1000,1 	0
2699    	10.79, -1.24, -9.05 	-21.43, 12.29, -7.18 	-21.65, 12.50 	13,21,47,318		1.60,3.74	1000,1 	0
2707    	10.78, -1.27, -9.05 	-21.45, 12.30, -7.15 	-21.65, 12.50 	13,21,47,327		4.17,2.77	1000,1 	0
2716    	10.77, -1.26, -9.05 	-21.43, 12.26, -7.12 	-21.65, 12.50 	13,21,47,337		1.60,5.24	1000,1 	0
2725    	10.77, -1.26, -9.05 	-21.46, 12.23, -7.10 	-21.65, 12.50 	13,21,47,347		0.00,4.76	1000,1 	0
2733    	10.77, -1.25, -9.07 	-21.46, 12.22, -7.08 	-21.65, 12.50 	13,21,47,356		1.33,1.34	1000,1 	0
2742    	10.79, -1.25, -9.06 	-21.48, 12.21, -7.09 	-21.65, 12.50 	13,21,47,366		2.14,2.43	1000,1 	0
2751    	10.78, -1.25, -9.06 	-21.46, 12.17, -7.09 	-21.65, 12.50 	13,21,47,376		1.07,4.18	1000,1 	0
2759    	10.78, -1.25, -9.07 	-21.47, 12.15, -7.08 	-21.65, 12.50 	13,21,47,385		0.00,2.91	1000,1 	0
2769    	10.80, -1.24, -9.07 	-21.47, 12.10, -7.07 	-21.65, 12.50 	13,21,47,396		2.20,5.35	1000,1 	0
2777    	10.80, -1.24, -9.07 	-21.48, 12.02, -7.06 	-21.65, 12.50 	13,21,47,405		0.00,9.41	1000,1 	0
2786    	10.78, -1.26, -9.07 	-21.50, 11.86, -7.05 	-21.65, 12.50 	13,21,47,415		3.19,18.06	1000,1 	0
2794    	10.79, -1.27, -9.06 	-21.59, 11.60, -7.00 	-21.65, 12.50 	13,21,47,424		1.79,34.97	1000,1 	0
2803    	10.79, -1.28, -9.07 	-21.65, 11.31, -6.96 	-21.65, 12.50 	13,21,47,434		1.18,32.83	1000,1 	0
2812    	10.77, -1.29, -9.06 	-21.70, 11.04, -6.91 	-21.65, 12.50 	13,21,47,444		2.45,30.10	1000,1 	0
2820    	10.78, -1.28, -9.06 	-21.71, 10.86, -6.90 	-21.65, 12.50 	13,21,47,453		1.80,22.73	1000,1 	0
2829    	10.75, -1.28, -9.07 	-21.78, 10.81, -6.87 	-21.65, 12.50 	13,21,47,463		3.21,9.48	1000,1 	0
2838    	10.75, -1.26, -9.08 	-21.76, 10.75, -6.88 	-21.65, 12.50 	13,21,47,473		2.37,6.34	1000,1 	0
2846    	10.77, -1.25, -9.09 	-21.74, 10.72, -6.87 	-21.65, 12.50 	13,21,47,482		2.75,4.71	1000,1 	0
2855    	10.78, -1.23, -9.09 	-21.72, 10.70, -6.86 	-21.65, 12.50 	13,21,47,492		2.60,3.22	1000,1 	0
2864    	10.79, -1.24, -9.08 	-21.71, 10.68, -6.83 	-21.65, 12.50 	13,21,47,502		1.60,2.62	1000,1 	0
2872    	10.80, -1.25, -9.08 	-21.73, 10.70, -6.82 	-21.65, 12.50 	13,21,47,511		1.79,3.62	1000,1 	0
2881    	10.80, -1.27, -9.08 	-21.75, 10.70, -6.81 	-21.65, 12.50 	13,21,47,521		2.37,2.14	1000,1 	0
2890    	10.80, -1.27, -9.08 	-21.75, 10.70, -6.81 	-21.65, 12.50 	13,21,47,531		0.00,0.00	1000,1 	0
2898    	10.80, -1.27, -9.08 	-21.74, 10.70, -6.79 	-21.65, 12.50 	13,21,47,540		0.00,1.20	1000,1 	0
2907    	10.81, -1.26, -9.08 	-21.76, 10.71, -6.76 	-21.65, 12.50 	13,21,47,550		1.60,2.46	1000,1 	0
2916    	10.80, -1.26, -9.08 	-21.73, 10.75, -6.73 	-21.65, 12.50 	13,21,47,560		1.07,5.69	1000,1 	0
2924    	10.81, -1.26, -9.08 	-21.77, 10.88, -6.71 	-21.65, 12.50 	13,21,47,569		1.20,16.81	1000,1 	0
2933    	10.81, -1.26, -9.07 	-21.79, 11.10, -6.71 	-21.65, 12.50 	13,21,47,579		0.00,23.89	1000,1 	0
2942    	10.81, -1.26, -9.08 	-21.79, 11.36, -6.72 	-21.65, 12.50 	13,21,47,589		0.00,29.70	1000,1 	0
2950    	10.83, -1.26, -9.08 	-21.80, 11.52, -6.75 	-21.65, 12.50 	13,21,47,598		2.41,20.10	1000,1 	0
2959    	10.85, -1.25, -9.07 	-21.80, 11.63, -6.74 	-21.65, 12.50 	13,21,47,608		2.45,11.88	1000,1 	0
2968    	10.84, -1.26, -9.08 	-21.80, 11.74, -6.73 	-21.65, 12.50 	13,21,47,618		1.60,11.88	1000,1 	0
2976    	10.84, -1.27, -9.06 	-21.73, 11.86, -6.76 	-21.65, 12.50 	13,21,47,627		1.33,16.83	1000,1 	0
2986    	10.84, -1.30, -9.06 	-21.75, 11.97, -6.75 	-21.65, 12.50 	13,21,47,638		3.20,11.81	1000,1 	0
2994    	10.83, -1.30, -9.06 	-21.74, 12.15, -6.77 	-21.65, 12.50 	13,21,47,647		1.20,22.73	1000,1 	0
3003    	10.86, -1.30, -9.06 	-21.75, 12.27, -6.78 	-21.65, 12.50 	13,21,47,657		3.21,13.13	1000,1 	0
3011    	10.86, -1.30, -9.04 	-21.73, 12.41, -6.81 	-21.65, 12.50 	13,21,47,666		0.00,17.50	1000,1 	0
3020    	10.86, -1.30, -9.04 	-21.70, 12.54, -6.81 	-21.65, 12.50 	13,21,47,676		0.00,14.56	1000,1 	0
3029    	10.88, -1.33, -9.03 	-21.69, 12.66, -6.81 	-21.65, 12.50 	13,21,47,686		3.19,13.10	1000,1 	0
3037    	10.91, -1.34, -9.03 	-21.67, 12.74, -6.80 	-21.65, 12.50 	13,21,47,695		3.85,10.92	1000,1 	0
3046    	10.94, -1.33, -9.03 	-21.63, 12.83, -6.80 	-21.65, 12.50 	13,21,47,705		3.42,10.83	1000,1 	0
3055    	10.95, -1.35, -9.03 	-21.59, 12.89, -6.78 	-21.65, 12.50 	13,21,47,715		2.60,8.26	1000,1 	0
3063    	10.95, -1.36, -9.02 	-21.56, 12.97, -6.80 	-21.65, 12.50 	13,21,47,724		1.33,9.98	1000,1 	0
3072    	10.95, -1.37, -9.02 	-21.59, 13.02, -6.79 	-21.65, 12.50 	13,21,47,734		1.18,6.79	1000,1 	0
3081    	10.95, -1.37, -9.02 	-21.57, 13.07, -6.79 	-21.65, 12.50 	13,21,47,744		0.00,6.28	1000,1 	0
3089    	10.96, -1.38, -9.00 	-21.60, 13.12, -6.79 	-21.65, 12.50 	13,21,47,753		1.79,6.50	1000,1 	0
3098    	10.95, -1.38, -9.00 	-21.59, 13.15, -6.78 	-21.65, 12.50 	13,21,47,763		1.07,3.71	1000,1 	0
3107    	10.96, -1.38, -9.01 	-21.59, 13.17, -6.79 	-21.65, 12.50 	13,21,47,773		1.07,2.38	1000,1 	0
3115    	10.97, -1.36, -9.01 	-21.58, 13.18, -6.79 	-21.65, 12.50 	13,21,47,782		2.92,1.78	1000,1 	0
3124    	10.98, -1.35, -9.01 	-21.58, 13.17, -6.78 	-21.65, 12.50 	13,21,47,792		1.60,1.19	1000,1 	0
3133    	11.00, -1.36, -9.01 	-21.57, 13.16, -6.79 	-21.65, 12.50 	13,21,47,802		3.42,1.61	1000,1 	0
3141    	10.99, -1.37, -9.00 	-21.57, 13.18, -6.79 	-21.65, 12.50 	13,21,47,811		1.80,2.67	1000,1 	0
3151    	11.00, -1.37, -9.01 	-21.57, 13.17, -6.79 	-21.65, 12.50 	13,21,47,822		0.96,1.07	1000,1 	0
3159    	10.99, -1.36, -9.01 	-21.58, 13.15, -6.79 	-21.65, 12.50 	13,21,47,831		2.75,2.91	1000,1 	0
3168    	11.00, -1.37, -9.01 	-21.58, 13.17, -6.80 	-21.65, 12.50 	13,21,47,841		2.45,2.38	1000,1 	0
3177    	11.00, -1.37, -9.01 	-21.59, 13.19, -6.80 	-21.65, 12.50 	13,21,47,851		0.00,2.62	1000,1 	0
3185    	11.00, -1.37, -9.01 	-21.61, 13.19, -6.79 	-21.65, 12.50 	13,21,47,860		0.00,2.41	1000,1 	0
3194    	10.99, -1.37, -9.01 	-21.59, 13.18, -6.79 	-21.65, 12.50 	13,21,47,870		1.07,2.46	1000,1 	0
3202    	11.00, -1.36, -9.01 	-21.62, 13.18, -6.80 	-21.65, 12.50 	13,21,47,879		1.80,3.61	1000,1 	0
3211    	11.00, -1.36, -9.01 	-21.62, 13.17, -6.79 	-21.65, 12.50 	13,21,47,889		0.00,1.19	1000,1 	0
3220    	11.01, -1.36, -9.02 	-21.61, 13.16, -6.79 	-21.65, 12.50 	13,21,47,899		1.07,1.61	1000,1 	0
3228    	11.00, -1.35, -9.02 	-21.64, 13.15, -6.78 	-21.65, 12.50 	13,21,47,908		1.79,3.83	1000,1 	0
3237    	11.01, -1.37, -9.01 	-21.63, 13.15, -6.78 	-21.65, 12.50 	13,21,47,918		2.60,1.07	1000,1 	0
3246    	11.03, -1.37, -9.01 	-21.62, 13.15, -6.79 	-21.65, 12.50 	13,21,47,928		2.14,1.07	1000,1 	0
3254    	11.01, -1.37, -9.01 	-21.66, 13.17, -6.78 	-21.65, 12.50 	13,21,47,937		2.41,5.54	1000,1 	0
3263    	11.02, -1.37, -9.01 	-21.64, 13.15, -6.78 	-21.65, 12.50 	13,21,47,947		1.07,3.22	1000,1 	0
3272    	11.01, -1.38, -9.01 	-21.66, 13.16, -6.77 	-21.65, 12.50 	13,21,47,957		1.60,2.46	1000,1 	0
3280    	11.01, -1.38, -9.01 	-21.67, 13.16, -6.77 	-21.65, 12.50 	13,21,47,966		0.00,1.20	1000,1 	0
3289    	11.03, -1.37, -9.01 	-21.68, 13.17, -6.77 	-21.65, 12.50 	13,21,47,976		2.45,1.61	1000,1 	0
3298    	11.03, -1.37, -9.01 	-21.68, 13.15, -6.77 	-21.65, 12.50 	13,21,47,986		0.00,2.38	1000,1 	0
3306    	11.02, -1.37, -9.01 	-21.69, 13.16, -6.77 	-21.65, 12.50 	13,21,47,995		1.20,1.81	1000,1 	0
3315    	11.05, -1.38, -9.00 	-21.70, 13.14, -6.76 	-21.65, 12.50 	13,21,48,5		3.42,2.59	1000,1 	0
3324    	11.04, -1.38, -9.00 	-21.70, 13.14, -6.77 	-21.65, 12.50 	13,21,48,15		1.07,0.00	1000,1 	0
3333    	11.06, -1.39, -9.00 	-21.70, 13.14, -6.76 	-21.65, 12.50 	13,21,48,25		2.45,0.00	1000,1 	0
3341    	11.05, -1.38, -9.00 	-21.73, 13.13, -6.74 	-21.65, 12.50 	13,21,48,34		1.80,4.97	1000,1 	0
3350    	11.06, -1.39, -9.00 	-21.74, 13.13, -6.73 	-21.65, 12.50 	13,21,48,44		1.60,1.07	1000,1 	0
3359    	11.06, -1.39, -9.00 	-21.74, 13.13, -6.75 	-21.65, 12.50 	13,21,48,54		0.00,0.00	1000,1 	0
3367    	11.05, -1.40, -8.99 	-21.71, 13.14, -6.75 	-21.65, 12.50 	13,21,48,63		1.80,3.83	1000,1 	0
3376    	11.06, -1.41, -9.00 	-21.71, 13.12, -6.75 	-21.65, 12.50 	13,21,48,73		1.60,2.38	1000,1 	0
3385    	11.07, -1.40, -9.00 	-21.71, 13.12, -6.75 	-21.65, 12.50 	13,21,48,83		1.60,0.00	1000,1 	0
3393    	11.07, -1.40, -9.00 	-21.72, 13.14, -6.77 	-21.65, 12.50 	13,21,48,92		0.00,2.95	1000,1 	0
3402    	11.07, -1.41, -8.99 	-21.71, 13.13, -6.76 	-21.65, 12.50 	13,21,48,102		1.18,1.61	1000,1 	0
3411    	11.08, -1.41, -8.99 	-21.73, 13.11, -6.76 	-21.65, 12.50 	13,21,48,112		1.07,3.17	1000,1 	0
3419    	11.08, -1.41, -9.00 	-21.74, 13.11, -6.75 	-21.65, 12.50 	13,21,48,121		0.00,1.20	1000,1 	0
3428    	11.08, -1.42, -8.99 	-21.72, 13.11, -6.75 	-21.65, 12.50 	13,21,48,131		1.18,2.14	1000,1 	0
3436    	11.10, -1.42, -8.99 	-21.76, 13.12, -6.75 	0.00, -0.00 	13,21,48,150		2.14,4.46	1000,1 	0
3445    	11.09, -1.42, -8.99 	-21.76, 13.12, -6.75 	0.00, -0.00 	13,21,48,160		9.63,0.00	1000,1 	0
3454    	11.09, -1.42, -8.99 	-21.78, 13.12, -6.75 	0.00, -0.00 	13,21,48,170		nan,inf	1000,1 	0
3462    	11.11, -1.43, -8.98 	-21.77, 13.11, -6.74 	0.00, -0.00 	13,21,48,179		0.00,0.00	1000,1 	0
3471    	11.11, -1.43, -8.98 	-21.79, 13.11, -6.74 	0.00, -0.00 	13,21,48,189		0.00,19.25	1000,1 	0
3480    	11.12, -1.44, -8.98 	-21.79, 13.12, -6.74 	0.00, -0.00 	13,21,48,199		inf,inf	1000,1 	0
3488    	11.12, -1.44, -8.98 	-21.76, 13.12, -6.73 	0.00, -0.00 	13,21,48,208		nan,inf	1000,1 	0
3497    	11.13, -1.44, -8.98 	-21.79, 13.12, -6.74 	0.00, -0.00 	13,21,48,218		9.63,28.87	1000,1 	0
3506    	11.13, -1.44, -8.98 	-21.78, 13.11, -6.75 	0.00, -0.00 	13,21,48,228		nan,inf	1000,1 	0
3515    	11.13, -1.45, -8.97 	-21.77, 13.12, -6.75 	0.00, -0.00 	13,21,48,238		inf,inf	1000,1 	0
3523    	11.13, -1.46, -8.97 	-21.79, 13.12, -6.74 	0.00, -0.00 	13,21,48,247		inf,inf	1000,1 	0
3532    	11.15, -1.46, -8.97 	-21.81, 13.10, -6.75 	0.00, -0.00 	13,21,48,257		inf,inf	1000,1 	0
3541    	11.15, -1.47, -8.98 	-21.78, 13.11, -6.74 	0.00, -0.00 	13,21,48,267		inf,inf	1000,1 	0
3549    	11.17, -1.46, -8.98 	-21.79, 13.12, -6.75 	0.00, -0.00 	13,21,48,276		inf,inf	1000,1 	0
3558    	11.15, -1.46, -8.97 	-21.79, 13.10, -6.74 	0.00, -0.00 	13,21,48,286		inf,inf	1000,1 	0
3567    	11.15, -1.46, -8.98 	-21.79, 13.12, -6.74 	0.00, -0.00 	13,21,48,296		nan,inf	1000,1 	0
3575    	11.16, -1.47, -8.97 	-21.79, 13.13, -6.75 	0.00, -0.00 	13,21,48,305		inf,inf	1000,1 	0
3584    	11.16, -1.47, -8.97 	-21.78, 13.10, -6.75 	0.00, -0.00 	13,21,48,315		0.00,33.63	1000,1 	0
3593    	11.16, -1.47, -8.97 	-21.79, 13.11, -6.74 	0.00, -0.00 	13,21,48,325		nan,inf	1000,1 	0
3601    	11.16, -1.49, -8.97 	-21.79, 13.11, -6.73 	0.00, -0.00 	13,21,48,334		inf,nan	1000,1 	0
3610    	11.16, -1.49, -8.96 	-21.80, 13.12, -6.74 	0.00, -0.00 	13,21,48,344		0.00,14.49	1000,1 	0
3619    	11.17, -1.50, -8.96 	-21.79, 13.10, -6.73 	0.00, -0.00 	13,21,48,354		inf,inf	1000,1 	0
3627    	11.16, -1.50, -8.96 	-21.79, 13.11, -6.74 	0.00, -0.00 	13,21,48,363		0.00,0.00	1000,1 	0
3636    	11.14, -1.51, -8.96 	-21.80, 13.12, -6.75 	0.00, -0.00 	13,21,48,373		22.02,14.49	1000,1 	0
3645    	11.16, -1.50, -8.97 	-21.83, 13.13, -6.74 	0.00, -0.00 	13,21,48,383		inf,inf	1000,1 	0
3653    	11.17, -1.50, -8.97 	-21.80, 13.12, -6.74 	0.00, -0.00 	13,21,48,392		inf,inf	1000,1 	0
3662    	11.17, -1.50, -8.97 	-21.80, 13.13, -6.74 	0.00, -0.00 	13,21,48,402		0.00,10.69	1000,1 	0
3671    	11.17, -1.50, -8.97 	-21.80, 13.11, -6.73 	0.00, -0.00 	13,21,48,412		nan,inf	1000,1 	0
3680    	11.17, -1.50, -8.96 	-21.80, 13.12, -6.74 	0.00, -0.00 	13,21,48,422		nan,inf	1000,1 	0
3688    	11.18, -1.50, -8.96 	-21.80, 13.11, -6.74 	0.00, -0.00 	13,21,48,431		inf,inf	1000,1 	0
3697    	11.18, -1.50, -8.96 	-21.80, 13.12, -6.74 	0.00, -0.00 	13,21,48,441		nan,inf	1000,1 	0
3706    	11.17, -1.50, -8.96 	-21.80, 13.12, -6.74 	0.00, -0.00 	13,21,48,451		inf,nan	1000,1 	0
3715    	11.18, -1.51, -8.96 	-21.79, 13.10, -6.74 	0.00, -0.00 	13,21,48,461		inf,inf	1000,1 	0
3723    	11.18, -1.52, -8.96 	-21.80, 13.12, -6.74 	0.00, -0.00 	13,21,48,470		0.00,0.00	1000,1 	0
3732    	11.17, -1.52, -8.96 	-21.78, 13.11, -6.74 	0.00, -0.00 	13,21,48,480		inf,inf	1000,1 	0
3740    	11.19, -1.51, -8.96 	-21.77, 13.12, -6.75 	0.00, -0.00 	13,21,48,489		inf,inf	1000,1 	0
3749    	11.18, -1.50, -8.96 	-21.78, 13.12, -6.75 	0.00, -0.00 	13,21,48,499		inf,inf	1000,1 	0
3758    	11.19, -1.52, -8.96 	-21.75, 13.11, -6.75 	0.00, -0.00 	13,21,48,509		inf,inf	1000,1 	0
3766    	11.19, -1.52, -8.96 	-21.77, 13.12, -6.75 	0.00, -0.00 	13,21,48,518		nan,inf	1000,1 	0
3775    	11.19, -1.52, -8.96 	-21.76, 13.11, -6.75 	0.00, -0.00 	13,21,48,528		0.00,14.49	1000,1 	0
3784    	11.18, -1.52, -8.96 	-21.75, 13.12, -6.75 	0.00, -0.00 	13,21,48,538		inf,inf	1000,1 	0
3792    	11.18, -1.53, -8.96 	-21.77, 13.10, -6.75 	0.00, -0.00 	13,21,48,547		inf,inf	1000,1 	0
3801    	11.18, -1.55, -8.96 	-21.78, 13.11, -6.75 	0.00, -0.00 	13,21,48,557		21.31,14.49	1000,1 	0
3810    	11.18, -1.54, -8.96 	-21.77, 13.11, -6.75 	0.00, -0.00 	13,21,48,567		inf,inf	1000,1 	0
3818    	11.19, -1.55, -8.95 	-21.77, 13.11, -6.75 	0.00, -0.00 	13,21,48,576		0.00,0.00	1000,1 	0
3827    	11.20, -1.55, -8.95 	-21.77, 13.11, -6.75 	0.00, -0.00 	13,21,48,586		9.63,0.00	1000,1 	0
3836    	11.19, -1.56, -8.96 	-21.79, 13.11, -6.75 	0.00, -0.00 	13,21,48,596		inf,inf	1000,1 	0
3844    	11.21, -1.56, -8.95 	-21.79, 13.11, -6.75 	0.00, -0.00 	13,21,48,605		inf,nan	1000,1 	0
3853    	11.21, -1.58, -8.95 	-21.78, 13.12, -6.75 	0.00, -0.00 	13,21,48,615		21.31,14.28	1000,1 	0
3862    	11.22, -1.58, -8.95 	-21.77, 13.10, -6.75 	0.00, -0.00 	13,21,48,625		inf,inf	1000,1 	0
3871    	11.21, -1.58, -8.94 	-21.77, 13.10, -6.75 	0.00, -0.00 	13,21,48,635		inf,nan	1000,1 	0
3879    	11.21, -1.57, -8.94 	-21.76, 13.11, -6.75 	0.00, -0.00 	13,21,48,644		inf,inf	1000,1 	0
3888    	11.22, -1.57, -8.95 	-21.76, 13.11, -6.75 	0.00, -0.00 	13,21,48,654		inf,nan	1000,1 	0
3898    	11.22, -1.56, -8.94 	-21.75, 13.12, -6.75 	0.00, -0.00 	13,21,48,664		inf,inf	1000,1 	0
3907    	11.23, -1.55, -8.95 	-21.77, 13.12, -6.76 	0.00, -0.00 	13,21,48,674		0.00,0.00	1000,1 	0
3915    	11.23, -1.55, -8.96 	-21.77, 13.12, -6.75 	0.00, -0.00 	13,21,48,683		0.00,0.00	1000,1 	0
3924    	11.22, -1.55, -8.96 	-21.79, 13.13, -6.75 	0.00, -0.00 	13,21,48,693		0.00,0.00	1000,1 	0
3933    	11.22, -1.54, -8.96 	-21.78, 13.12, -6.75 	0.00, -0.00 	13,21,48,703		0.00,0.00	1000,1 	0
3941    	11.22, -1.56, -8.96 	-21.79, 13.12, -6.77 	0.00, -0.00 	13,21,48,712		0.00,0.00	1000,1 	0
3950    	11.22, -1.56, -8.95 	-21.79, 13.13, -6.76 	0.00, -0.00 	13,21,48,722		0.00,0.00	1000,1 	0
3958    	11.22, -1.57, -8.95 	-21.79, 13.14, -6.76 	0.00, -0.00 	13,21,48,731		0.00,0.00	0,0 	0
3967    	11.22, -1.58, -8.95 	-21.78, 13.14, -6.76 	0.00, -0.00 	13,21,48,741		inf,inf	0,0 	0
3976    	11.22, -1.59, -8.94 	-21.79, 13.12, -6.75 	0.00, -0.00 	13,21,48,751		0.00,0.00	0,0 	0
3984    	11.22, -1.58, -8.95 	-21.79, 13.12, -6.75 	0.00, -0.00 	13,21,48,760		0.00,0.00	0,0 	0
3993    	11.21, -1.58, -8.95 	-21.78, 13.12, -6.75 	0.00, -0.00 	13,21,48,770		inf,inf	0,0 	0
4002    	11.21, -1.58, -8.95 	-21.78, 13.13, -6.75 	0.00, -0.00 	13,21,48,780		0.00,0.00	0,0 	0
4010    	11.22, -1.58, -8.95 	-21.79, 13.12, -6.75 	0.00, -0.00 	13,21,48,789		0.00,0.00	0,0 	0
4019    	11.22, -1.58, -8.95 	-21.80, 13.13, -6.75 	0.00, -0.00 	13,21,48,799		nan,inf	0,0 	0
4028    	11.22, -1.58, -8.95 	-21.79, 13.13, -6.76 	0.00, -0.00 	13,21,48,809		0.00,0.00	0,0 	0
4036    	11.22, -1.58, -8.95 	-21.81, 13.11, -6.76 	0.00, -0.00 	13,21,48,818		0.00,0.00	0,0 	0
4045    	11.23, -1.57, -8.95 	-21.81, 13.12, -6.75 	0.00, -0.00 	13,21,48,828		inf,inf	0,0 	0
4054    	11.22, -1.57, -8.95 	-21.80, 13.13, -6.75 	0.00, -0.00 	13,21,48,838		0.00,0.00	0,0 	0
4063    	11.22, -1.57, -8.95 	-21.80, 13.13, -6.75 	0.00, -0.00 	13,21,48,848		0.00,0.00	0,0 	0
4071    	11.24, -1.57, -8.95 	-21.81, 13.12, -6.75 	0.00, -0.00 	13,21,48,857		0.00,0.00	0,0 	0
4080    	11.23, -1.57, -8.95 	-21.81, 13.12, -6.75 	0.00, -0.00 	13,21,48,867		0.00,0.00	0,0 	0
4089    	11.23, -1.57, -8.95 	-21.80, 13.12, -6.75 	0.00, -0.00 	13,21,48,877		nan,inf	0,0 	0
4098    	11.22, -1.57, -8.95 	-21.79, 13.13, -6.76 	0.00, -0.00 	13,21,48,887		inf,inf	0,0 	0
4106    	11.22, -1.56, -8.96 	-21.81, 13.12, -6.75 	0.00, -0.00 	13,21,48,896		0.00,0.00	0,0 	0
4115    	11.24, -1.57, -8.95 	-21.80, 13.13, -6.76 	0.00, -0.00 	13,21,48,906		inf,inf	0,0 	0
4123    	11.23, -1.57, -8.95 	-21.80, 13.12, -6.76 	0.00, -0.00 	13,21,48,915		inf,inf	0,0 	0
4132    	11.23, -1.57, -8.95 	-21.81, 13.12, -6.75 	0.00, -0.00 	13,21,48,925		nan,inf	0,0 	0
4141    	11.23, -1.58, -8.94 	-21.82, 13.12, -6.75 	0.00, -0.00 	13,21,48,935		inf,inf	0,0 	0
4149    	11.23, -1.58, -8.95 	-21.82, 13.12, -6.75 	0.00, -0.00 	13,21,48,944		nan,nan	0,0 	0
4158    	11.24, -1.59, -8.94 	-21.80, 13.12, -6.75 	0.00, -0.00 	13,21,48,954		14.36,19.25	0,0 	0
4167    	11.24, -1.59, -8.95 	-21.80, 13.12, -6.74 	0.00, -0.00 	13,21,48,964		inf,nan	0,0 	0
4175    	11.23, -1.59, -8.94 	-21.79, 13.12, -6.75 	0.00, -0.00 	13,21,48,973		inf,inf	0,0 	0
4184    	11.23, -1.59, -8.95 	-21.80, 13.12, -6.75 	0.00, -0.00 	13,21,48,983		0.00,9.62	0,0 	0
4193    	11.23, -1.60, -8.94 	-21.80, 13.12, -6.74 	0.00, -0.00 	13,21,48,993		inf,nan	0,0 	0
4201    	11.24, -1.60, -8.94 	-21.81, 13.12, -6.75 	0.00, -0.00 	13,21,49,2		0.00,0.00	0,0 	0
4210    	11.24, -1.61, -8.94 	-21.81, 13.12, -6.75 	0.00, -0.00 	13,21,49,12		10.65,0.00	0,0 	0
4219    	11.22, -1.61, -8.94 	-21.81, 13.12, -6.75 	0.00, -0.00 	13,21,49,22		inf,nan	0,0 	0
4227    	11.22, -1.62, -8.94 	-21.80, 13.12, -6.75 	0.00, -0.00 	13,21,49,31		inf,inf	0,0 	0
4236    	11.23, -1.61, -8.94 	-21.80, 13.12, -6.75 	0.00, -0.00 	13,21,49,41		14.37,0.00	0,0 	0
4245    	11.24, -1.61, -8.94 	-21.80, 13.11, -6.74 	0.00, -0.00 	13,21,49,51		inf,inf	0,0 	0
4254    	11.24, -1.60, -8.94 	-21.81, 13.12, -6.74 	0.00, -0.00 	13,21,49,61		inf,inf	0,0 	0
4262    	11.24, -1.60, -8.94 	-21.80, 13.12, -6.75 	0.00, -0.00 	13,21,49,70		inf,inf	0,0 	0
4271    	11.24, -1.60, -8.95 	-21.80, 13.12, -6.75 	0.00, -0.00 	13,21,49,80		inf,nan	0,0 	0
4280    	11.24, -1.60, -8.95 	-21.80, 13.12, -6.75 	0.00, -0.00 	13,21,49,90		nan,nan	0,0 	0
4288    	11.24, -1.60, -8.95 	-21.81, 13.11, -6.75 	0.00, -0.00 	13,21,49,99		nan,inf	0,0 	0
4297    	11.24, -1.61, -8.95 	-21.81, 13.10, -6.75 	0.00, -0.00 	13,21,49,109		inf,inf	0,0 	0
4306    	11.24, -1.61, -8.94 	-21.81, 13.11, -6.74 	0.00, -0.00 	13,21,49,119		nan,inf	0,0 	0
4314    	11.24, -1.63, -8.94 	-21.79, 13.11, -6.75 	0.00, -0.00 	13,21,49,128		inf,inf	0,0 	0
4323    	11.24, -1.62, -8.94 	-21.79, 13.11, -6.75 	0.00, -0.00 	13,21,49,137		inf,nan	0,0 	0
4332    	11.23, -1.63, -8.94 	-21.79, 13.10, -6.75 	0.00, -0.00 	13,21,49,148		inf,inf	0,0 	0
4340    	11.23, -1.63, -8.94 	-21.79, 13.10, -6.75 	0.00, -0.00 	13,21,49,157		nan,nan	0,0 	0
4349    	11.24, -1.63, -8.94 	-21.79, 13.10, -6.75 	0.00, -0.00 	13,21,49,166		9.63,0.00	0,0 	0
4358    	11.23, -1.63, -8.94 	-21.80, 13.10, -6.75 	0.00, -0.00 	13,21,49,176		inf,inf	0,0 	0
4366    	11.24, -1.62, -8.94 	-21.80, 13.11, -6.75 	0.00, -0.00 	13,21,49,186		inf,inf	0,0 	0
4375    	11.24, -1.63, -8.94 	-21.80, 13.10, -6.75 	0.00, -0.00 	13,21,49,195		10.65,10.69	0,0 	0
4384    	11.24, -1.63, -8.94 	-21.78, 13.11, -6.76 	0.00, -0.00 	13,21,49,205		nan,inf	0,0 	0
4392    	11.24, -1.65, -8.94 	-21.78, 13.10, -6.76 	0.00, -0.00 	13,21,49,215		0.00,0.00	0,0 	0
4401    	11.24, -1.65, -8.94 	-21.78, 13.11, -6.75 	0.00, -0.00 	13,21,49,224		0.00,10.69	0,0 	0
4410    	11.24, -1.66, -8.94 	-21.78, 13.11, -6.75 	0.00, -0.00 	13,21,49,234		inf,nan	0,0 	0
4419    	11.24, -1.67, -8.94 	-21.80, 13.10, -6.75 	0.00, -0.00 	13,21,49,244		inf,inf	0,0 	0
4427    	11.24, -1.67, -8.94 	-21.80, 13.10, -6.75 	0.00, -0.00 	13,21,49,253		nan,nan	0,0 	0
4436    	11.24, -1.68, -8.93 	-21.80, 13.10, -6.75 	0.00, -0.00 	13,21,49,263		inf,nan	0,0 	0
4445    	11.23, -1.69, -8.93 	-21.79, 13.10, -6.75 	0.00, -0.00 	13,21,49,273		inf,inf	0,0 	0
4453    	11.24, -1.68, -8.94 	-21.79, 13.10, -6.75 	0.00, -0.00 	13,21,49,282		inf,nan	0,0 	0
4462    	11.23, -1.68, -8.94 	-21.80, 13.10, -6.75 	0.00, -0.00 	13,21,49,292		inf,inf	0,0 	0
4471    	11.24, -1.68, -8.94 	-21.79, 13.12, -6.75 	0.00, -0.00 	13,21,49,302		inf,inf	0,0 	0
4479    	11.23, -1.68, -8.94 	-21.79, 13.11, -6.76 	0.00, -0.00 	13,21,49,311		inf,inf	0,0 	0
4488    	11.24, -1.69, -8.94 	-21.79, 13.11, -6.75 	0.00, -0.00 	13,21,49,321		inf,nan	0,0 	0
4497    	11.24, -1.69, -8.94 	-21.79, 13.11, -6.75 	0.00, -0.00 	13,21,49,331		nan,nan	0,0 	0
4505    	11.24, -1.70, -8.94 	-21.78, 13.11, -6.75 	0.00, -0.00 	13,21,49,340		inf,inf	0,0 	0
4514    	11.24, -1.70, -8.93 	-21.78, 13.11, -6.75 	0.00, -0.00 	13,21,49,350		nan,nan	0,0 	0
4523    	11.24, -1.70, -8.93 	-21.78, 13.12, -6.75 	0.00, -0.00 	13,21,49,360		nan,inf	0,0 	0
4531    	11.23, -1.69, -8.93 	-21.79, 13.11, -6.75 	0.00, -0.00 	13,21,49,369		3.59,3.57	0,0 	0
4540    	11.23, -1.69, -8.94 	-21.79, 13.11, -6.75 	0.00, -0.00 	13,21,49,379		0.00,0.00	0,0 	0
4549    	11.24, -1.69, -8.94 	-21.78, 13.12, -6.76 	0.00, -0.00 	13,21,49,389		2.41,3.57	0,0 	0
4557    	11.24, -1.68, -8.94 	-21.79, 13.13, -6.76 	0.00, -0.00 	13,21,49,398		3.59,3.62	0,0 	0
4566    	11.24, -1.69, -8.94 	-21.79, 13.13, -6.76 	0.00, -0.00 	13,21,49,408		2.13,0.00	0,0 	0
4575    	11.24, -1.68, -8.94 	-21.79, 13.13, -6.77 	0.00, -0.00 	13,21,49,418		3.59,0.00	0,0 	0
4583    	11.24, -1.68, -8.93 	-21.80, 13.12, -6.77 	0.00, -0.00 	13,21,49,427		0.00,3.57	0,0 	0
4592    	11.24, -1.68, -8.94 	-21.78, 13.11, -6.77 	0.00, -0.00 	13,21,49,437		nan,inf	0,0 	0
4601    	11.24, -1.68, -8.93 	-21.78, 13.12, -6.76 	0.00, -0.00 	13,21,49,447		nan,inf	0,0 	0
4610    	11.24, -1.68, -8.93 	-21.78, 13.11, -6.76 	0.00, -0.00 	13,21,49,457		0.00,0.00	0,0 	0
4618    	11.24, -1.69, -8.93 	-21.79, 13.11, -6.76 	0.00, -0.00 	13,21,49,466		0.00,0.00	0,0 	0
4627    	11.24, -1.68, -8.93 	-21.79, 13.11, -6.76 	0.00, -0.00 	13,21,49,476		inf,nan	0,0 	0
4636    	11.24, -1.68, -8.93 	-21.78, 13.11, -6.76 	0.00, -0.00 	13,21,49,486		0.00,0.00	0,0 	0
4644    	11.24, -1.69, -8.93 	-21.78, 13.11, -6.76 	0.00, -0.00 	13,21,49,495		0.00,0.00	0,0 	0
4653    	11.24, -1.68, -8.94 	-21.78, 13.11, -6.76 	0.00, -0.00 	13,21,49,505		inf,nan	0,0 	0
4662    	11.24, -1.69, -8.94 	-21.77, 13.11, -6.77 	0.00, -0.00 	13,21,49,515		0.00,0.00	0,0 	0
4671    	11.24, -1.70, -8.94 	-21.77, 13.11, -6.76 	0.00, -0.00 	13,21,49,525		0.00,0.00	0,0 	0
4679    	11.24, -1.70, -8.94 	-21.77, 13.11, -6.76 	0.00, -0.00 	13,21,49,534		0.00,0.00	0,0 	0
4688    	11.25, -1.70, -8.94 	-21.76, 13.09, -6.76 	0.00, -0.00 	13,21,49,544		0.00,0.00	0,0 	0
4696    	11.24, -1.69, -8.94 	-21.76, 13.10, -6.75 	0.00, -0.00 	13,21,49,553		0.00,0.00	0,0 	0
4705    	11.24, -1.70, -8.94 	-21.78, 13.11, -6.75 	0.00, -0.00 	13,21,49,563		inf,inf	0,0 	0
4714    	11.24, -1.71, -8.94 	-21.76, 13.11, -6.76 	0.00, -0.00 	13,21,49,573		0.00,0.00	0,0 	0
4722    	11.24, -1.71, -8.94 	-21.76, 13.12, -6.76 	0.00, -0.00 	13,21,49,582		0.00,0.00	0,0 	0
4731    	11.25, -1.71, -8.94 	-21.77, 13.13, -6.75 	0.00, -0.00 	13,21,49,592		inf,inf	0,0 	0
4740    	11.25, -1.71, -8.94 	-21.77, 13.11, -6.75 	0.00, -0.00 	13,21,49,602		0.00,0.00	0,0 	0
4748    	11.25, -1.72, -8.94 	-21.77, 13.14, -6.76 	0.00, -0.00 	13,21,49,611		0.00,0.00	0,0 	0
4757    	11.26, -1.72, -8.93 	-21.75, 13.12, -6.75 	0.00, -0.00 	13,21,49,621		inf,inf	0,0 	0
4766    	11.28, -1.71, -8.93 	-21.75, 13.13, -6.74 	0.00, -0.00 	13,21,49,631		0.00,0.00	0,0 	0
4775    	11.30, -1.72, -8.94 	-21.73, 13.15, -6.75 	0.00, -0.00 	13,21,49,641		0.00,0.00	0,0 	0
4783    	11.30, -1.72, -8.94 	-21.71, 13.14, -6.74 	0.00, -0.00 	13,21,49,650		0.00,0.00	0,0 	0
4792    	11.31, -1.73, -8.93 	-21.71, 13.15, -6.74 	0.00, -0.00 	13,21,49,660		inf,inf	0,0 	0
4801    	11.32, -1.73, -8.93 	-21.69, 13.16, -6.74 	0.00, -0.00 	13,21,49,670		0.00,0.00	0,0 	0
4809    	11.33, -1.73, -8.93 	-21.70, 13.15, -6.74 	0.00, -0.00 	13,21,49,679		0.00,0.00	0,0 	0
4818    	11.37, -1.74, -8.93 	-21.66, 13.14, -6.75 	0.00, -0.00 	13,21,49,689		inf,inf	0,0 	0
4827    	11.39, -1.74, -8.93 	-21.64, 13.17, -6.75 	0.00, -0.00 	13,21,49,699		0.00,0.00	0,0 	0
4835    	11.42, -1.73, -8.94 	-21.61, 13.14, -6.75 	0.00, -0.00 	13,21,49,708		0.00,0.00	0,0 	0
4844    	11.46, -1.74, -8.93 	-21.60, 13.15, -6.77 	0.00, -0.00 	13,21,49,718		inf,inf	0,0 	0
4853    	11.52, -1.72, -8.93 	-21.60, 13.17, -6.77 	0.00, -0.00 	13,21,49,728		0.00,0.00	0,0 	0
4861    	11.56, -1.74, -8.94 	-21.58, 13.14, -6.76 	0.00, -0.00 	13,21,49,737		0.00,0.00	0,0 	0
4870    	11.63, -1.76, -8.93 	-21.58, 13.14, -6.76 	0.00, -0.00 	13,21,49,747		inf,nan	0,0 	0
4879    	11.68, -1.77, -8.93 	-21.57, 13.13, -6.75 	0.00, -0.00 	13,21,49,757		0.00,0.00	0,0 	0
4887    	11.71, -1.76, -8.94 	-21.55, 13.13, -6.75 	0.00, -0.00 	13,21,49,766		0.00,0.00	0,0 	0
4896    	11.76, -1.76, -8.96 	-21.53, 13.13, -6.76 	0.00, -0.00 	13,21,49,776		inf,inf	0,0 	0
4905    	11.78, -1.76, -8.96 	-21.53, 13.15, -6.77 	0.00, -0.00 	13,21,49,786		0.00,0.00	0,0 	0
4913    	11.82, -1.75, -8.97 	-21.52, 13.14, -6.76 	0.00, -0.00 	13,21,49,795		0.00,0.00	0,0 	0
4922    	11.89, -1.73, -8.99 	-21.48, 13.11, -6.76 	0.00, -0.00 	13,21,49,805		inf,inf	0,0 	0
4931    	11.96, -1.72, -9.00 	-21.46, 13.09, -6.76 	0.00, -0.00 	13,21,49,815		0.00,0.00	0,0 	0
4939    	12.02, -1.71, -9.01 	-21.46, 13.09, -6.75 	0.00, -0.00 	13,21,49,824		0.00,0.00	0,0 	0
4948    	12.06, -1.72, -9.02 	-21.45, 13.10, -6.75 	0.00, -0.00 	13,21,49,834		inf,inf	0,0 	0
4957    	12.11, -1.73, -9.03 	-21.45, 13.10, -6.75 	0.00, -0.00 	13,21,49,844		0.00,0.00	0,0 	0
4966    	12.16, -1.73, -9.05 	-21.44, 13.10, -6.76 	0.00, -0.00 	13,21,49,854		0.00,0.00	0,0 	0
4974    	12.20, -1.74, -9.07 	-21.40, 13.09, -6.76 	0.00, -0.00 	13,21,49,863		0.00,0.00	0,0 	0
4983    	12.26, -1.73, -9.11 	-21.37, 13.08, -6.76 	0.00, -0.00 	13,21,49,873		inf,inf	0,0 	0
4992    	12.31, -1.76, -9.15 	-21.38, 13.08, -6.76 	0.00, -0.00 	13,21,49,883		inf,inf	0,0 	0
5000    	12.37, -1.79, -9.18 	-21.31, 13.06, -6.76 	0.00, -0.00 	13,21,49,892		inf,inf	0,0 	0
5009    	12.45, -1.86, -9.20 	-21.23, 13.05, -6.76 	0.00, -0.00 	13,21,49,902		100.10,77.89	0,0 	0
5018    	12.55, -1.92, -9.25 	-21.19, 13.06, -6.77 	0.00, -0.00 	13,21,49,912		inf,inf	0,0 	0
5026    	12.68, -1.95, -9.31 	-21.06, 13.02, -6.78 	0.00, -0.00 	13,21,49,921		inf,inf	0,0 	0
5035    	12.85, -1.98, -9.36 	-20.88, 12.97, -6.80 	0.00, -0.00 	13,21,49,931		174.69,188.42	0,0 	0
5044    	13.09, -1.94, -9.42 	-20.61, 12.93, -6.80 	0.00, -0.00 	13,21,49,941		inf,inf	0,0 	0
5053    	13.28, -1.96, -9.48 	-20.30, 12.88, -6.82 	0.00, -0.00 	13,21,49,951		inf,inf	0,0 	0
5061    	13.43, -1.99, -9.54 	-19.98, 12.84, -6.82 	0.00, -0.00 	13,21,49,960		inf,inf	0,0 	0
5070    	13.57, -2.07, -9.59 	-19.70, 12.80, -6.82 	0.00, -0.00 	13,21,49,970		inf,inf	0,0 	0
5078    	13.69, -2.14, -9.64 	-19.40, 12.72, -6.84 	0.00, -0.00 	13,21,49,979		inf,inf	0,0 	0
5087    	13.85, -2.15, -9.69 	-19.16, 12.66, -6.84 	0.00, -0.00 	13,21,49,989		164.11,249.94	0,0 	0
5096    	14.00, -2.15, -9.75 	-18.90, 12.56, -6.83 	0.00, -0.00 	13,21,49,999		inf,inf	0,0 	0
5104    	14.18, -2.19, -9.81 	-18.65, 12.43, -6.82 	0.00, -0.00 	13,21,50,8		inf,inf	0,0 	0
5113    	14.38, -2.22, -9.89 	-18.37, 12.31, -6.84 	0.00, -0.00 	13,21,50,18		204.79,304.51	0,0 	0
5122    	14.62, -2.28, -9.98 	-18.04, 12.16, -6.85 	0.00, -0.00 	13,21,50,28		inf,inf	0,0 	0
5131    	14.85, -2.36, -10.02 	-17.72, 11.99, -6.84 	0.00, -0.00 	13,21,50,38		inf,inf	0,0 	0
5139    	15.02, -2.47, -10.07 	-17.38, 11.78, -6.78 	0.00, -0.00 	13,21,50,47		inf,inf	0,0 	0
5148    	15.15, -2.62, -10.11 	-17.02, 11.51, -6.77 	0.00, -0.00 	13,21,50,57		inf,inf	0,0 	0
5157    	15.27, -2.77, -10.13 	-16.57, 11.27, -6.78 	0.00, -0.00 	13,21,50,67		inf,inf	0,0 	0
5165    	15.41, -2.87, -10.17 	-16.13, 11.04, -6.81 	0.00, -0.00 	13,21,50,76		inf,inf	0,0 	0
5174    	15.54, -2.89, -10.23 	-15.78, 10.86, -6.83 	0.00, -0.00 	13,21,50,86		136.53,393.68	0,0 	0
5183    	15.77, -2.88, -10.31 	-15.51, 10.65, -6.87 	0.00, -0.00 	13,21,50,96		inf,inf	0,0 	0
5191    	16.04, -2.86, -10.40 	-15.24, 10.40, -6.89 	0.00, -0.00 	13,21,50,105		inf,inf	0,0 	0
5200    	16.37, -2.87, -10.46 	-14.93, 10.12, -6.90 	0.00, -0.00 	13,21,50,115		327.71,417.99	0,0 	0
5209    	16.70, -2.99, -10.50 	-14.61, 9.85, -6.94 	0.00, -0.00 	13,21,50,125		inf,inf	0,0 	0
5217    	16.94, -3.25, -10.54 	-14.33, 9.65, -7.00 	0.00, -0.00 	13,21,50,134		inf,inf	0,0 	0
5226    	17.15, -3.43, -10.58 	-14.06, 9.48, -7.08 	0.00, -0.00 	13,21,50,144		278.70,315.67	0,0 	0
5235    	17.38, -3.52, -10.63 	-13.75, 9.29, -7.15 	0.00, -0.00 	13,21,50,154		inf,inf	0,0 	0
5244    	17.59, -3.60, -10.67 	-13.49, 9.07, -7.21 	0.00, -0.00 	13,21,50,164		inf,inf	0,0 	0
5252    	17.78, -3.65, -10.74 	-13.27, 8.89, -7.27 	0.00, -0.00 	13,21,50,173		inf,inf	0,0 	0
5261    	17.97, -3.72, -10.81 	-13.07, 8.69, -7.33 	0.00, -0.00 	13,21,50,183		inf,inf	0,0 	0
5269    	18.21, -3.78, -10.86 	-12.83, 8.54, -7.43 	0.00, -0.00 	13,21,50,192		inf,inf	0,0 	0
5278    	18.42, -3.88, -10.88 	-12.53, 8.38, -7.58 	0.00, -0.00 	13,21,50,202		232.56,340.85	0,0 	0
5287    	18.63, -4.03, -10.88 	-12.25, 8.19, -7.67 	0.00, -0.00 	13,21,50,212		inf,inf	0,0 	0
5295    	18.84, -4.21, -10.89 	-11.98, 8.02, -7.77 	0.00, -0.00 	13,21,50,221		inf,inf	0,0 	0
5304    	19.10, -4.43, -10.91 	-11.74, 7.83, -7.86 	0.00, -0.00 	13,21,50,231		342.98,310.37	0,0 	0
5313    	19.44, -4.61, -10.92 	-11.52, 7.67, -7.97 	0.00, -0.00 	13,21,50,241		inf,inf	0,0 	0
5321    	19.83, -4.77, -10.93 	-11.25, 7.50, -8.07 	0.00, -0.00 	13,21,50,250		inf,inf	0,0 	0
5330    	20.11, -4.95, -10.95 	-11.00, 7.33, -8.16 	0.00, -0.00 	13,21,50,260		332.85,305.25	0,0 	0
5339    	20.42, -5.18, -10.94 	-10.76, 7.19, -8.22 	0.00, -0.00 	13,21,50,270		inf,inf	0,0 	0
5348    	20.69, -5.41, -10.93 	-10.51, 7.03, -8.31 	0.00, -0.00 	13,21,50,280		inf,inf	0,0 	0
5356    	20.88, -5.69, -10.88 	-10.26, 6.84, -8.38 	0.00, -0.00 	13,21,50,289		inf,inf	0,0 	0
5365    	21.09, -5.92, -10.84 	-9.95, 6.66, -8.46 	0.00, -0.00 	13,21,50,299		315.90,359.97	0,0 	0
5374    	21.25, -6.05, -10.81 	-9.67, 6.44, -8.53 	0.00, -0.00 	13,21,50,309		inf,inf	0,0 	0
5382    	21.55, -6.15, -10.81 	-9.33, 6.29, -8.60 	0.00, -0.00 	13,21,50,318		inf,inf	0,0 	0
5391    	21.91, -6.24, -10.82 	-8.99, 6.12, -8.70 	0.00, -0.00 	13,21,50,328		378.36,380.10	0,0 	0
5400    	22.22, -6.48, -10.78 	-8.57, 5.96, -8.76 	0.00, -0.00 	13,21,50,338		inf,inf	0,0 	0
5408    	22.45, -6.82, -10.72 	-8.24, 5.75, -8.81 	0.00, -0.00 	13,21,50,347		inf,inf	0,0 	0
5417    	22.71, -7.22, -10.63 	-7.95, 5.47, -8.79 	0.00, -0.00 	13,21,50,357		481.07,403.82	0,0 	0
5426    	23.00, -7.53, -10.55 	-7.66, 5.22, -8.77 	0.00, -0.00 	13,21,50,367		inf,inf	0,0 	0
5435    	23.27, -7.85, -10.43 	-7.42, 5.02, -8.77 	0.00, -0.00 	13,21,50,377		inf,inf	0,0 	0
5443    	23.49, -8.17, -10.35 	-7.11, 4.84, -8.79 	0.00, -0.00 	13,21,50,386		inf,inf	0,0 	0
5452    	23.68, -8.43, -10.28 	-6.86, 4.71, -8.78 	0.00, -0.00 	13,21,50,396		inf,inf	0,0 	0
5460    	23.93, -8.55, -10.26 	-6.58, 4.64, -8.83 	0.00, -0.00 	13,21,50,405		inf,inf	0,0 	0
5469    	24.20, -8.60, -10.24 	-6.17, 4.54, -8.85 	0.00, -0.00 	13,21,50,415		274.92,416.92	0,0 	0
5478    	24.50, -8.64, -10.21 	-5.81, 4.38, -8.83 	0.00, -0.00 	13,21,50,425		inf,inf	0,0 	0
5486    	24.79, -8.75, -10.17 	-5.50, 4.20, -8.76 	0.00, -0.00 	13,21,50,434		inf,inf	0,0 	0
5495    	25.09, -8.87, -10.15 	-5.25, 4.01, -8.67 	0.00, -0.00 	13,21,50,444		320.74,303.73	0,0 	0
5504    	25.36, -9.07, -10.12 	-4.94, 3.86, -8.58 	0.00, -0.00 	13,21,50,454		inf,inf	0,0 	0
5513    	25.55, -9.37, -10.05 	-4.59, 3.70, -8.53 	0.00, -0.00 	13,21,50,464		inf,inf	0,0 	0
5521    	25.67, -9.70, -9.96 	-4.28, 3.61, -8.45 	0.00, -0.00 	13,21,50,473		inf,inf	0,0 	0
5530    	25.75, -9.94, -9.93 	-4.00, 3.54, -8.38 	0.00, -0.00 	13,21,50,483		inf,inf	0,0 	0
5539    	25.87, -10.05, -9.92 	-3.70, 3.46, -8.30 	0.00, -0.00 	13,21,50,493		inf,inf	0,0 	0
5547    	26.01, -10.11, -9.91 	-3.36, 3.38, -8.20 	0.00, -0.00 	13,21,50,502		inf,inf	0,0 	0
5556    	26.12, -10.22, -9.88 	-3.07, 3.23, -8.09 	0.00, -0.00 	13,21,50,512		150.22,322.33	0,0 	0
5565    	26.22, -10.37, -9.85 	-2.86, 3.09, -7.98 	0.00, -0.00 	13,21,50,522		inf,inf	0,0 	0
5573    	26.35, -10.58, -9.77 	-2.69, 2.92, -7.86 	0.00, -0.00 	13,21,50,531		inf,inf	0,0 	0
5582    	26.55, -10.72, -9.70 	-2.55, 2.77, -7.76 	0.00, -0.00 	13,21,50,541		245.10,202.91	0,0 	0
5591    	26.66, -10.85, -9.64 	-2.34, 2.67, -7.68 	0.00, -0.00 	13,21,50,551		inf,inf	0,0 	0
5599    	26.80, -11.06, -9.57 	-2.14, 2.57, -7.62 	0.00, -0.00 	13,21,50,560		inf,inf	0,0 	0
5608    	26.85, -11.35, -9.50 	-1.99, 2.48, -7.53 	0.00, -0.00 	13,21,50,570		291.64,174.70	0,0 	0
5617    	26.95, -11.56, -9.42 	-1.86, 2.37, -7.49 	0.00, -0.00 	13,21,50,580		inf,inf	0,0 	0
5625    	27.03, -11.74, -9.36 	-1.75, 2.23, -7.42 	0.00, -0.00 	13,21,50,589		inf,inf	0,0 	0
5634    	27.13, -11.84, -9.33 	-1.63, 2.10, -7.40 	0.00, -0.00 	13,21,50,599		135.88,173.92	0,0 	0
5643    	27.19, -11.97, -9.29 	-1.48, 1.95, -7.33 	0.00, -0.00 	13,21,50,609		inf,inf	0,0 	0
5651    	27.30, -12.05, -9.25 	-1.39, 1.80, -7.29 	0.00, -0.00 	13,21,50,618		inf,inf	0,0 	0
5660    	27.45, -12.06, -9.23 	-1.25, 1.65, -7.25 	0.00, -0.00 	13,21,50,628		154.50,202.91	0,0 	0
5669    	27.63, -12.09, -9.15 	-1.10, 1.49, -7.23 	0.00, -0.00 	13,21,50,638		inf,inf	0,0 	0
5678    	27.76, -12.15, -9.11 	-0.96, 1.31, -7.19 	0.00, -0.00 	13,21,50,648		inf,inf	0,0 	0
5688    	27.81, -12.32, -9.05 	-0.86, 1.15, -7.14 	0.00, -0.00 	13,21,50,659		inf,inf	0,0 	0
5695    	27.91, -12.54, -8.96 	-0.85, 0.99, -7.08 	0.00, -0.00 	13,21,50,667		0.00,0.00	0,0 	0
