#Time 	Sensor1         Sensor2         Target          Time            Vel             
#================================================================

10      	29.70, -15.96, -6.93 	-0.33, 0.29, -6.64 	-12.86, 15.32 	13,22,45,809		0.00,0.00	0,0 	0
14      	29.70, -15.96, -6.93 	-0.34, 0.29, -6.64 	-12.86, 15.32 	13,22,45,818		0.00,2.41	0,0 	0
22      	29.70, -15.98, -6.93 	-0.33, 0.30, -6.63 	-12.86, 15.32 	13,22,45,827		1.33,1.78	0,0 	0
32      	29.70, -15.96, -6.93 	-0.34, 0.30, -6.62 	-12.86, 15.32 	13,22,45,838		1.07,0.96	0,0 	0
40      	29.66, -15.99, -6.96 	-0.33, 0.30, -6.64 	-12.86, 15.32 	13,22,45,847		6.59,1.20	0,0 	0
49      	29.66, -16.00, -6.96 	-0.34, 0.32, -6.64 	-12.86, 15.32 	13,22,45,857		1.18,1.61	0,0 	0
58      	29.66, -16.00, -6.95 	-0.35, 0.30, -6.65 	-12.86, 15.32 	13,22,45,867		0.00,1.59	0,0 	0
66      	29.66, -15.99, -6.96 	-0.35, 0.32, -6.65 	-12.86, 15.32 	13,22,45,876		1.33,1.34	0,0 	0
75      	29.69, -16.00, -6.92 	-0.37, 0.32, -6.64 	-12.86, 15.32 	13,22,45,886		4.44,2.14	0,0 	0
84      	29.70, -15.99, -6.93 	-0.37, 0.30, -6.64 	-12.86, 15.32 	13,22,45,896		1.60,1.19	0,0 	0
92      	29.70, -16.02, -6.91 	-0.35, 0.30, -6.64 	-12.86, 15.32 	13,22,45,905		4.00,2.41	0,0 	0
101     	29.71, -16.02, -6.91 	-0.36, 0.30, -6.63 	-12.86, 15.32 	13,22,45,915		1.07,1.07	0,0 	0
110     	29.70, -16.02, -6.90 	-0.37, 0.29, -6.63 	-12.86, 15.32 	13,22,45,925		1.07,1.59	0,0 	0
118     	29.71, -16.02, -6.91 	-0.37, 0.30, -6.65 	-12.86, 15.32 	13,22,45,934		1.20,1.34	0,0 	0
127     	29.70, -16.02, -6.91 	-0.35, 0.29, -6.64 	-12.86, 15.32 	13,22,45,944		1.07,2.46	0,0 	0
136     	29.71, -16.02, -6.91 	-0.37, 0.27, -6.64 	-12.86, 15.32 	13,22,45,954		1.07,3.17	0,0 	0
144     	29.68, -16.05, -6.91 	-0.37, 0.28, -6.64 	-12.86, 15.32 	13,22,45,963		6.26,1.34	0,0 	0
153     	29.68, -16.05, -6.91 	-0.37, 0.28, -6.63 	-12.86, 15.32 	13,22,45,973		0.00,0.00	0,0 	0
162     	29.68, -16.09, -6.90 	-0.36, 0.28, -6.63 	-12.86, 15.32 	13,22,45,983		4.85,1.07	0,0 	0
170     	29.68, -16.08, -6.90 	-0.36, 0.28, -6.63 	-12.86, 15.32 	13,22,45,992		1.33,0.00	0,0 	0
179     	29.71, -16.05, -6.89 	-0.38, 0.28, -6.62 	-12.86, 15.32 	13,22,46,2		4.79,2.14	0,0 	0
188     	29.68, -16.09, -6.89 	-0.38, 0.28, -6.60 	-12.86, 15.32 	13,22,46,12		5.72,0.00	0,0 	0
196     	29.70, -16.15, -6.90 	-0.38, 0.29, -6.62 	-12.86, 15.32 	13,22,46,21		7.08,1.34	0,0 	0
205     	29.70, -16.15, -6.90 	-0.40, 0.29, -6.62 	-12.86, 15.32 	13,22,46,31		0.00,2.14	0,0 	0
214     	29.68, -16.12, -6.87 	-0.40, 0.30, -6.64 	-12.86, 15.32 	13,22,46,41		3.19,1.19	0,0 	0
223     	29.68, -16.12, -6.87 	-0.39, 0.32, -6.63 	-12.86, 15.32 	13,22,46,51		0.00,1.59	0,0 	0
231     	29.68, -16.10, -6.89 	-0.40, 0.30, -6.63 	-12.86, 15.32 	13,22,46,60		2.66,1.78	0,0 	0
240     	29.68, -16.11, -6.89 	-0.40, 0.29, -6.62 	-12.86, 15.32 	13,22,46,70		1.18,1.19	0,0 	0
249     	29.65, -16.17, -6.90 	-0.41, 0.28, -6.62 	-12.86, 15.32 	13,22,46,80		7.31,1.59	0,0 	0
257     	29.65, -16.17, -6.90 	-0.41, 0.30, -6.63 	-12.86, 15.32 	13,22,46,89		0.00,2.67	0,0 	0
266     	29.65, -16.18, -6.87 	-0.41, 0.30, -6.62 	-12.86, 15.32 	13,22,46,99		1.18,0.00	0,0 	0
275     	29.70, -16.19, -6.86 	-0.40, 0.29, -6.62 	-12.86, 15.32 	13,22,46,109		6.53,1.61	0,0 	0
283     	29.67, -16.22, -6.87 	-0.40, 0.28, -6.60 	-12.86, 15.32 	13,22,46,118		6.26,1.34	0,0 	0
292     	29.67, -16.22, -6.87 	-0.40, 0.28, -6.62 	-12.86, 15.32 	13,22,46,128		0.00,0.00	0,0 	0
301     	29.66, -16.18, -6.87 	-0.41, 0.30, -6.63 	-12.86, 15.32 	13,22,46,138		4.85,2.62	0,0 	0
309     	29.61, -16.20, -6.86 	-0.41, 0.30, -6.63 	-12.86, 15.32 	13,22,46,147		6.59,0.00	0,0 	0
318     	29.64, -16.18, -6.86 	-0.42, 0.32, -6.61 	-12.86, 15.32 	13,22,46,157		3.99,1.61	0,0 	0
327     	29.69, -16.18, -6.84 	-0.38, 0.34, -6.62 	-12.86, 15.32 	13,22,46,167		6.42,4.86	0,0 	0
335     	29.68, -16.17, -6.85 	-0.39, 0.33, -6.62 	-12.86, 15.32 	13,22,46,176		1.79,1.78	0,0 	0
344     	29.73, -16.17, -6.85 	-0.39, 0.34, -6.64 	-12.86, 15.32 	13,22,46,186		5.35,1.19	0,0 	0
353     	29.72, -16.17, -6.85 	-0.39, 0.34, -6.64 	-12.86, 15.32 	13,22,46,196		1.07,0.00	0,0 	0
361     	29.76, -16.13, -6.85 	-0.39, 0.34, -6.64 	-12.86, 15.32 	13,22,46,205		6.26,0.00	0,0 	0
370     	29.72, -16.13, -6.85 	-0.38, 0.32, -6.62 	-12.86, 15.32 	13,22,46,215		4.28,2.62	0,0 	0
379     	29.71, -16.13, -6.85 	-0.39, 0.32, -6.61 	-12.86, 15.32 	13,22,46,225		1.07,1.07	0,0 	0
388     	29.72, -16.16, -6.83 	-0.39, 0.32, -6.61 	-12.86, 15.32 	13,22,46,235		2.60,0.00	0,0 	0
396     	29.72, -16.17, -6.83 	-0.40, 0.30, -6.62 	-12.86, 15.32 	13,22,46,244		1.33,1.78	0,0 	0
405     	29.72, -16.12, -6.85 	-0.40, 0.33, -6.64 	-12.86, 15.32 	13,22,46,254		4.74,2.38	0,0 	0
414     	29.71, -16.13, -6.85 	-0.39, 0.33, -6.63 	-12.86, 15.32 	13,22,46,264		1.60,1.07	0,0 	0
422     	29.67, -16.16, -6.86 	-0.40, 0.33, -6.62 	-12.86, 15.32 	13,22,46,273		5.51,1.20	0,0 	0
431     	29.71, -16.13, -6.86 	-0.40, 0.32, -6.62 	-12.86, 15.32 	13,22,46,283		4.89,1.19	0,0 	0
440     	29.75, -16.11, -6.86 	-0.40, 0.30, -6.62 	-12.86, 15.32 	13,22,46,293		4.89,1.19	0,0 	0
448     	29.76, -16.13, -6.83 	-0.41, 0.29, -6.62 	-12.86, 15.32 	13,22,46,302		2.92,1.78	0,0 	0
457     	29.76, -16.13, -6.83 	-0.42, 0.32, -6.62 	-12.86, 15.32 	13,22,46,312		0.00,2.62	0,0 	0
466     	29.73, -16.19, -6.81 	-0.42, 0.31, -6.62 	-12.86, 15.32 	13,22,46,322		6.74,1.19	0,0 	0
474     	29.73, -16.19, -6.81 	-0.42, 0.33, -6.64 	-12.86, 15.32 	13,22,46,331		0.00,2.67	0,0 	0
483     	29.73, -16.20, -6.81 	-0.41, 0.33, -6.63 	-12.86, 15.32 	13,22,46,341		1.18,1.07	0,0 	0
492     	29.73, -16.21, -6.81 	-0.41, 0.33, -6.63 	-12.86, 15.32 	13,22,46,351		1.18,0.00	0,0 	0
500     	29.76, -16.15, -6.83 	-0.43, 0.35, -6.62 	-12.86, 15.32 	13,22,46,360		8.77,3.62	0,0 	0
509     	29.73, -16.18, -6.84 	-0.43, 0.34, -6.63 	-12.86, 15.32 	13,22,46,370		4.79,1.19	0,0 	0
518     	29.71, -16.17, -6.82 	-0.43, 0.34, -6.63 	-12.86, 15.32 	13,22,46,380		2.45,0.00	0,0 	0
526     	29.71, -16.17, -6.82 	-0.38, 0.34, -6.63 	-12.86, 15.32 	13,22,46,389		0.00,6.02	0,0 	0
535     	29.71, -16.17, -6.82 	-0.38, 0.35, -6.64 	-12.86, 15.32 	13,22,46,399		0.00,1.19	0,0 	0
544     	29.67, -16.20, -6.83 	-0.40, 0.34, -6.63 	-12.86, 15.32 	13,22,46,409		5.56,2.43	0,0 	0
552     	29.68, -16.21, -6.80 	-0.40, 0.34, -6.64 	-12.86, 15.32 	13,22,46,418		1.79,0.00	0,0 	0
561     	29.68, -16.23, -6.81 	-0.40, 0.33, -6.64 	-12.86, 15.32 	13,22,46,428		2.37,1.19	0,0 	0
570     	29.67, -16.23, -6.81 	-0.43, 0.33, -6.63 	-12.86, 15.32 	13,22,46,438		1.07,3.21	0,0 	0
578     	29.68, -16.23, -6.81 	-0.43, 0.33, -6.63 	-12.86, 15.32 	13,22,46,447		1.20,0.00	0,0 	0
587     	29.67, -16.22, -6.83 	-0.38, 0.33, -6.63 	-12.86, 15.32 	13,22,46,457		2.45,5.35	0,0 	0
596     	29.67, -16.23, -6.83 	-0.39, 0.32, -6.64 	-12.86, 15.32 	13,22,46,467		1.60,1.59	0,0 	0
605     	29.67, -16.23, -6.83 	-0.39, 0.33, -6.65 	-12.86, 15.32 	13,22,46,477		0.00,1.19	0,0 	0
613     	29.67, -16.23, -6.83 	-0.40, 0.35, -6.64 	-12.86, 15.32 	13,22,46,486		0.00,2.95	0,0 	0
622     	29.71, -16.19, -6.83 	-0.40, 0.34, -6.64 	-12.86, 15.32 	13,22,46,496		6.39,1.19	0,0 	0
631     	29.67, -16.21, -6.83 	-0.41, 0.34, -6.63 	-12.86, 15.32 	13,22,46,506		4.89,1.07	0,0 	0
639     	29.67, -16.23, -6.83 	-0.41, 0.34, -6.63 	-12.86, 15.32 	13,22,46,515		2.66,0.00	0,0 	0
648     	29.69, -16.26, -6.79 	-0.41, 0.34, -6.63 	-12.86, 15.32 	13,22,46,525		4.15,0.00	0,0 	0
657     	29.69, -16.26, -6.79 	-0.41, 0.34, -6.63 	-12.86, 15.32 	13,22,46,535		0.00,0.00	0,0 	0
665     	29.69, -16.26, -6.79 	-0.42, 0.34, -6.62 	-12.86, 15.32 	13,22,46,544		0.00,1.20	0,0 	0
674     	29.69, -16.27, -6.81 	-0.42, 0.34, -6.62 	-12.86, 15.32 	13,22,46,554		1.18,0.00	0,0 	0
683     	29.71, -16.22, -6.82 	-0.43, 0.33, -6.62 	-12.86, 15.32 	13,22,46,564		6.30,1.59	0,0 	0
691     	29.71, -16.22, -6.80 	-0.41, 0.33, -6.62 	-12.86, 15.32 	13,22,46,573		0.00,2.41	0,0 	0
700     	29.71, -16.21, -6.80 	-0.43, 0.33, -6.61 	-12.86, 15.32 	13,22,46,583		1.18,2.14	0,0 	0
709     	29.71, -16.22, -6.80 	-0.43, 0.33, -6.61 	-12.86, 15.32 	13,22,46,593		1.18,0.00	0,0 	0
717     	29.71, -16.22, -6.80 	-0.43, 0.33, -6.63 	-12.86, 15.32 	13,22,46,602		0.00,0.00	0,0 	0
726     	29.71, -16.22, -6.80 	-0.43, 0.33, -6.63 	-12.86, 15.32 	13,22,46,612		0.00,0.00	0,0 	0
735     	29.71, -16.22, -6.80 	-0.43, 0.34, -6.63 	-12.86, 15.32 	13,22,46,622		0.00,1.19	0,0 	0
743     	29.73, -16.25, -6.79 	-0.44, 0.34, -6.62 	-12.86, 15.32 	13,22,46,631		4.66,1.20	0,0 	0
752     	29.72, -16.24, -6.79 	-0.44, 0.34, -6.62 	-12.86, 15.32 	13,22,46,641		1.60,0.00	0,0 	0
761     	29.73, -16.25, -6.79 	-0.44, 0.34, -6.62 	-12.86, 15.32 	13,22,46,651		1.60,0.00	0,0 	0
770     	29.72, -16.24, -6.79 	-0.44, 0.34, -6.62 	-12.86, 15.32 	13,22,46,661		1.60,0.00	0,0 	0
778     	29.74, -16.19, -6.81 	-0.44, 0.34, -6.64 	-12.86, 15.32 	13,22,46,670		7.08,0.00	0,0 	0
787     	29.74, -16.18, -6.80 	-0.42, 0.35, -6.63 	-12.86, 15.32 	13,22,46,680		1.18,2.43	0,0 	0
796     	29.74, -16.19, -6.79 	-0.46, 0.34, -6.63 	-12.86, 15.32 	13,22,46,690		1.18,4.42	0,0 	0
804     	29.70, -16.20, -6.80 	-0.46, 0.34, -6.63 	-12.86, 15.32 	13,22,46,699		5.00,0.00	0,0 	0
813     	29.70, -16.22, -6.78 	-0.46, 0.35, -6.63 	-12.86, 15.32 	13,22,46,709		2.37,1.61	0,0 	0
822     	29.70, -16.23, -6.79 	-0.46, 0.34, -6.63 	-12.86, 15.32 	13,22,46,719		1.18,1.19	0,0 	0
830     	29.70, -16.22, -6.78 	-0.46, 0.34, -6.61 	-12.86, 15.32 	13,22,46,728		1.33,0.00	0,0 	0
839     	29.70, -16.22, -6.79 	-0.46, 0.34, -6.62 	-12.86, 15.32 	13,22,46,738		0.00,0.00	0,0 	0
848     	29.70, -16.22, -6.79 	-0.46, 0.34, -6.62 	-12.86, 15.32 	13,22,46,748		0.00,0.00	0,0 	0
856     	29.70, -16.22, -6.79 	-0.46, 0.34, -6.62 	-12.86, 15.32 	13,22,46,757		0.00,0.00	0,0 	0
865     	29.69, -16.21, -6.79 	-0.46, 0.35, -6.64 	-12.86, 15.32 	13,22,46,767		1.60,1.19	0,0 	0
874     	29.69, -16.21, -6.80 	-0.46, 0.35, -6.62 	-12.86, 15.32 	13,22,46,777		0.00,0.00	0,0 	0
882     	29.69, -16.21, -6.79 	-0.43, 0.35, -6.62 	-12.86, 15.32 	13,22,46,786		0.00,4.81	0,0 	0
891     	29.70, -16.22, -6.79 	-0.43, 0.35, -6.62 	-12.86, 15.32 	13,22,46,796		1.60,0.00	0,0 	0
900     	29.70, -16.22, -6.79 	-0.43, 0.35, -6.62 	-12.86, 15.32 	13,22,46,806		0.00,0.00	0,0 	0
908     	29.68, -16.28, -6.79 	-0.45, 0.35, -6.61 	-12.86, 15.32 	13,22,46,815		8.35,2.41	0,0 	0
917     	29.72, -16.27, -6.78 	-0.44, 0.35, -6.61 	-12.86, 15.32 	13,22,46,825		4.44,1.07	0,0 	0
926     	29.73, -16.28, -6.78 	-0.44, 0.36, -6.63 	-12.86, 15.32 	13,22,46,835		1.60,1.19	0,0 	0
935     	29.68, -16.31, -6.78 	-0.46, 0.38, -6.63 	-12.86, 15.32 	13,22,46,844		5.85,3.22	0,0 	0
944     	29.68, -16.32, -6.78 	-0.46, 0.37, -6.62 	-12.86, 15.32 	13,22,46,854		1.18,1.59	0,0 	0
953     	29.67, -16.24, -6.80 	-0.46, 0.37, -6.63 	-12.86, 15.32 	13,22,46,864		8.56,0.00	0,0 	0
962     	29.66, -16.24, -6.80 	-0.46, 0.37, -6.62 	-12.86, 15.32 	13,22,46,874		1.07,1.07	0,0 	0
970     	29.67, -16.24, -6.80 	-0.46, 0.37, -6.62 	-12.86, 15.32 	13,22,46,883		1.20,0.00	0,0 	0
979     	29.71, -16.26, -6.79 	-0.46, 0.37, -6.62 	-12.86, 15.32 	13,22,46,893		5.85,0.00	0,0 	0
988     	29.71, -16.26, -6.79 	-0.47, 0.38, -6.61 	-12.86, 15.32 	13,22,46,903		0.00,2.46	0,0 	0
996     	29.67, -16.28, -6.79 	-0.47, 0.37, -6.61 	-12.86, 15.32 	13,22,46,912		5.51,1.34	0,0 	0
1005    	29.68, -16.29, -6.79 	-0.46, 0.38, -6.62 	-12.86, 15.32 	13,22,46,922		1.60,1.59	1000,1 	0
1014    	29.67, -16.29, -6.79 	-0.46, 0.38, -6.62 	-12.86, 15.32 	13,22,46,932		1.07,0.00	1000,1 	0
1022    	29.67, -16.29, -6.79 	-0.46, 0.36, -6.61 	-12.86, 15.32 	13,22,46,941		0.00,2.67	1000,1 	0
1031    	29.67, -16.29, -6.79 	-0.46, 0.36, -6.61 	-12.86, 15.32 	13,22,46,951		0.00,0.00	1000,1 	0
1040    	29.67, -16.29, -6.79 	-0.46, 0.37, -6.63 	-12.86, 15.32 	13,22,46,961		0.00,1.19	1000,1 	0
1048    	29.67, -16.29, -6.79 	-0.46, 0.37, -6.63 	-12.86, 15.32 	13,22,46,970		0.00,0.00	1000,1 	0
1057    	29.67, -16.29, -6.79 	-0.46, 0.37, -6.63 	-12.86, 15.32 	13,22,46,980		0.00,0.00	1000,1 	0
1066    	29.67, -16.29, -6.79 	-0.46, 0.38, -6.65 	-12.86, 15.32 	13,22,46,990		0.00,1.19	1000,1 	0
1074    	29.72, -16.29, -6.77 	-0.46, 0.38, -6.64 	-12.86, 15.32 	13,22,46,999		6.02,1.20	1000,1 	0
1083    	29.69, -16.33, -6.78 	-0.46, 0.37, -6.62 	-12.86, 15.32 	13,22,47,9		4.79,1.59	1000,1 	0
1092    	29.67, -16.29, -6.80 	-0.46, 0.37, -6.62 	-12.86, 15.32 	13,22,47,19		4.15,0.00	1000,1 	0
1100    	29.68, -16.34, -6.78 	-0.46, 0.38, -6.64 	-12.86, 15.32 	13,22,47,28		5.46,1.34	1000,1 	0
1109    	29.70, -16.36, -6.78 	-0.46, 0.38, -6.64 	-12.86, 15.32 	13,22,47,38		3.19,0.00	1000,1 	0
1118    	29.69, -16.36, -6.78 	-0.46, 0.38, -6.63 	-12.86, 15.32 	13,22,47,48		1.07,1.07	1000,1 	0
1126    	29.68, -16.33, -6.79 	-0.46, 0.37, -6.62 	-12.86, 15.32 	13,22,47,57		4.17,1.78	1000,1 	0
1135    	29.67, -16.31, -6.81 	-0.46, 0.37, -6.62 	-12.86, 15.32 	13,22,47,67		2.60,0.00	1000,1 	0
1144    	29.67, -16.29, -6.80 	-0.47, 0.37, -6.62 	-12.86, 15.32 	13,22,47,77		1.18,1.07	1000,1 	0
1153    	29.67, -16.29, -6.80 	-0.47, 0.36, -6.62 	-12.86, 15.32 	13,22,47,87		0.00,1.19	1000,1 	0
1161    	29.72, -16.28, -6.78 	-0.47, 0.37, -6.62 	-12.86, 15.32 	13,22,47,96		6.17,1.34	1000,1 	0
1170    	29.68, -16.32, -6.78 	-0.47, 0.37, -6.62 	-12.86, 15.32 	13,22,47,106		5.56,0.00	1000,1 	0
1179    	29.69, -16.35, -6.76 	-0.46, 0.37, -6.62 	-12.86, 15.32 	13,22,47,116		3.71,2.14	1000,1 	0
1187    	29.69, -16.35, -6.76 	-0.46, 0.37, -6.62 	-12.86, 15.32 	13,22,47,125		0.00,0.00	1000,1 	0
1196    	29.69, -16.35, -6.76 	-0.47, 0.38, -6.61 	-12.86, 15.32 	13,22,47,135		0.00,2.46	1000,1 	0
1205    	29.69, -16.35, -6.76 	-0.47, 0.38, -6.61 	-12.86, 15.32 	13,22,47,145		0.00,0.00	1000,1 	0
1213    	29.73, -16.31, -6.76 	-0.48, 0.36, -6.61 	-12.86, 15.32 	13,22,47,154		7.18,2.91	1000,1 	0
1222    	29.72, -16.28, -6.78 	-0.49, 0.36, -6.60 	-12.86, 15.32 	13,22,47,164		2.60,1.07	1000,1 	0
1231    	29.68, -16.32, -6.78 	-0.49, 0.36, -6.60 	-12.86, 15.32 	13,22,47,174		5.56,0.00	1000,1 	0
1239    	29.68, -16.32, -6.78 	-0.49, 0.36, -6.60 	-12.86, 15.32 	13,22,47,183		0.00,0.00	1000,1 	0
1248    	29.71, -16.28, -6.79 	-0.49, 0.36, -6.62 	-12.86, 15.32 	13,22,47,193		4.79,0.00	1000,1 	0
1257    	29.72, -16.32, -6.77 	-0.48, 0.36, -6.62 	-12.86, 15.32 	13,22,47,203		3.71,1.07	1000,1 	0
1265    	29.72, -16.31, -6.79 	-0.49, 0.36, -6.62 	-12.86, 15.32 	13,22,47,212		1.33,1.20	1000,1 	0
1274    	29.71, -16.31, -6.79 	-0.48, 0.36, -6.62 	-12.86, 15.32 	13,22,47,222		1.07,1.07	1000,1 	0
1283    	29.72, -16.32, -6.77 	-0.49, 0.36, -6.62 	-12.86, 15.32 	13,22,47,232		1.60,1.07	1000,1 	0
1291    	29.73, -16.32, -6.77 	-0.50, 0.36, -6.62 	-12.86, 15.32 	13,22,47,241		1.20,1.20	1000,1 	0
1300    	29.73, -16.34, -6.73 	-0.51, 0.36, -6.61 	-12.86, 15.32 	13,22,47,251		2.37,1.07	1000,1 	0
1309    	29.72, -16.34, -6.75 	-0.51, 0.36, -6.61 	-12.86, 15.32 	13,22,47,261		1.07,0.00	1000,1 	0
1317    	29.72, -16.34, -6.75 	-0.51, 0.36, -6.61 	-12.86, 15.32 	13,22,47,270		0.00,0.00	1000,1 	0
1326    	29.75, -16.29, -6.75 	-0.52, 0.36, -6.62 	-12.86, 15.32 	13,22,47,280		5.72,1.07	1000,1 	0
1335    	29.74, -16.26, -6.78 	-0.51, 0.36, -6.61 	-12.86, 15.32 	13,22,47,290		3.71,1.07	1000,1 	0
1344    	29.74, -16.27, -6.77 	-0.50, 0.36, -6.61 	-12.86, 15.32 	13,22,47,300		1.18,1.07	1000,1 	0
1352    	29.70, -16.31, -6.78 	-0.51, 0.36, -6.61 	-12.86, 15.32 	13,22,47,309		6.26,1.20	1000,1 	0
1361    	29.70, -16.31, -6.78 	-0.50, 0.36, -6.61 	-12.86, 15.32 	13,22,47,319		0.00,1.07	1000,1 	0
1370    	29.71, -16.32, -6.78 	-0.51, 0.36, -6.61 	-12.86, 15.32 	13,22,47,329		1.60,1.07	1000,1 	0
1378    	29.71, -16.32, -6.79 	-0.50, 0.36, -6.61 	-12.86, 15.32 	13,22,47,338		0.00,1.20	1000,1 	0
1387    	29.67, -16.34, -6.78 	-0.50, 0.37, -6.63 	-12.86, 15.32 	13,22,47,348		4.89,1.19	1000,1 	0
1396    	29.67, -16.33, -6.78 	-0.50, 0.38, -6.63 	-12.86, 15.32 	13,22,47,358		1.60,1.19	1000,1 	0
1404    	29.67, -16.34, -6.78 	-0.50, 0.37, -6.63 	-12.86, 15.32 	13,22,47,367		1.33,1.34	1000,1 	0
1413    	29.67, -16.33, -6.78 	-0.50, 0.38, -6.63 	-12.86, 15.32 	13,22,47,377		1.18,1.19	1000,1 	0
1422    	29.67, -16.34, -6.78 	-0.50, 0.37, -6.63 	-12.86, 15.32 	13,22,47,387		1.18,1.19	1000,1 	0
1430    	29.67, -16.37, -6.76 	-0.50, 0.38, -6.63 	-12.86, 15.32 	13,22,47,396		4.17,1.34	1000,1 	0
1439    	29.67, -16.37, -6.76 	-0.50, 0.37, -6.63 	-12.86, 15.32 	13,22,47,406		0.00,1.19	1000,1 	0
1448    	29.73, -16.35, -6.77 	-0.50, 0.38, -6.63 	-12.86, 15.32 	13,22,47,416		6.85,1.19	1000,1 	0
1456    	29.72, -16.35, -6.76 	-0.50, 0.37, -6.63 	-12.86, 15.32 	13,22,47,425		1.20,1.34	1000,1 	0
1465    	29.72, -16.35, -6.77 	-0.51, 0.38, -6.63 	-12.86, 15.32 	13,22,47,435		0.00,1.61	1000,1 	0
1474    	29.69, -16.37, -6.76 	-0.51, 0.38, -6.63 	-12.86, 15.32 	13,22,47,445		3.99,0.00	1000,1 	0
1482    	29.68, -16.37, -6.76 	-0.51, 0.38, -6.63 	-12.86, 15.32 	13,22,47,454		1.20,0.00	1000,1 	0
1491    	29.64, -16.36, -6.76 	-0.51, 0.38, -6.63 	-12.86, 15.32 	13,22,47,464		5.48,0.00	1000,1 	0
1500    	29.64, -16.36, -6.76 	-0.51, 0.38, -6.63 	-12.86, 15.32 	13,22,47,474		0.00,0.00	1000,1 	0
1508    	29.67, -16.35, -6.75 	-0.51, 0.38, -6.63 	-12.86, 15.32 	13,22,47,483		5.00,0.00	1000,1 	0
1517    	29.67, -16.33, -6.77 	-0.51, 0.38, -6.62 	-12.86, 15.32 	13,22,47,493		2.60,0.00	1000,1 	0
1526    	29.75, -16.28, -6.76 	-0.51, 0.38, -6.61 	-12.86, 15.32 	13,22,47,503		10.74,0.00	1000,1 	0
1535    	29.78, -16.22, -6.78 	-0.51, 0.41, -6.63 	-12.86, 15.32 	13,22,47,513		7.80,3.56	1000,1 	0
1543    	29.75, -16.25, -6.77 	-0.54, 0.39, -6.63 	-12.86, 15.32 	13,22,47,522		5.39,4.46	1000,1 	0
1552    	29.72, -16.32, -6.75 	-0.58, 0.39, -6.63 	-12.86, 15.32 	13,22,47,532		7.80,4.28	1000,1 	0
1561    	29.72, -16.32, -6.75 	-0.57, 0.38, -6.63 	-12.86, 15.32 	13,22,47,542		0.00,1.61	1000,1 	0
1569    	29.67, -16.31, -6.76 	-0.55, 0.38, -6.63 	-12.86, 15.32 	13,22,47,551		7.35,2.41	1000,1 	0
1578    	29.67, -16.31, -6.76 	-0.58, 0.38, -6.62 	-12.86, 15.32 	13,22,47,561		0.00,3.21	1000,1 	0
1587    	29.67, -16.31, -6.76 	-0.60, 0.39, -6.62 	-12.86, 15.32 	13,22,47,571		0.00,2.46	1000,1 	0
1595    	29.67, -16.33, -6.78 	-0.61, 0.41, -6.61 	-12.86, 15.32 	13,22,47,580		2.92,2.95	1000,1 	0
1604    	29.70, -16.24, -6.80 	-0.61, 0.43, -6.61 	-12.86, 15.32 	13,22,47,590		10.00,2.38	1000,1 	0
1613    	29.66, -16.25, -6.79 	-0.63, 0.45, -6.62 	-12.86, 15.32 	13,22,47,600		5.48,2.46	1000,1 	0
1621    	29.65, -16.25, -6.79 	-0.69, 0.49, -6.60 	-12.86, 15.32 	13,22,47,609		1.20,9.05	1000,1 	0
1630    	29.66, -16.27, -6.81 	-0.73, 0.51, -6.61 	-12.86, 15.32 	13,22,47,619		2.60,4.92	1000,1 	0
1639    	29.67, -16.28, -6.79 	-0.79, 0.55, -6.60 	-12.86, 15.32 	13,22,47,629		1.60,8.93	1000,1 	0
1647    	29.60, -16.35, -6.81 	-0.88, 0.59, -6.59 	-12.86, 15.32 	13,22,47,638		11.62,11.60	1000,1 	0
1656    	29.62, -16.29, -6.82 	-0.88, 0.67, -6.60 	-12.86, 15.32 	13,22,47,648		6.30,9.50	1000,1 	0
1665    	29.58, -16.31, -6.82 	-0.90, 0.68, -6.62 	-12.86, 15.32 	13,22,47,658		4.44,2.46	1000,1 	0
1673    	29.60, -16.25, -6.83 	-0.91, 0.78, -6.64 	-12.86, 15.32 	13,22,47,667		7.08,12.11	1000,1 	0
1682    	29.63, -16.20, -6.83 	-0.90, 0.82, -6.68 	-12.86, 15.32 	13,22,47,677		6.74,4.85	1000,1 	0
1691    	29.65, -16.20, -6.84 	-0.93, 0.89, -6.69 	-12.86, 15.32 	13,22,47,687		2.14,7.86	1000,1 	0
1699    	29.58, -16.16, -6.87 	-0.95, 0.94, -6.70 	-12.86, 15.32 	13,22,47,696		9.97,7.14	1000,1 	0
1708    	29.62, -16.13, -6.87 	-0.96, 0.95, -6.70 	-12.86, 15.32 	13,22,47,706		4.89,1.61	1000,1 	0
1717    	29.57, -16.13, -6.91 	-0.97, 0.96, -6.71 	-12.86, 15.32 	13,22,47,716		5.35,1.61	1000,1 	0
1726    	29.60, -16.03, -6.91 	-1.00, 0.99, -6.70 	-12.86, 15.32 	13,22,47,726		12.27,4.83	1000,1 	0
1734    	29.63, -16.06, -6.97 	-1.08, 1.01, -6.70 	-12.86, 15.32 	13,22,47,735		5.38,9.74	1000,1 	0
1743    	29.50, -16.05, -6.98 	-1.13, 1.04, -6.69 	-12.86, 15.32 	13,22,47,745		13.96,7.39	1000,1 	0
1752    	29.57, -15.90, -7.07 	-1.17, 1.05, -6.69 	-12.86, 15.32 	13,22,47,755		18.19,4.46	1000,1 	0
1760    	29.49, -15.73, -7.19 	-1.22, 1.07, -6.68 	-12.86, 15.32 	13,22,47,764		23.38,6.62	1000,1 	0
1769    	29.47, -15.51, -7.31 	-1.28, 1.11, -6.69 	-12.86, 15.32 	13,22,47,774		24.95,8.04	1000,1 	0
1778    	29.31, -15.27, -7.48 	-1.35, 1.16, -6.69 	-12.86, 15.32 	13,22,47,784		31.76,8.93	1000,1 	0
1786    	29.26, -15.06, -7.60 	-1.38, 1.18, -6.70 	-12.86, 15.32 	13,22,47,793		27.30,5.54	1000,1 	0
1795    	29.19, -14.90, -7.76 	-1.42, 1.16, -6.69 	-12.86, 15.32 	13,22,47,803		19.71,4.86	1000,1 	0
1804    	29.17, -14.67, -7.84 	-1.48, 1.15, -6.65 	-12.86, 15.32 	13,22,47,813		24.95,6.51	1000,1 	0
1812    	29.06, -14.55, -7.99 	-1.58, 1.13, -6.60 	-12.86, 15.32 	13,22,47,822		20.75,12.28	1000,1 	0
1821    	28.90, -14.43, -8.15 	-1.60, 1.10, -6.60 	-12.86, 15.32 	13,22,47,832		22.37,4.13	1000,1 	0
1830    	28.81, -14.26, -8.29 	-1.57, 1.08, -6.60 	-12.86, 15.32 	13,22,47,842		21.24,3.44	1000,1 	0
1838    	28.63, -14.11, -8.44 	-1.61, 1.04, -6.58 	-12.86, 15.32 	13,22,47,851		29.51,7.14	1000,1 	0
1847    	28.40, -13.96, -8.56 	-1.61, 1.03, -6.59 	-12.86, 15.32 	13,22,47,861		30.56,1.59	1000,1 	0
1856    	28.26, -13.65, -8.71 	-1.53, 1.09, -6.61 	-12.86, 15.32 	13,22,47,871		37.45,11.89	1000,1 	0
1864    	28.24, -13.27, -8.88 	-1.43, 1.15, -6.68 	-12.86, 15.32 	13,22,47,880		48.00,13.67	1000,1 	0
1873    	28.27, -12.87, -8.93 	-1.31, 1.17, -6.70 	-12.86, 15.32 	13,22,47,890		43.92,14.07	1000,1 	0
1882    	28.29, -12.49, -9.04 	-1.24, 1.19, -6.73 	-12.86, 15.32 	13,22,47,900		42.67,7.82	1000,1 	0
1890    	28.20, -12.14, -9.12 	-1.23, 1.23, -6.75 	-12.86, 15.32 	13,22,47,909		45.56,5.46	1000,1 	0
1899    	28.05, -11.87, -9.19 	-1.28, 1.29, -6.78 	-12.86, 15.32 	13,22,47,919		33.66,8.05	1000,1 	0
1908    	27.99, -11.55, -9.28 	-1.38, 1.38, -6.83 	-12.86, 15.32 	13,22,47,929		36.09,15.24	1000,1 	0
1917    	27.74, -11.23, -9.36 	-1.58, 1.49, -6.89 	-12.86, 15.32 	13,22,47,939		45.11,25.56	1000,1 	0
1925    	27.56, -11.03, -9.45 	-1.80, 1.62, -6.94 	-12.86, 15.32 	13,22,47,948		34.10,32.19	1000,1 	0
1934    	27.29, -10.83, -9.52 	-1.95, 1.71, -6.98 	-12.86, 15.32 	13,22,47,958		37.46,18.77	1000,1 	0
1943    	27.16, -10.45, -9.65 	-2.17, 1.83, -7.05 	-12.86, 15.32 	13,22,47,968		44.05,28.03	1000,1 	0
1951    	27.03, -10.12, -9.69 	-2.32, 1.94, -7.12 	-12.86, 15.32 	13,22,47,977		44.14,23.60	1000,1 	0
1960    	26.78, -9.91, -9.70 	-2.64, 2.11, -7.20 	-12.86, 15.32 	13,22,47,987		36.53,40.33	1000,1 	0
1969    	26.63, -9.68, -9.76 	-3.04, 2.32, -7.33 	-12.86, 15.32 	13,22,47,997		31.16,49.62	1000,1 	0
1977    	26.48, -9.48, -9.80 	-3.51, 2.56, -7.49 	-12.86, 15.32 	13,22,48,6		30.01,66.89	1000,1 	0
1986    	26.34, -9.24, -9.75 	-3.99, 2.77, -7.66 	-12.86, 15.32 	13,22,48,16		31.60,58.35	1000,1 	0
1995    	26.14, -8.96, -9.76 	-4.48, 2.91, -7.73 	-12.86, 15.32 	13,22,48,26		38.10,55.88	1000,1 	0
2003    	25.87, -8.79, -9.76 	-4.94, 2.96, -7.77 	-12.86, 15.32 	13,22,48,35		39.87,58.07	1000,1 	0
2012    	25.66, -8.62, -9.78 	-5.31, 3.07, -7.86 	-12.86, 15.32 	13,22,48,45		30.21,43.54	1000,1 	0
2021    	25.42, -8.46, -9.78 	-5.56, 3.18, -7.98 	-12.86, 15.32 	13,22,48,55		32.11,29.42	1000,1 	0
2029    	25.18, -8.17, -9.77 	-5.84, 3.38, -8.13 	-12.86, 15.32 	13,22,48,64		46.88,42.68	1000,1 	0
2038    	24.96, -7.80, -9.81 	-6.17, 3.58, -8.26 	-12.86, 15.32 	13,22,48,74		47.64,44.00	1000,1 	0
2047    	24.75, -7.45, -9.80 	-6.49, 3.74, -8.39 	-12.86, 15.32 	13,22,48,84		45.60,39.77	1000,1 	0
2055    	24.57, -7.24, -9.77 	-6.73, 3.83, -8.45 	-12.86, 15.32 	13,22,48,93		35.10,32.07	1000,1 	0
2064    	24.38, -7.11, -9.73 	-6.94, 3.85, -8.50 	-12.86, 15.32 	13,22,48,103		25.68,22.62	1000,1 	0
2073    	24.16, -7.05, -9.69 	-7.26, 3.90, -8.51 	-12.86, 15.32 	13,22,48,113		25.32,36.74	1000,1 	0
2081    	23.98, -6.94, -9.65 	-7.67, 3.96, -8.51 	-12.86, 15.32 	13,22,48,122		26.15,51.07	1000,1 	0
2090    	23.77, -6.83, -9.61 	-7.92, 3.99, -8.55 	-12.86, 15.32 	13,22,48,132		26.35,28.08	1000,1 	0
2099    	23.52, -6.66, -9.57 	-8.17, 4.09, -8.62 	-12.86, 15.32 	13,22,48,142		33.65,29.94	1000,1 	0
2108    	23.23, -6.49, -9.52 	-8.37, 4.18, -8.71 	-12.86, 15.32 	13,22,48,152		37.27,24.52	1000,1 	0
2116    	22.92, -6.30, -9.48 	-8.60, 4.33, -8.76 	-12.86, 15.32 	13,22,48,161		45.37,33.64	1000,1 	0
2125    	22.70, -6.06, -9.52 	-8.75, 4.47, -8.82 	-12.86, 15.32 	13,22,48,170		35.83,23.22	1000,1 	0
2134    	22.59, -5.83, -9.48 	-8.94, 4.57, -8.88 	-12.86, 15.32 	13,22,48,181		29.03,24.05	1000,1 	0
2142    	22.42, -5.65, -9.44 	-9.02, 4.63, -8.91 	-12.86, 15.32 	13,22,48,189		30.51,12.62	1000,1 	0
2151    	22.24, -5.47, -9.40 	-9.23, 4.66, -8.95 	-12.86, 15.32 	13,22,48,199		28.60,23.85	1000,1 	0
2160    	22.04, -5.31, -9.33 	-9.42, 4.74, -8.98 	-12.86, 15.32 	13,22,48,209		28.64,22.07	1000,1 	0
2168    	21.94, -5.15, -9.28 	-9.61, 4.85, -9.02 	-12.86, 15.32 	13,22,48,218		23.32,27.70	1000,1 	0
2177    	21.75, -5.07, -9.23 	-9.74, 4.95, -9.05 	-12.86, 15.32 	13,22,48,228		22.95,18.53	1000,1 	0
2186    	21.51, -5.06, -9.15 	-9.94, 5.10, -9.10 	-12.86, 15.32 	13,22,48,238		26.79,27.29	1000,1 	0
2194    	21.27, -4.99, -9.11 	-10.11, 5.28, -9.14 	-12.86, 15.32 	13,22,48,247		31.51,31.62	1000,1 	0
2203    	21.05, -4.88, -9.09 	-10.32, 5.51, -9.17 	-12.86, 15.32 	13,22,48,257		27.31,33.82	1000,1 	0
2212    	20.96, -4.72, -9.08 	-10.52, 5.71, -9.21 	-12.86, 15.32 	13,22,48,267		20.20,32.08	1000,1 	0
2220    	20.92, -4.57, -9.10 	-10.75, 6.01, -9.25 	-12.86, 15.32 	13,22,48,276		19.25,47.61	1000,1 	0
2229    	20.82, -4.42, -9.12 	-10.89, 6.34, -9.30 	-12.86, 15.32 	13,22,48,286		20.32,38.86	1000,1 	0
2238    	20.72, -4.27, -9.14 	-11.04, 6.70, -9.32 	-12.86, 15.32 	13,22,48,296		19.72,43.68	1000,1 	0
2246    	20.69, -4.15, -9.14 	-11.14, 7.06, -9.31 	-12.86, 15.32 	13,22,48,305		15.09,47.18	1000,1 	0
2255    	20.67, -4.07, -9.15 	-11.29, 7.50, -9.29 	-12.86, 15.32 	13,22,48,315		9.71,51.87	1000,1 	0
2264    	20.57, -3.97, -9.14 	-11.39, 7.91, -9.24 	-12.86, 15.32 	13,22,48,325		15.87,46.55	1000,1 	0
2272    	20.44, -3.95, -9.12 	-11.49, 8.37, -9.17 	-12.86, 15.32 	13,22,48,334		15.88,58.89	1000,1 	0
2281    	20.36, -3.93, -9.11 	-11.62, 8.89, -9.11 	-12.86, 15.32 	13,22,48,344		9.92,58.90	1000,1 	0
2290    	20.24, -3.87, -9.09 	-11.73, 9.44, -9.02 	-12.86, 15.32 	13,22,48,354		14.67,63.06	1000,1 	0
2299    	20.15, -3.76, -9.10 	-11.85, 9.96, -8.92 	-12.86, 15.32 	13,22,48,364		15.26,58.64	1000,1 	0
2307    	20.05, -3.67, -9.09 	-11.93, 10.40, -8.85 	-12.86, 15.32 	13,22,48,373		16.99,55.78	1000,1 	0
2316    	19.98, -3.63, -9.08 	-12.05, 10.85, -8.82 	-12.86, 15.32 	13,22,48,383		8.86,51.71	1000,1 	0
2325    	19.91, -3.60, -9.10 	-12.07, 11.23, -8.81 	-12.86, 15.32 	13,22,48,393		8.29,42.85	1000,1 	0
2333    	19.87, -3.55, -9.09 	-12.13, 11.55, -8.74 	-12.86, 15.32 	13,22,48,402		8.22,40.85	1000,1 	0
2342    	19.81, -3.47, -9.09 	-12.20, 11.85, -8.62 	-12.86, 15.32 	13,22,48,412		11.17,34.21	1000,1 	0
2351    	19.77, -3.43, -9.09 	-12.29, 12.12, -8.54 	-12.86, 15.32 	13,22,48,422		6.38,31.36	1000,1 	0
2359    	19.70, -3.38, -9.06 	-12.25, 12.37, -8.48 	-12.86, 15.32 	13,22,48,431		10.74,31.04	1000,1 	0
2368    	19.60, -3.41, -9.05 	-12.21, 12.57, -8.42 	-12.86, 15.32 	13,22,48,441		11.28,22.91	1000,1 	0
2377    	19.55, -3.39, -9.02 	-12.16, 12.85, -8.39 	-12.86, 15.32 	13,22,48,451		6.84,31.45	1000,1 	0
2385    	19.49, -3.34, -8.98 	-12.13, 13.06, -8.32 	-12.86, 15.32 	13,22,48,460		8.97,26.92	1000,1 	0
2394    	19.40, -3.32, -8.99 	-12.04, 13.26, -8.27 	-12.86, 15.32 	13,22,48,470		9.92,24.40	1000,1 	0
2403    	19.40, -3.25, -9.01 	-11.96, 13.43, -8.21 	-12.86, 15.32 	13,22,48,480		8.29,21.17	1000,1 	0
2411    	19.37, -3.15, -9.02 	-11.89, 13.56, -8.15 	-12.86, 15.32 	13,22,48,489		12.52,18.00	1000,1 	0
2420    	19.35, -3.09, -9.01 	-11.90, 13.70, -8.08 	-12.86, 15.32 	13,22,48,499		7.42,15.50	1000,1 	0
2429    	19.33, -3.06, -9.01 	-11.93, 13.80, -7.99 	-12.86, 15.32 	13,22,48,509		4.79,11.21	1000,1 	0
2437    	19.31, -3.03, -9.03 	-11.89, 13.88, -7.93 	-12.86, 15.32 	13,22,48,518		3.59,12.19	1000,1 	0
2446    	19.32, -3.02, -9.01 	-11.85, 13.94, -7.88 	-12.86, 15.32 	13,22,48,528		1.60,8.26	1000,1 	0
2455    	19.30, -2.99, -9.00 	-11.86, 14.01, -7.83 	-12.86, 15.32 	13,22,48,538		4.15,7.22	1000,1 	0
2463    	19.28, -2.98, -8.99 	-11.87, 14.06, -7.79 	-12.86, 15.32 	13,22,48,547		2.75,6.81	1000,1 	0
2472    	19.24, -2.95, -8.99 	-11.89, 14.11, -7.76 	-12.86, 15.32 	13,22,48,557		5.56,5.24	1000,1 	0
2481    	19.21, -2.94, -9.02 	-11.88, 14.13, -7.73 	-12.86, 15.32 	13,22,48,567		3.42,2.59	1000,1 	0
2490    	19.20, -2.94, -9.01 	-11.91, 14.14, -7.70 	-12.86, 15.32 	13,22,48,577		1.07,3.44	1000,1 	0
2498    	19.16, -2.93, -9.02 	-11.93, 14.14, -7.67 	-12.86, 15.32 	13,22,48,586		5.00,2.41	1000,1 	0
2507    	19.15, -2.92, -9.03 	-11.94, 14.14, -7.66 	-12.86, 15.32 	13,22,48,596		1.60,1.07	1000,1 	0
2516    	19.14, -2.91, -9.02 	-11.95, 14.14, -7.63 	-12.86, 15.32 	13,22,48,606		1.60,2.14	1000,1 	0
2524    	19.11, -2.91, -9.02 	-11.95, 14.12, -7.62 	-12.86, 15.32 	13,22,48,615		3.61,2.67	1000,1 	0
2533    	19.11, -2.94, -9.02 	-11.95, 14.13, -7.60 	-12.86, 15.32 	13,22,48,625		3.55,1.19	1000,1 	0
2542    	19.09, -2.93, -9.01 	-11.97, 14.12, -7.58 	-12.86, 15.32 	13,22,48,635		2.45,2.43	1000,1 	0
2550    	19.06, -2.90, -9.03 	-12.02, 14.12, -7.55 	-12.86, 15.32 	13,22,48,644		6.26,6.02	1000,1 	0
2559    	19.05, -2.94, -9.00 	-12.05, 14.14, -7.53 	-12.86, 15.32 	13,22,48,654		4.86,4.02	1000,1 	0
2568    	19.04, -2.94, -9.01 	-12.07, 14.14, -7.49 	-12.86, 15.32 	13,22,48,664		1.07,2.14	1000,1 	0
2576    	19.00, -2.92, -9.01 	-12.11, 14.15, -7.47 	-12.86, 15.32 	13,22,48,673		5.50,5.01	1000,1 	0
2585    	19.00, -2.92, -9.01 	-12.16, 14.17, -7.40 	-12.86, 15.32 	13,22,48,683		0.00,5.88	1000,1 	0
2594    	18.99, -2.85, -9.01 	-12.20, 14.21, -7.35 	-12.86, 15.32 	13,22,48,693		7.18,6.44	1000,1 	0
2602    	19.00, -2.78, -9.03 	-12.22, 14.26, -7.27 	-12.86, 15.32 	13,22,48,702		9.40,6.50	1000,1 	0
2611    	18.97, -2.77, -9.03 	-12.29, 14.32, -7.18 	-12.86, 15.32 	13,22,48,712		3.42,10.41	1000,1 	0
2620    	18.94, -2.73, -9.04 	-12.36, 14.40, -7.06 	-12.86, 15.32 	13,22,48,722		5.72,11.27	1000,1 	0
2628    	18.92, -2.71, -9.02 	-12.49, 14.49, -6.95 	-12.86, 15.32 	13,22,48,731		2.75,19.87	1000,1 	0
2637    	18.87, -2.70, -9.01 	-12.61, 14.57, -6.85 	-12.86, 15.32 	13,22,48,741		5.48,16.31	1000,1 	0
2646    	18.85, -2.73, -9.00 	-12.68, 14.65, -6.78 	-12.86, 15.32 	13,22,48,751		3.19,11.27	1000,1 	0
2654    	18.79, -2.73, -9.00 	-12.68, 14.73, -6.78 	-12.86, 15.32 	13,22,48,760		8.43,10.69	1000,1 	0
2663    	18.73, -2.75, -8.99 	-12.67, 14.83, -6.80 	-12.86, 15.32 	13,22,48,770		6.85,10.73	1000,1 	0
2672    	18.68, -2.74, -9.00 	-12.69, 14.97, -6.82 	-12.86, 15.32 	13,22,48,780		5.48,15.62	1000,1 	0
2681    	18.66, -2.69, -9.00 	-12.68, 15.10, -6.82 	-12.86, 15.32 	13,22,48,790		5.20,14.28	1000,1 	0
2689    	18.63, -2.69, -9.01 	-12.69, 15.23, -6.84 	-12.86, 15.32 	13,22,48,799		3.61,17.43	1000,1 	0
2698    	18.58, -2.69, -9.01 	-12.70, 15.36, -6.83 	-12.86, 15.32 	13,22,48,809		5.35,14.31	1000,1 	0
2707    	18.59, -2.69, -9.01 	-12.69, 15.46, -6.83 	-12.86, 15.32 	13,22,48,819		1.07,10.73	1000,1 	0
2715    	18.60, -2.66, -9.00 	-12.68, 15.52, -6.82 	-12.86, 15.32 	13,22,48,828		4.17,8.34	1000,1 	0
2724    	18.59, -2.65, -9.00 	-12.65, 15.59, -6.82 	-12.86, 15.32 	13,22,48,838		1.60,7.77	1000,1 	0
2733    	18.57, -2.65, -9.00 	-12.64, 15.65, -6.82 	-12.86, 15.32 	13,22,48,848		2.14,7.19	1000,1 	0
2741    	18.57, -2.67, -9.00 	-12.61, 15.70, -6.82 	-12.86, 15.32 	13,22,48,857		2.92,7.55	1000,1 	0
2750    	18.57, -2.65, -9.00 	-12.59, 15.75, -6.84 	-12.86, 15.32 	13,22,48,867		2.37,5.18	1000,1 	0
2759    	18.55, -2.68, -9.00 	-12.58, 15.77, -6.85 	-12.86, 15.32 	13,22,48,877		4.15,2.59	1000,1 	0
2767    	18.52, -2.69, -9.01 	-12.56, 15.78, -6.85 	-12.86, 15.32 	13,22,48,886		3.85,2.73	1000,1 	0
2776    	18.53, -2.68, -9.00 	-12.56, 15.78, -6.85 	-12.86, 15.32 	13,22,48,896		1.60,0.00	1000,1 	0
2785    	18.50, -2.68, -9.00 	-12.56, 15.79, -6.85 	-12.86, 15.32 	13,22,48,906		3.21,1.19	1000,1 	0
2793    	18.50, -2.69, -9.00 	-12.56, 15.79, -6.85 	-12.86, 15.32 	13,22,48,915		1.33,0.00	1000,1 	0
2802    	18.52, -2.66, -8.99 	-12.56, 15.78, -6.84 	-12.86, 15.32 	13,22,48,925		4.15,1.19	1000,1 	0
2811    	18.53, -2.66, -9.00 	-12.54, 15.77, -6.84 	-12.86, 15.32 	13,22,48,935		1.07,2.46	1000,1 	0
2819    	18.51, -2.68, -9.00 	-12.57, 15.78, -6.83 	-12.86, 15.32 	13,22,48,944		3.59,3.87	1000,1 	0
2828    	18.51, -2.67, -9.00 	-12.58, 15.77, -6.83 	-12.86, 15.32 	13,22,48,954		1.18,1.59	1000,1 	0
2837    	18.51, -2.67, -9.00 	-12.58, 15.78, -6.83 	-12.86, 15.32 	13,22,48,964		0.00,1.19	1000,1 	0
2845    	18.52, -2.66, -9.00 	-12.58, 15.79, -6.83 	-12.86, 15.32 	13,22,48,973		1.80,1.34	1000,1 	0
2854    	18.51, -2.65, -9.00 	-12.58, 15.78, -6.84 	-12.86, 15.32 	13,22,48,983		1.60,1.19	1000,1 	0
2863    	18.49, -2.66, -9.00 	-12.58, 15.79, -6.83 	-12.86, 15.32 	13,22,48,993		2.45,1.19	1000,1 	0
2872    	18.50, -2.67, -9.00 	-12.58, 15.79, -6.83 	-12.86, 15.32 	13,22,49,3		1.60,0.00	1000,1 	0
2880    	18.48, -2.68, -9.00 	-12.57, 15.79, -6.83 	-12.86, 15.32 	13,22,49,12		2.75,1.20	1000,1 	0
2889    	18.48, -2.69, -9.00 	-12.59, 15.80, -6.84 	-12.86, 15.32 	13,22,49,22		1.18,2.46	1000,1 	0
2898    	18.48, -2.69, -9.00 	-12.59, 15.80, -6.83 	-12.86, 15.32 	13,22,49,32		0.00,0.00	1000,1 	0
2906    	18.47, -2.69, -8.99 	-12.59, 15.79, -6.83 	-12.86, 15.32 	13,22,49,41		1.20,1.34	1000,1 	0
2915    	18.47, -2.69, -8.99 	-12.59, 15.79, -6.83 	-12.86, 15.32 	13,22,49,51		0.00,0.00	1000,1 	0
2924    	18.47, -2.70, -9.00 	-12.59, 15.79, -6.82 	-12.86, 15.32 	13,22,49,61		1.18,0.00	1000,1 	0
2932    	18.47, -2.70, -9.00 	-12.60, 15.79, -6.82 	-12.86, 15.32 	13,22,49,70		0.00,1.20	1000,1 	0
2941    	18.47, -2.71, -9.00 	-12.59, 15.81, -6.82 	-12.86, 15.32 	13,22,49,80		1.18,2.59	1000,1 	0
2950    	18.46, -2.70, -9.00 	-12.59, 15.80, -6.82 	-12.86, 15.32 	13,22,49,90		1.60,1.19	1000,1 	0
2958    	18.46, -2.70, -9.00 	-12.59, 15.81, -6.82 	-12.86, 15.32 	13,22,49,99		0.00,1.34	1000,1 	0
2967    	18.45, -2.69, -9.00 	-12.59, 15.80, -6.82 	-12.86, 15.32 	13,22,49,109		1.60,1.19	1000,1 	0
2976    	18.45, -2.68, -9.01 	-12.59, 15.80, -6.82 	-12.86, 15.32 	13,22,49,119		1.18,0.00	1000,1 	0
2984    	18.44, -2.70, -9.00 	-12.59, 15.80, -6.82 	-12.86, 15.32 	13,22,49,128		2.92,0.00	1000,1 	0
2993    	18.44, -2.70, -9.01 	-12.58, 15.80, -6.83 	-12.86, 15.32 	13,22,49,138		0.00,1.07	1000,1 	0
3002    	18.45, -2.71, -8.99 	-12.59, 15.80, -6.82 	-12.86, 15.32 	13,22,49,148		1.60,1.07	1000,1 	0
3010    	18.44, -2.71, -8.99 	-12.57, 15.81, -6.83 	-12.86, 15.32 	13,22,49,157		1.20,2.73	1000,1 	0
3019    	18.44, -2.73, -8.99 	-12.60, 15.80, -6.82 	-12.86, 15.32 	13,22,49,167		1.18,3.40	1000,1 	0
3028    	18.45, -2.71, -8.99 	-12.60, 15.78, -6.82 	-12.86, 15.32 	13,22,49,177		1.60,2.38	1000,1 	0
3036    	18.44, -2.71, -8.99 	-12.59, 15.81, -6.82 	-12.86, 15.32 	13,22,49,186		1.20,4.17	1000,1 	0
3045    	18.46, -2.71, -8.99 	-12.60, 15.79, -6.83 	-12.86, 15.32 	13,22,49,196		2.14,2.59	1000,1 	0
3054    	18.45, -2.70, -9.00 	-12.61, 15.80, -6.82 	-12.86, 15.32 	13,22,49,206		1.60,1.61	1000,1 	0
3063    	18.45, -2.71, -9.00 	-12.61, 15.80, -6.82 	-12.86, 15.32 	13,22,49,216		1.18,0.00	1000,1 	0
3072    	18.46, -2.71, -9.01 	-12.62, 15.81, -6.82 	0.00, -0.00 	13,22,49,235		1.20,1.81	1000,1 	0
3081    	18.46, -2.71, -8.99 	-12.63, 15.82, -6.82 	0.00, -0.00 	13,22,49,245		0.00,0.85	1000,1 	0
3089    	18.48, -2.73, -8.98 	-12.62, 15.82, -6.82 	0.00, -0.00 	13,22,49,254		1.29,0.57	1000,1 	0
3098    	18.47, -2.73, -8.98 	-12.62, 15.81, -6.83 	0.00, -0.00 	13,22,49,264		0.57,0.63	1000,1 	0
3107    	18.44, -2.73, -8.98 	-12.62, 15.82, -6.82 	0.00, -0.00 	13,22,49,274		1.70,0.63	1000,1 	0
3115    	18.44, -2.73, -8.99 	-12.64, 15.83, -6.82 	0.00, -0.00 	13,22,49,283		0.00,1.30	1000,1 	0
3124    	18.45, -2.70, -9.00 	-12.64, 15.82, -6.82 	0.00, -0.00 	13,22,49,293		1.38,0.63	1000,1 	0
3133    	18.41, -2.71, -8.99 	-12.64, 15.82, -6.82 	0.00, -0.00 	13,22,49,303		2.22,0.00	1000,1 	0
3141    	18.42, -2.70, -8.98 	-12.63, 15.83, -6.82 	0.00, -0.00 	13,22,49,312		0.85,0.84	1000,1 	0
3150    	18.45, -2.68, -9.00 	-12.63, 15.83, -6.82 	0.00, -0.00 	13,22,49,322		2.11,0.00	1000,1 	0
3159    	18.46, -2.70, -9.00 	-12.62, 15.82, -6.83 	0.00, -0.00 	13,22,49,332		1.30,0.81	1000,1 	0
3167    	18.44, -2.73, -8.98 	-12.63, 15.82, -6.83 	0.00, -0.00 	13,22,49,341		1.69,0.57	1000,1 	0
3176    	18.47, -2.71, -9.00 	-12.62, 15.82, -6.83 	0.00, -0.00 	13,22,49,351		1.81,0.57	1000,1 	0
3185    	18.45, -2.74, -8.99 	-12.62, 15.83, -6.83 	0.00, -0.00 	13,22,49,361		1.69,0.63	1000,1 	0
3193    	18.44, -2.75, -8.99 	-12.62, 15.83, -6.83 	0.00, -0.00 	13,22,49,370		0.85,0.00	1000,1 	0
3202    	18.43, -2.75, -8.99 	-12.62, 15.84, -6.83 	0.00, -0.00 	13,22,49,380		0.57,0.63	1000,1 	0
3211    	18.42, -2.75, -9.00 	-12.62, 15.84, -6.83 	0.00, -0.00 	13,22,49,390		0.57,0.00	1000,1 	0
3219    	18.45, -2.76, -9.00 	-12.61, 15.84, -6.84 	0.00, -0.00 	13,22,49,399		1.81,0.57	1000,1 	0
3228    	18.44, -2.78, -9.00 	-12.61, 15.84, -6.83 	0.00, -0.00 	13,22,49,409		1.38,0.00	1000,1 	0
3237    	18.40, -2.79, -9.00 	-12.61, 15.84, -6.83 	0.00, -0.00 	13,22,49,419		2.35,0.00	1000,1 	0
3246    	18.44, -2.79, -8.99 	-12.63, 15.85, -6.84 	0.00, -0.00 	13,22,49,429		2.27,1.30	1000,1 	0
3254    	18.44, -2.80, -8.99 	-12.61, 15.85, -6.85 	0.00, -0.00 	13,22,49,438		0.67,1.20	1000,1 	0
3263    	18.44, -2.80, -9.00 	-12.62, 15.85, -6.84 	0.00, -0.00 	13,22,49,448		0.00,0.57	1000,1 	0
3272    	18.44, -2.80, -8.98 	-12.63, 15.85, -6.84 	0.00, -0.00 	13,22,49,458		0.00,0.57	1000,1 	0
3280    	18.43, -2.82, -8.97 	-12.62, 15.85, -6.84 	0.00, -0.00 	13,22,49,467		1.38,0.57	1000,1 	0
3289    	18.44, -2.82, -8.97 	-12.63, 15.85, -6.83 	0.00, -0.00 	13,22,49,477		0.57,0.57	1000,1 	0
3298    	18.44, -2.82, -8.98 	-12.63, 15.84, -6.84 	0.00, -0.00 	13,22,49,487		0.00,0.63	1000,1 	0
3306    	18.44, -2.83, -8.99 	-12.62, 15.84, -6.84 	0.00, -0.00 	13,22,49,496		0.63,0.57	1000,1 	0
3315    	18.45, -2.83, -8.98 	-12.62, 15.85, -6.84 	0.00, -0.00 	13,22,49,506		0.57,0.63	1000,1 	0
3324    	18.46, -2.83, -8.99 	-12.62, 15.85, -6.83 	0.00, -0.00 	13,22,49,516		0.54,0.00	1000,1 	0
3332    	18.45, -2.83, -8.99 	-12.62, 15.84, -6.83 	0.00, -0.00 	13,22,49,525		0.57,0.63	1000,1 	0
3341    	18.44, -2.86, -8.98 	-12.62, 15.84, -6.83 	0.00, -0.00 	13,22,49,535		1.96,0.00	1000,1 	0
3350    	18.43, -2.87, -8.98 	-12.62, 15.84, -6.83 	0.00, -0.00 	13,22,49,545		0.80,0.00	1000,1 	0
3358    	18.44, -2.87, -8.97 	-12.63, 15.84, -6.83 	0.00, -0.00 	13,22,49,554		0.57,0.57	1000,1 	0
3367    	18.45, -2.85, -8.99 	-12.62, 15.84, -6.83 	0.00, -0.00 	13,22,49,564		1.38,0.57	1000,1 	0
3376    	18.44, -2.86, -8.98 	-12.63, 15.84, -6.84 	0.00, -0.00 	13,22,49,574		0.85,0.57	1000,1 	0
3384    	18.45, -2.86, -8.97 	-12.64, 15.85, -6.83 	0.00, -0.00 	13,22,49,583		0.57,0.85	1000,1 	0
3393    	18.45, -2.87, -8.98 	-12.64, 15.85, -6.83 	0.00, -0.00 	13,22,49,593		0.56,0.00	1000,1 	0
3402    	18.45, -2.90, -8.97 	-12.64, 15.86, -6.83 	0.00, -0.00 	13,22,49,603		1.18,0.59	1000,1 	0
3410    	18.44, -2.89, -8.97 	-12.63, 15.86, -6.84 	0.00, -0.00 	13,22,49,612		0.80,0.53	1000,1 	0
3419    	18.44, -2.87, -8.98 	-12.62, 15.85, -6.84 	0.00, -0.00 	13,22,49,622		0.59,0.81	1000,1 	0
3428    	18.43, -2.89, -8.98 	-12.63, 15.85, -6.84 	0.00, -0.00 	13,22,49,632		0.80,0.53	1000,1 	0
3437    	18.42, -2.91, -8.97 	-12.64, 15.86, -6.83 	0.00, -0.00 	13,22,49,642		1.30,0.81	1000,1 	0
3445    	18.42, -2.91, -8.98 	-12.63, 15.86, -6.84 	0.00, -0.00 	13,22,49,651		0.00,0.53	1000,1 	0
3454    	18.45, -2.90, -8.98 	-12.63, 15.86, -6.84 	0.00, -0.00 	13,22,49,661		1.71,0.00	1000,1 	0
3463    	18.44, -2.89, -8.97 	-12.63, 15.85, -6.83 	0.00, -0.00 	13,22,49,671		0.80,0.59	1000,1 	0
3471    	18.43, -2.91, -8.97 	-12.63, 15.85, -6.84 	0.00, -0.00 	13,22,49,680		1.30,0.00	1000,1 	0
3480    	18.42, -2.93, -8.98 	-12.63, 15.86, -6.83 	0.00, -0.00 	13,22,49,690		1.30,0.59	1000,1 	0
3489    	18.42, -2.93, -8.97 	-12.63, 15.85, -6.83 	0.00, -0.00 	13,22,49,700		0.00,0.59	1000,1 	0
3497    	18.42, -2.91, -8.97 	-12.62, 15.86, -6.84 	0.00, -0.00 	13,22,49,709		1.18,0.79	1000,1 	0
3506    	18.42, -2.92, -8.97 	-12.62, 15.88, -6.83 	0.00, -0.00 	13,22,49,719		0.59,0.59	1000,1 	0
3515    	18.41, -2.91, -8.98 	-12.62, 15.86, -6.83 	0.00, -0.00 	13,22,49,729		0.80,0.59	1000,1 	0
3523    	18.43, -2.92, -8.97 	-12.62, 15.86, -6.84 	0.00, -0.00 	13,22,49,738		1.22,0.00	1000,1 	0
3532    	18.43, -2.92, -8.97 	-12.62, 15.86, -6.84 	0.00, -0.00 	13,22,49,748		0.00,0.00	1000,1 	0
3541    	18.42, -2.93, -8.98 	-12.61, 15.87, -6.84 	0.00, -0.00 	13,22,49,758		0.80,0.79	1000,1 	0
3549    	18.43, -2.95, -8.97 	-12.61, 15.89, -6.85 	0.00, -0.00 	13,22,49,767		1.30,0.59	1000,1 	0
3558    	18.44, -2.94, -8.97 	-12.62, 15.90, -6.84 	0.00, -0.00 	13,22,49,777		0.80,0.81	1000,1 	0
3567    	18.44, -2.93, -8.97 	-12.61, 15.89, -6.84 	0.00, -0.00 	13,22,49,787		0.59,0.81	1000,1 	0
3575    	18.43, -2.96, -8.97 	-12.62, 15.89, -6.84 	0.00, -0.00 	13,22,49,796		1.86,0.53	1000,1 	0
3584    	18.42, -2.96, -8.97 	-12.62, 15.89, -6.84 	0.00, -0.00 	13,22,49,806		0.54,0.00	1000,1 	0
3593    	18.41, -2.96, -8.97 	-12.61, 15.89, -6.84 	0.00, -0.00 	13,22,49,816		0.54,0.53	1000,1 	0
3601    	18.43, -2.97, -8.97 	-12.62, 15.89, -6.84 	0.00, -0.00 	13,22,49,825		1.22,0.53	1000,1 	0
3610    	18.43, -2.98, -8.97 	-12.64, 15.90, -6.84 	0.00, -0.00 	13,22,49,835		0.59,1.23	1000,1 	0
3619    	18.44, -2.97, -8.98 	-12.63, 15.90, -6.83 	0.00, -0.00 	13,22,49,845		0.80,0.53	1000,1 	0
3628    	18.44, -2.98, -8.97 	-12.63, 15.89, -6.83 	0.00, -0.00 	13,22,49,855		0.59,0.59	1000,1 	0
3636    	18.44, -2.98, -8.97 	-12.62, 15.90, -6.83 	0.00, -0.00 	13,22,49,864		0.00,0.79	1000,1 	0
3645    	18.45, -2.98, -8.96 	-12.63, 15.90, -6.83 	0.00, -0.00 	13,22,49,874		0.54,0.53	1000,1 	0
3654    	18.44, -2.99, -8.96 	-12.63, 15.91, -6.83 	0.00, -0.00 	13,22,49,884		0.80,0.59	1000,1 	0
3662    	18.44, -2.97, -8.99 	-12.63, 15.90, -6.82 	0.00, -0.00 	13,22,49,893		1.18,0.59	1000,1 	0
3671    	18.43, -2.97, -8.99 	-12.63, 15.90, -6.83 	0.00, -0.00 	13,22,49,903		0.54,0.00	1000,1 	0
3680    	18.46, -2.96, -8.99 	-12.65, 15.90, -6.83 	0.00, -0.00 	13,22,49,913		1.71,1.07	1000,1 	0
3688    	18.47, -2.98, -8.98 	-12.64, 15.91, -6.83 	0.00, -0.00 	13,22,49,922		1.30,0.79	1000,1 	0
3697    	18.46, -2.98, -8.97 	-12.63, 15.92, -6.83 	0.00, -0.00 	13,22,49,932		0.54,0.79	1000,1 	0
3706    	18.47, -2.97, -8.97 	-12.64, 15.92, -6.84 	0.00, -0.00 	13,22,49,942		0.76,0.51	1000,1 	0
3714    	18.46, -2.97, -8.97 	-12.63, 15.93, -6.84 	0.00, -0.00 	13,22,49,951		0.54,0.79	1000,1 	0
3723    	18.45, -2.99, -8.98 	-12.63, 15.92, -6.84 	0.00, -0.00 	13,22,49,961		1.30,0.59	1000,1 	0
3732    	18.44, -3.00, -8.98 	-12.63, 15.92, -6.83 	0.00, -0.00 	13,22,49,971		0.80,0.00	1000,1 	0
3740    	18.44, -3.01, -8.97 	-12.63, 15.94, -6.84 	0.00, -0.00 	13,22,49,980		0.59,1.19	1000,1 	0
3749    	18.43, -3.03, -8.98 	-12.63, 15.94, -6.84 	0.00, -0.00 	13,22,49,990		1.30,0.00	1000,1 	0
3758    	18.44, -3.02, -8.98 	-12.63, 15.94, -6.84 	0.00, -0.00 	13,22,50,0		0.80,0.00	1000,1 	0
3766    	18.43, -3.01, -8.98 	-12.62, 15.94, -6.84 	0.00, -0.00 	13,22,50,9		0.80,0.53	1000,1 	0
3775    	18.45, -3.02, -8.98 	-12.62, 15.94, -6.84 	0.00, -0.00 	13,22,50,19		1.22,0.00	1000,1 	0
3784    	18.45, -3.02, -8.98 	-12.62, 15.94, -6.84 	0.00, -0.00 	13,22,50,29		0.00,0.00	1000,1 	0
3792    	18.44, -3.02, -8.99 	-12.62, 15.93, -6.84 	0.00, -0.00 	13,22,50,38		0.54,0.59	1000,1 	0
3801    	18.45, -3.01, -8.99 	-12.62, 15.94, -6.84 	0.00, -0.00 	13,22,50,48		0.76,0.56	1000,1 	0
3810    	18.47, -3.00, -8.99 	-12.62, 15.94, -6.83 	0.00, -0.00 	13,22,50,58		1.22,0.00	1000,1 	0
3819    	18.47, -3.01, -8.98 	-12.63, 15.94, -6.83 	0.00, -0.00 	13,22,50,68		0.59,0.53	1000,1 	0
3827    	18.48, -3.00, -8.98 	-12.63, 15.95, -6.83 	0.00, -0.00 	13,22,50,77		0.80,0.59	1000,1 	0
3836    	18.48, -3.01, -8.98 	-12.63, 15.94, -6.83 	0.00, -0.00 	13,22,50,87		0.59,0.59	1000,1 	0
3845    	18.47, -3.01, -8.98 	-12.61, 15.95, -6.83 	0.00, -0.00 	13,22,50,97		0.54,1.22	1000,1 	0
3853    	18.46, -3.01, -8.98 	-12.62, 15.95, -6.83 	0.00, -0.00 	13,22,50,106		0.54,0.53	1000,1 	0
3862    	18.48, -3.01, -8.98 	-12.62, 15.95, -6.83 	0.00, -0.00 	13,22,50,116		1.07,0.00	1000,1 	0
3871    	18.48, -3.01, -8.98 	-12.61, 15.97, -6.84 	0.00, -0.00 	13,22,50,126		0.00,1.30	1000,1 	0
3879    	18.45, -3.02, -8.99 	-12.62, 15.96, -6.83 	0.00, -0.00 	13,22,50,135		1.71,0.79	1000,1 	0
3888    	18.47, -3.04, -8.99 	-12.59, 15.97, -6.84 	0.00, -0.00 	13,22,50,145		1.60,1.70	1000,1 	0
3897    	18.45, -3.07, -8.98 	-12.61, 15.97, -6.83 	0.00, -0.00 	13,22,50,155		1.51,1.01	1000,1 	0
3905    	18.46, -3.06, -8.99 	-12.59, 15.98, -6.83 	0.00, -0.00 	13,22,50,164		0.80,1.22	1000,1 	0
3914    	18.46, -3.08, -8.97 	-12.58, 15.99, -6.83 	0.00, -0.00 	13,22,50,174		1.18,0.79	1000,1 	0
3923    	18.46, -3.10, -8.97 	-12.53, 15.99, -6.82 	0.00, -0.00 	13,22,50,184		1.18,2.67	1000,1 	0
3931    	18.44, -3.11, -8.97 	-12.53, 16.02, -6.83 	0.00, -0.00 	13,22,50,193		1.22,1.85	1000,1 	0
3940    	18.45, -3.10, -8.97 	-12.46, 16.01, -6.85 	0.00, -0.00 	13,22,50,203		0.80,3.80	1000,1 	0
3949    	18.46, -3.12, -8.97 	-12.40, 16.01, -6.85 	0.00, -0.00 	13,22,50,213		1.30,3.21	0,0 	0
3957    	18.48, -3.12, -8.97 	-12.31, 16.00, -6.86 	0.00, -0.00 	13,22,50,222		1.07,4.86	0,0 	0
3966    	18.50, -3.10, -8.99 	-12.26, 15.95, -6.86 	0.00, -0.00 	13,22,50,232		1.60,4.40	0,0 	0
3975    	18.55, -3.13, -8.98 	-12.20, 15.89, -6.85 	0.00, -0.00 	13,22,50,242		3.21,4.40	0,0 	0
3983    	18.55, -3.19, -8.96 	-12.11, 15.82, -6.84 	0.00, -0.00 	13,22,50,251		3.59,6.41	0,0 	0
3992    	18.61, -3.24, -8.96 	-12.02, 15.76, -6.83 	0.00, -0.00 	13,22,50,261		3.78,5.39	0,0 	0
4001    	18.66, -3.34, -8.96 	-11.94, 15.68, -6.82 	0.00, -0.00 	13,22,50,271		6.49,6.81	0,0 	0
4010    	18.74, -3.47, -8.95 	-11.79, 15.56, -6.82 	0.00, -0.00 	13,22,50,281		8.29,10.42	0,0 	0
4018    	18.86, -3.59, -8.96 	-11.64, 15.40, -6.82 	0.00, -0.00 	13,22,50,290		9.53,12.45	0,0 	0
4027    	19.03, -3.78, -8.95 	-11.42, 15.15, -6.80 	0.00, -0.00 	13,22,50,300		14.01,18.16	0,0 	0
4036    	19.25, -3.96, -8.93 	-11.15, 14.87, -6.79 	0.00, -0.00 	13,22,50,310		15.89,21.67	0,0 	0
4044    	19.45, -4.15, -8.94 	-10.91, 14.59, -6.76 	0.00, -0.00 	13,22,50,319		15.48,20.58	0,0 	0
4053    	19.73, -4.32, -8.95 	-10.68, 14.28, -6.72 	0.00, -0.00 	13,22,50,329		18.18,21.64	0,0 	0
4062    	20.04, -4.52, -8.94 	-10.43, 13.94, -6.71 	0.00, -0.00 	13,22,50,339		20.16,22.92	0,0 	0
4070    	20.32, -4.77, -8.90 	-10.16, 13.60, -6.70 	0.00, -0.00 	13,22,50,348		21.03,24.37	0,0 	0
4079    	20.49, -5.14, -8.86 	-9.90, 13.25, -6.70 	0.00, -0.00 	13,22,50,358		22.84,24.04	0,0 	0
4088    	20.58, -5.50, -8.78 	-9.62, 12.89, -6.69 	0.00, -0.00 	13,22,50,368		19.18,24.30	0,0 	0
4096    	20.79, -5.61, -8.77 	-9.30, 12.54, -6.73 	0.00, -0.00 	13,22,50,377		12.99,26.13	0,0 	0
4105    	20.92, -5.62, -8.75 	-8.99, 12.21, -6.79 	0.00, -0.00 	13,22,50,387		7.52,25.32	0,0 	0
4114    	21.07, -5.66, -8.74 	-8.66, 11.89, -6.86 	0.00, -0.00 	13,22,50,397		8.22,25.65	0,0 	0
4122    	21.20, -5.84, -8.71 	-8.40, 11.55, -6.92 	0.00, -0.00 	13,22,50,406		12.54,23.57	0,0 	0
4131    	21.38, -5.97, -8.73 	-8.15, 11.17, -6.96 	0.00, -0.00 	13,22,50,416		12.40,25.39	0,0 	0
4140    	21.60, -6.07, -8.73 	-7.92, 10.83, -7.01 	0.00, -0.00 	13,22,50,426		13.17,22.60	0,0 	0
4148    	21.80, -6.13, -8.73 	-7.72, 10.53, -7.09 	0.00, -0.00 	13,22,50,435		11.62,19.91	0,0 	0
4157    	22.03, -6.22, -8.73 	-7.48, 10.26, -7.21 	0.00, -0.00 	13,22,50,445		13.90,20.13	0,0 	0
4166    	22.24, -6.33, -8.76 	-7.19, 10.03, -7.33 	0.00, -0.00 	13,22,50,455		13.17,20.84	0,0 	0
4174    	22.43, -6.51, -8.78 	-6.90, 9.83, -7.46 	0.00, -0.00 	13,22,50,464		14.69,19.41	0,0 	0
4183    	22.62, -6.71, -8.75 	-6.68, 9.66, -7.55 	0.00, -0.00 	13,22,50,474		14.36,14.83	0,0 	0
4192    	22.80, -6.90, -8.75 	-6.50, 9.53, -7.67 	0.00, -0.00 	13,22,50,484		14.72,12.06	0,0 	0
4201    	22.90, -7.11, -8.76 	-6.36, 9.41, -7.77 	0.00, -0.00 	13,22,50,494		12.69,10.42	0,0 	0
4209    	23.05, -7.16, -8.82 	-6.22, 9.33, -7.87 	0.00, -0.00 	13,22,50,503		8.55,8.62	0,0 	0
4218    	23.33, -7.18, -8.83 	-6.00, 9.22, -7.97 	0.00, -0.00 	13,22,50,513		15.57,13.74	0,0 	0
4227    	23.63, -7.31, -8.85 	-5.80, 9.15, -8.06 	0.00, -0.00 	13,22,50,523		18.04,12.03	0,0 	0
4235    	23.86, -7.58, -8.89 	-5.61, 9.06, -8.13 	0.00, -0.00 	13,22,50,532		19.59,11.77	0,0 	0
4244    	24.10, -7.84, -8.88 	-5.40, 8.92, -8.19 	0.00, -0.00 	13,22,50,542		19.94,13.72	0,0 	0
4253    	24.39, -8.11, -8.88 	-5.19, 8.80, -8.23 	0.00, -0.00 	13,22,50,552		21.83,13.54	0,0 	0
4261    	24.68, -8.31, -8.84 	-4.93, 8.69, -8.27 	0.00, -0.00 	13,22,50,561		19.60,15.69	0,0 	0
4270    	24.81, -8.59, -8.82 	-4.68, 8.54, -8.29 	0.00, -0.00 	13,22,50,571		17.11,16.31	0,0 	0
4279    	24.97, -8.89, -8.82 	-4.45, 8.38, -8.30 	0.00, -0.00 	13,22,50,581		17.91,14.90	0,0 	0
4287    	25.22, -9.03, -8.84 	-4.16, 8.26, -8.34 	0.00, -0.00 	13,22,50,590		15.90,17.41	0,0 	0
4296    	25.41, -9.16, -8.88 	-3.84, 8.12, -8.35 	0.00, -0.00 	13,22,50,600		12.75,19.37	0,0 	0
4305    	25.59, -9.27, -8.93 	-3.49, 7.96, -8.38 	0.00, -0.00 	13,22,50,610		11.76,21.08	0,0 	0
4313    	25.70, -9.49, -8.91 	-3.20, 7.74, -8.36 	0.00, -0.00 	13,22,50,619		13.75,20.47	0,0 	0
4322    	25.87, -9.69, -8.89 	-2.92, 7.53, -8.31 	0.00, -0.00 	13,22,50,629		14.36,19.32	0,0 	0
4331    	26.07, -9.73, -8.85 	-2.66, 7.36, -8.25 	0.00, -0.00 	13,22,50,639		11.48,17.40	0,0 	0
4339    	26.38, -9.78, -8.82 	-2.40, 7.14, -8.19 	0.00, -0.00 	13,22,50,648		17.38,18.83	0,0 	0
4348    	26.65, -10.01, -8.78 	-2.10, 6.93, -8.15 	0.00, -0.00 	13,22,50,658		18.44,19.46	0,0 	0
4357    	26.84, -10.28, -8.71 	-1.86, 6.77, -8.13 	0.00, -0.00 	13,22,50,668		18.74,15.85	0,0 	0
4365    	26.97, -10.55, -8.74 	-1.55, 6.60, -8.10 	0.00, -0.00 	13,22,50,677		16.35,19.70	0,0 	0
4374    	27.12, -10.72, -8.74 	-1.32, 6.44, -8.07 	0.00, -0.00 	13,22,50,687		12.09,14.49	0,0 	0
4383    	27.22, -10.83, -8.75 	-1.14, 6.27, -8.03 	0.00, -0.00 	13,22,50,697		7.98,14.02	0,0 	0
4392    	27.31, -11.01, -8.72 	-0.92, 6.08, -7.98 	0.00, -0.00 	13,22,50,707		11.39,16.03	0,0 	0
4400    	27.39, -11.13, -8.73 	-0.67, 5.91, -7.94 	0.00, -0.00 	13,22,50,716		7.79,16.96	0,0 	0
4409    	27.71, -11.18, -8.71 	-0.41, 5.80, -7.92 	0.00, -0.00 	13,22,50,726		17.91,15.69	0,0 	0
4418    	27.84, -11.29, -8.70 	-0.21, 5.64, -7.88 	0.00, -0.00 	13,22,50,736		9.55,14.02	0,0 	0
4426    	28.07, -11.40, -8.71 	-0.12, 5.43, -7.84 	0.00, -0.00 	13,22,50,745		14.40,12.34	0,0 	0
4435    	28.27, -11.56, -8.65 	-0.02, 5.20, -7.75 	0.00, -0.00 	13,22,50,755		14.32,14.41	0,0 	0
4444    	28.47, -11.69, -8.66 	0.09, 4.93, -7.66 	0.00, -0.00 	13,22,50,765		12.17,15.21	0,0 	0
4452    	28.58, -11.89, -8.64 	0.19, 4.69, -7.57 	0.00, -0.00 	13,22,50,774		12.95,14.19	0,0 	0
4461    	28.68, -12.22, -8.57 	0.33, 4.49, -7.50 	0.00, -0.00 	13,22,50,784		18.10,13.21	0,0 	0
4470    	28.67, -12.58, -8.51 	0.47, 4.26, -7.45 	0.00, -0.00 	13,22,50,794		19.54,14.64	0,0 	0
4478    	28.66, -12.70, -8.53 	0.65, 4.01, -7.38 	0.00, -0.00 	13,22,50,803		7.12,17.32	0,0 	0
4487    	28.84, -12.68, -8.54 	0.81, 3.77, -7.31 	0.00, -0.00 	13,22,50,813		9.70,15.19	0,0 	0
4496    	29.03, -12.73, -8.55 	0.99, 3.55, -7.29 	0.00, -0.00 	13,22,50,823		10.38,14.92	0,0 	0
4504    	29.00, -12.84, -8.57 	1.12, 3.35, -7.25 	0.00, -0.00 	13,22,50,832		6.86,13.34	0,0 	0
4513    	29.15, -12.93, -8.55 	1.26, 3.14, -7.26 	0.00, -0.00 	13,22,50,842		9.27,13.39	0,0 	0
4522    	29.25, -13.00, -8.50 	1.40, 2.90, -7.22 	0.00, -0.00 	13,22,50,852		6.09,13.89	0,0 	0
4530    	29.27, -13.07, -8.48 	1.43, 2.66, -7.17 	0.00, -0.00 	13,22,50,861		3.90,13.19	0,0 	0
4539    	29.29, -13.18, -8.44 	1.46, 2.42, -7.09 	0.00, -0.00 	13,22,50,871		6.25,13.05	0,0 	0
4548    	29.37, -13.31, -8.40 	1.41, 2.17, -7.04 	0.00, -0.00 	13,22,50,881		7.85,13.25	0,0 	0
4556    	29.39, -13.38, -8.40 	1.36, 2.01, -7.05 	0.00, -0.00 	13,22,50,890		3.71,9.26	0,0 	0
4565    	29.31, -13.46, -8.41 	1.36, 1.88, -7.06 	0.00, -0.00 	13,22,50,900		5.75,6.41	0,0 	0
4574    	29.37, -13.43, -8.38 	1.33, 1.82, -7.08 	0.00, -0.00 	13,22,50,910		3.30,3.50	0,0 	0
4583    	29.37, -13.48, -8.35 	1.33, 1.76, -7.10 	0.00, -0.00 	13,22,50,920		2.80,3.41	0,0 	0
4591    	29.37, -13.42, -8.38 	1.34, 1.70, -7.14 	0.00, -0.00 	13,22,50,929		3.36,2.87	0,0 	0
4600    	29.43, -13.42, -8.34 	1.31, 1.64, -7.15 	0.00, -0.00 	13,22,50,939		2.89,3.50	0,0 	0
4609    	29.50, -13.33, -8.36 	1.31, 1.55, -7.17 	0.00, -0.00 	13,22,50,949		5.72,4.50	0,0 	0
4617    	29.49, -13.38, -8.38 	1.24, 1.44, -7.15 	0.00, -0.00 	13,22,50,958		2.30,7.09	0,0 	0
4626    	29.50, -13.45, -8.31 	1.15, 1.32, -7.11 	0.00, -0.00 	13,22,50,968		3.76,7.54	0,0 	0
4635    	29.55, -13.47, -8.27 	1.09, 1.19, -7.11 	0.00, -0.00 	13,22,50,978		3.24,7.36	0,0 	0
4643    	29.58, -13.54, -8.28 	0.98, 1.11, -7.09 	0.00, -0.00 	13,22,50,987		3.69,7.11	0,0 	0
4652    	29.57, -13.48, -8.25 	0.87, 1.02, -7.11 	0.00, -0.00 	13,22,50,997		2.71,7.13	0,0 	0
