#Time 	Sensor1         Sensor2         Target          Time            Vel             
#================================================================

10      	29.90, -15.02, -7.38 	-0.06, 0.18, -6.71 	6.43, 7.66 	13,20,27,205		0.00,0.00	0,0 	0
18      	29.89, -15.04, -7.39 	-0.05, 0.20, -6.72 	6.43, 7.66 	13,20,27,215		2.92,1.78	0,0 	0
26      	29.87, -15.04, -7.38 	-0.03, 0.21, -6.71 	6.43, 7.66 	13,20,27,224		2.41,2.73	0,0 	0
35      	29.89, -15.04, -7.36 	-0.07, 0.22, -6.73 	6.43, 7.66 	13,20,27,234		2.14,4.46	0,0 	0
44      	29.89, -15.05, -7.37 	-0.10, 0.21, -6.72 	6.43, 7.66 	13,20,27,244		1.18,3.40	0,0 	0
52      	29.87, -15.06, -7.37 	-0.04, 0.22, -6.72 	6.43, 7.66 	13,20,27,253		2.75,7.32	0,0 	0
61      	29.84, -15.05, -7.34 	-0.07, 0.22, -6.72 	6.43, 7.66 	13,20,27,263		3.42,3.21	0,0 	0
70      	29.84, -15.01, -7.37 	-0.10, 0.22, -6.74 	6.43, 7.66 	13,20,27,273		4.74,3.21	0,0 	0
79      	29.84, -15.02, -7.37 	-0.09, 0.20, -6.74 	6.43, 7.66 	13,20,27,283		1.18,2.62	0,0 	0
87      	29.87, -14.98, -7.39 	-0.08, 0.21, -6.73 	6.43, 7.66 	13,20,27,292		5.39,1.78	0,0 	0
95      	29.91, -14.98, -7.38 	-0.09, 0.24, -6.72 	6.43, 7.66 	13,20,27,301		4.82,4.20	0,0 	0
105     	29.89, -14.97, -7.37 	-0.12, 0.23, -6.72 	6.43, 7.66 	13,20,27,312		2.20,3.06	0,0 	0
113     	29.88, -14.98, -7.38 	-0.09, 0.27, -6.73 	6.43, 7.66 	13,20,27,321		1.80,6.40	0,0 	0
122     	29.86, -15.00, -7.38 	-0.12, 0.23, -6.73 	6.43, 7.66 	13,20,27,331		2.45,5.69	0,0 	0
131     	29.85, -15.03, -7.38 	-0.08, 0.25, -6.71 	6.43, 7.66 	13,20,27,341		3.71,4.86	0,0 	0
139     	29.85, -15.03, -7.38 	-0.11, 0.25, -6.72 	6.43, 7.66 	13,20,27,350		0.00,3.61	0,0 	0
148     	29.82, -15.02, -7.38 	-0.06, 0.25, -6.71 	6.43, 7.66 	13,20,27,360		3.42,5.35	0,0 	0
157     	29.82, -15.02, -7.36 	-0.10, 0.23, -6.71 	6.43, 7.66 	13,20,27,370		0.00,4.86	0,0 	0
165     	29.85, -15.01, -7.37 	-0.09, 0.25, -6.71 	6.43, 7.66 	13,20,27,379		3.85,2.91	0,0 	0
174     	29.85, -15.02, -7.36 	-0.12, 0.25, -6.72 	6.43, 7.66 	13,20,27,389		1.18,3.21	0,0 	0
183     	29.87, -15.02, -7.36 	-0.09, 0.26, -6.73 	6.43, 7.66 	13,20,27,399		2.14,3.40	0,0 	0
191     	29.87, -15.04, -7.35 	-0.12, 0.26, -6.73 	6.43, 7.66 	13,20,27,407		2.66,3.61	0,0 	0
200     	29.86, -15.06, -7.36 	-0.08, 0.26, -6.74 	6.43, 7.66 	13,20,27,417		2.60,4.28	0,0 	0
209     	29.86, -15.06, -7.35 	-0.13, 0.26, -6.73 	6.43, 7.66 	13,20,27,428		0.00,5.35	0,0 	0
217     	29.85, -15.05, -7.36 	-0.08, 0.28, -6.72 	6.43, 7.66 	13,20,27,436		1.79,6.55	0,0 	0
226     	29.83, -15.07, -7.36 	-0.14, 0.27, -6.73 	6.43, 7.66 	13,20,27,446		3.19,6.51	0,0 	0
235     	29.84, -15.09, -7.35 	-0.09, 0.27, -6.74 	6.43, 7.66 	13,20,27,456		2.60,5.35	0,0 	0
243     	29.85, -15.10, -7.36 	-0.15, 0.27, -6.71 	6.43, 7.66 	13,20,27,465		1.80,7.22	0,0 	0
252     	29.85, -15.10, -7.35 	-0.09, 0.29, -6.72 	6.43, 7.66 	13,20,27,475		0.00,6.81	0,0 	0
261     	29.84, -15.13, -7.35 	-0.14, 0.28, -6.71 	6.43, 7.66 	13,20,27,485		3.71,5.46	0,0 	0
270     	29.82, -15.12, -7.37 	-0.09, 0.26, -6.70 	6.43, 7.66 	13,20,27,495		2.45,5.88	0,0 	0
278     	29.85, -15.12, -7.36 	-0.17, 0.28, -6.71 	6.43, 7.66 	13,20,27,504		3.61,10.03	0,0 	0
286     	29.88, -15.11, -7.37 	-0.12, 0.27, -6.71 	6.43, 7.66 	13,20,27,513		3.85,6.18	0,0 	0
296     	29.87, -15.14, -7.34 	-0.15, 0.27, -6.71 	6.43, 7.66 	13,20,27,524		3.34,2.89	0,0 	0
304     	29.86, -15.19, -7.34 	-0.13, 0.26, -6.70 	6.43, 7.66 	13,20,27,533		5.46,2.77	0,0 	0
313     	29.89, -15.18, -7.33 	-0.14, 0.27, -6.71 	6.43, 7.66 	13,20,27,543		3.42,1.61	0,0 	0
322     	29.88, -15.22, -7.33 	-0.13, 0.28, -6.69 	6.43, 7.66 	13,20,27,553		4.86,1.59	0,0 	0
330     	29.87, -15.22, -7.33 	-0.15, 0.29, -6.71 	6.43, 7.66 	13,20,27,562		1.20,2.77	0,0 	0
339     	29.87, -15.23, -7.33 	-0.15, 0.28, -6.70 	6.43, 7.66 	13,20,27,572		1.18,1.19	0,0 	0
348     	29.89, -15.21, -7.33 	-0.15, 0.28, -6.70 	6.43, 7.66 	13,20,27,582		3.19,0.00	0,0 	0
356     	29.90, -15.24, -7.33 	-0.15, 0.28, -6.70 	6.43, 7.66 	13,20,27,591		4.17,0.00	0,0 	0
365     	29.89, -15.25, -7.32 	-0.15, 0.29, -6.71 	6.43, 7.66 	13,20,27,601		1.60,1.19	0,0 	0
374     	29.89, -15.24, -7.33 	-0.15, 0.29, -6.71 	6.43, 7.66 	13,20,27,611		1.18,0.00	0,0 	0
382     	29.89, -15.24, -7.33 	-0.15, 0.28, -6.71 	6.43, 7.66 	13,20,27,620		0.00,1.34	0,0 	0
391     	29.90, -15.27, -7.32 	-0.11, 0.32, -6.73 	6.43, 7.66 	13,20,27,630		3.71,6.34	0,0 	0
400     	29.92, -15.25, -7.31 	-0.12, 0.30, -6.72 	6.43, 7.66 	13,20,27,640		3.19,2.59	0,0 	0
408     	29.90, -15.24, -7.32 	-0.13, 0.30, -6.72 	6.43, 7.66 	13,20,27,649		2.75,1.20	0,0 	0
417     	29.90, -15.25, -7.32 	-0.14, 0.30, -6.71 	6.43, 7.66 	13,20,27,659		1.18,1.07	0,0 	0
426     	29.87, -15.25, -7.32 	-0.15, 0.28, -6.71 	6.43, 7.66 	13,20,27,669		3.21,2.59	0,0 	0
434     	29.87, -15.25, -7.32 	-0.13, 0.28, -6.71 	6.43, 7.66 	13,20,27,678		0.00,2.41	0,0 	0
443     	29.89, -15.25, -7.32 	-0.13, 0.30, -6.71 	6.43, 7.66 	13,20,27,688		2.14,2.38	0,0 	0
452     	29.89, -15.25, -7.32 	-0.12, 0.27, -6.71 	6.43, 7.66 	13,20,27,698		0.00,3.74	0,0 	0
461     	29.89, -15.27, -7.31 	-0.14, 0.29, -6.71 	6.43, 7.66 	13,20,27,708		2.37,3.22	0,0 	0
469     	29.91, -15.25, -7.32 	-0.11, 0.29, -6.71 	6.43, 7.66 	13,20,27,717		3.59,3.61	0,0 	0
477     	29.88, -15.26, -7.32 	-0.18, 0.28, -6.70 	6.43, 7.66 	13,20,27,726		3.85,8.51	0,0 	0
487     	29.86, -15.31, -7.32 	-0.11, 0.29, -6.68 	6.43, 7.66 	13,20,27,737		5.67,6.81	0,0 	0
495     	29.86, -15.34, -7.31 	-0.15, 0.30, -6.69 	6.43, 7.66 	13,20,27,746		2.66,5.01	0,0 	0
504     	29.85, -15.34, -7.30 	-0.12, 0.31, -6.68 	6.43, 7.66 	13,20,27,756		1.07,3.40	0,0 	0
513     	29.85, -15.34, -7.31 	-0.16, 0.30, -6.70 	6.43, 7.66 	13,20,27,766		0.00,4.42	0,0 	0
521     	29.86, -15.33, -7.32 	-0.14, 0.29, -6.70 	6.43, 7.66 	13,20,27,775		1.80,2.77	0,0 	0
530     	29.87, -15.35, -7.30 	-0.14, 0.30, -6.71 	6.43, 7.66 	13,20,27,785		2.60,1.19	0,0 	0
539     	29.86, -15.36, -7.29 	-0.17, 0.28, -6.71 	6.43, 7.66 	13,20,27,795		1.60,3.96	0,0 	0
547     	29.88, -15.34, -7.29 	-0.11, 0.30, -6.68 	6.43, 7.66 	13,20,27,804		3.59,7.66	0,0 	0
556     	29.87, -15.38, -7.29 	-0.17, 0.28, -6.67 	6.43, 7.66 	13,20,27,814		4.86,6.81	0,0 	0
565     	29.89, -15.37, -7.27 	-0.13, 0.29, -6.69 	6.43, 7.66 	13,20,27,824		2.45,4.42	0,0 	0
573     	29.88, -15.39, -7.26 	-0.15, 0.28, -6.68 	6.43, 7.66 	13,20,27,833		2.92,2.73	0,0 	0
582     	29.86, -15.40, -7.26 	-0.16, 0.27, -6.67 	6.43, 7.66 	13,20,27,843		2.45,1.59	0,0 	0
591     	29.89, -15.42, -7.27 	-0.15, 0.28, -6.69 	6.43, 7.66 	13,20,27,853		3.99,1.59	0,0 	0
599     	29.88, -15.44, -7.27 	-0.13, 0.28, -6.68 	6.43, 7.66 	13,20,27,862		2.92,2.41	0,0 	0
608     	29.87, -15.44, -7.25 	-0.14, 0.26, -6.68 	6.43, 7.66 	13,20,27,872		1.07,2.59	0,0 	0
617     	29.90, -15.45, -7.25 	-0.11, 0.28, -6.68 	6.43, 7.66 	13,20,27,882		3.42,3.96	0,0 	0
625     	29.88, -15.47, -7.25 	-0.18, 0.28, -6.69 	6.43, 7.66 	13,20,27,891		3.59,8.42	0,0 	0
634     	29.91, -15.49, -7.26 	-0.10, 0.31, -6.71 	6.43, 7.66 	13,20,27,901		3.42,9.22	0,0 	0
643     	29.90, -15.53, -7.24 	-0.16, 0.29, -6.70 	6.43, 7.66 	13,20,27,911		4.86,6.81	0,0 	0
652     	29.88, -15.54, -7.25 	-0.13, 0.28, -6.70 	6.43, 7.66 	13,20,27,921		2.45,3.44	0,0 	0
660     	29.90, -15.53, -7.24 	-0.11, 0.31, -6.69 	6.43, 7.66 	13,20,27,930		2.75,4.64	0,0 	0
669     	29.91, -15.56, -7.23 	-0.17, 0.29, -6.68 	6.43, 7.66 	13,20,27,940		3.71,6.81	0,0 	0
678     	29.90, -15.59, -7.22 	-0.14, 0.29, -6.69 	6.43, 7.66 	13,20,27,950		3.71,3.21	0,0 	0
686     	29.92, -15.59, -7.21 	-0.16, 0.27, -6.67 	6.43, 7.66 	13,20,27,959		2.41,3.57	0,0 	0
695     	29.88, -15.61, -7.21 	-0.16, 0.28, -6.68 	6.43, 7.66 	13,20,27,969		4.89,1.19	0,0 	0
704     	29.88, -15.61, -7.22 	-0.20, 0.27, -6.68 	6.43, 7.66 	13,20,27,979		0.00,5.46	0,0 	0
712     	29.89, -15.66, -7.19 	-0.16, 0.30, -6.70 	6.43, 7.66 	13,20,27,988		5.46,7.18	0,0 	0
721     	29.89, -15.64, -7.21 	-0.16, 0.29, -6.70 	6.43, 7.66 	13,20,27,998		1.18,1.19	0,0 	0
730     	29.90, -15.64, -7.20 	-0.17, 0.30, -6.70 	6.43, 7.66 	13,20,28,8		1.07,1.61	0,0 	0
738     	29.93, -15.62, -7.19 	-0.19, 0.29, -6.70 	6.43, 7.66 	13,20,28,17		4.49,3.83	0,0 	0
747     	29.95, -15.62, -7.21 	-0.17, 0.28, -6.70 	6.43, 7.66 	13,20,28,27		2.14,3.44	0,0 	0
756     	29.92, -15.69, -7.20 	-0.18, 0.26, -6.70 	6.43, 7.66 	13,20,28,37		7.80,2.59	0,0 	0
764     	29.89, -15.73, -7.18 	-0.15, 0.26, -6.69 	6.43, 7.66 	13,20,28,46		6.44,3.61	0,0 	0
773     	29.91, -15.75, -7.18 	-0.21, 0.28, -6.68 	6.43, 7.66 	13,20,28,56		3.19,7.89	0,0 	0
782     	29.89, -15.80, -7.17 	-0.19, 0.28, -6.70 	6.43, 7.66 	13,20,28,66		6.30,3.21	0,0 	0
790     	29.86, -15.83, -7.17 	-0.24, 0.30, -6.71 	6.43, 7.66 	13,20,28,75		4.49,7.73	0,0 	0
799     	29.87, -15.89, -7.16 	-0.20, 0.29, -6.71 	6.43, 7.66 	13,20,28,85		7.18,4.46	0,0 	0
808     	29.82, -15.88, -7.14 	-0.20, 0.27, -6.68 	6.43, 7.66 	13,20,28,95		5.48,2.38	0,0 	0
816     	29.80, -15.94, -7.12 	-0.19, 0.26, -6.68 	6.43, 7.66 	13,20,28,104		8.35,2.77	0,0 	0
825     	29.81, -16.01, -7.11 	-0.18, 0.23, -6.68 	6.43, 7.66 	13,20,28,114		7.18,3.56	0,0 	0
834     	29.82, -16.02, -7.10 	-0.18, 0.22, -6.67 	6.43, 7.66 	13,20,28,124		1.60,1.19	0,0 	0
843     	29.83, -16.07, -7.08 	-0.20, 0.22, -6.65 	6.43, 7.66 	13,20,28,134		6.01,2.14	0,0 	0
851     	29.83, -16.11, -7.08 	-0.23, 0.20, -6.64 	6.43, 7.66 	13,20,28,143		5.33,4.46	0,0 	0
859     	29.79, -16.15, -7.06 	-0.22, 0.23, -6.66 	6.43, 7.66 	13,20,28,152		6.26,4.17	0,0 	0
869     	29.79, -16.15, -7.05 	-0.23, 0.21, -6.65 	6.43, 7.66 	13,20,28,163		0.00,2.33	0,0 	0
877     	29.76, -16.20, -7.03 	-0.25, 0.23, -6.66 	6.43, 7.66 	13,20,28,172		7.58,3.62	0,0 	0
886     	29.72, -16.31, -7.03 	-0.26, 0.26, -6.67 	6.43, 7.66 	13,20,28,182		12.59,3.74	0,0 	0
895     	29.73, -16.34, -7.02 	-0.21, 0.25, -6.69 	6.43, 7.66 	13,20,28,192		3.71,5.49	0,0 	0
903     	29.77, -16.36, -6.98 	-0.22, 0.24, -6.68 	6.43, 7.66 	13,20,28,201		5.50,1.78	0,0 	0
912     	29.78, -16.43, -6.97 	-0.23, 0.25, -6.69 	6.43, 7.66 	13,20,28,211		8.35,1.61	0,0 	0
921     	29.79, -16.47, -6.95 	-0.27, 0.24, -6.69 	6.43, 7.66 	13,20,28,221		3.71,4.42	0,0 	0
929     	29.76, -16.50, -6.91 	-0.31, 0.22, -6.68 	6.43, 7.66 	13,20,28,230		5.39,5.47	0,0 	0
938     	29.74, -16.59, -6.87 	-0.31, 0.25, -6.71 	6.43, 7.66 	13,20,28,240		10.87,3.56	0,0 	0
947     	29.68, -16.70, -6.85 	-0.33, 0.23, -6.69 	6.43, 7.66 	13,20,28,250		13.47,3.17	0,0 	0
955     	29.65, -16.76, -6.82 	-0.32, 0.21, -6.70 	6.43, 7.66 	13,20,28,259		8.77,2.95	0,0 	0
964     	29.63, -16.81, -6.80 	-0.34, 0.24, -6.69 	6.43, 7.66 	13,20,28,269		5.72,4.18	0,0 	0
973     	29.64, -16.80, -6.81 	-0.34, 0.23, -6.67 	6.43, 7.66 	13,20,28,279		1.60,1.19	0,0 	0
981     	29.63, -16.82, -6.81 	-0.37, 0.22, -6.68 	6.43, 7.66 	13,20,28,288		2.92,3.83	0,0 	0
990     	29.68, -16.73, -6.81 	-0.32, 0.20, -6.68 	6.43, 7.66 	13,20,28,298		11.45,5.88	0,0 	0
999     	29.65, -16.82, -6.79 	-0.33, 0.18, -6.66 	6.43, 7.66 	13,20,28,308		10.00,2.59	0,0 	0
1007    	29.69, -16.84, -6.77 	-0.34, 0.18, -6.66 	6.43, 7.66 	13,20,28,317		5.50,1.20	1000,1 	0
1016    	29.66, -16.90, -6.73 	-0.37, 0.18, -6.65 	6.43, 7.66 	13,20,28,327		7.80,3.21	1000,1 	0
1025    	29.68, -16.91, -6.71 	-0.40, 0.19, -6.66 	6.43, 7.66 	13,20,28,337		2.45,3.44	1000,1 	0
1034    	29.65, -16.96, -6.69 	-0.41, 0.20, -6.67 	6.43, 7.66 	13,20,28,347		6.39,1.61	1000,1 	0
1042    	29.62, -16.99, -6.68 	-0.44, 0.19, -6.64 	6.43, 7.66 	13,20,28,356		5.39,4.97	1000,1 	0
1051    	29.60, -17.01, -6.66 	-0.47, 0.17, -6.64 	6.43, 7.66 	13,20,28,366		3.19,3.96	1000,1 	0
1060    	29.57, -17.00, -6.68 	-0.46, 0.20, -6.67 	6.43, 7.66 	13,20,28,376		3.42,3.71	1000,1 	0
1068    	29.53, -17.04, -6.65 	-0.46, 0.20, -6.65 	6.43, 7.66 	13,20,28,385		7.18,0.00	1000,1 	0
1077    	29.53, -17.04, -6.66 	-0.44, 0.22, -6.66 	6.43, 7.66 	13,20,28,395		0.00,3.17	1000,1 	0
1086    	29.53, -17.09, -6.68 	-0.47, 0.20, -6.68 	6.43, 7.66 	13,20,28,405		5.92,3.96	1000,1 	0
1094    	29.59, -17.07, -6.67 	-0.49, 0.23, -6.68 	6.43, 7.66 	13,20,28,414		7.70,4.71	1000,1 	0
1103    	29.59, -17.12, -6.64 	-0.50, 0.19, -6.65 	6.43, 7.66 	13,20,28,424		4.74,4.85	1000,1 	0
1112    	29.57, -17.13, -6.61 	-0.51, 0.18, -6.64 	6.43, 7.66 	13,20,28,434		2.45,1.59	1000,1 	0
1120    	29.54, -17.14, -6.59 	-0.50, 0.18, -6.64 	6.43, 7.66 	13,20,28,443		3.85,1.20	1000,1 	0
1129    	29.53, -17.15, -6.59 	-0.52, 0.17, -6.65 	6.43, 7.66 	13,20,28,453		1.60,2.43	1000,1 	0
1138    	29.51, -17.15, -6.57 	-0.52, 0.20, -6.63 	6.43, 7.66 	13,20,28,463		2.14,3.56	1000,1 	0
1146    	29.51, -17.20, -6.58 	-0.54, 0.19, -6.63 	6.43, 7.66 	13,20,28,472		6.66,2.73	1000,1 	0
1155    	29.52, -17.22, -6.57 	-0.58, 0.15, -6.63 	6.43, 7.66 	13,20,28,482		2.60,6.34	1000,1 	0
1164    	29.54, -17.22, -6.57 	-0.57, 0.18, -6.62 	6.43, 7.66 	13,20,28,492		2.14,3.71	1000,1 	0
1172    	29.52, -17.24, -6.56 	-0.57, 0.15, -6.64 	6.43, 7.66 	13,20,28,501		3.59,4.01	1000,1 	0
1181    	29.55, -17.25, -6.53 	-0.60, 0.12, -6.61 	6.43, 7.66 	13,20,28,511		3.42,3.96	1000,1 	0
1190    	29.55, -17.29, -6.50 	-0.53, 0.15, -6.60 	6.43, 7.66 	13,20,28,521		3.55,7.82	1000,1 	0
1198    	29.55, -17.35, -6.50 	-0.56, 0.10, -6.60 	6.43, 7.66 	13,20,28,530		7.99,6.40	1000,1 	0
1207    	29.52, -17.46, -6.44 	-0.52, 0.10, -6.60 	6.43, 7.66 	13,20,28,540		12.27,4.28	1000,1 	0
1216    	29.52, -17.50, -6.43 	-0.54, 0.10, -6.59 	6.43, 7.66 	13,20,28,550		4.74,2.14	1000,1 	0
1225    	29.47, -17.55, -6.42 	-0.59, 0.12, -6.60 	6.43, 7.66 	13,20,28,560		7.98,5.88	1000,1 	0
1233    	29.43, -17.59, -6.37 	-0.56, 0.14, -6.64 	6.43, 7.66 	13,20,28,569		7.18,3.83	1000,1 	0
1242    	29.39, -17.64, -6.38 	-0.55, 0.12, -6.63 	6.43, 7.66 	13,20,28,579		6.39,1.61	1000,1 	0
1251    	29.42, -17.63, -6.37 	-0.55, 0.12, -6.64 	6.43, 7.66 	13,20,28,589		3.42,0.00	1000,1 	0
1259    	29.45, -17.62, -6.38 	-0.48, 0.13, -6.64 	6.43, 7.66 	13,20,28,598		3.85,8.51	1000,1 	0
1268    	29.46, -17.64, -6.37 	-0.51, 0.12, -6.62 	6.43, 7.66 	13,20,28,608		2.60,3.40	1000,1 	0
1277    	29.40, -17.72, -6.33 	-0.48, 0.11, -6.62 	6.43, 7.66 	13,20,28,618		11.45,3.44	1000,1 	0
1285    	29.49, -17.78, -6.30 	-0.51, 0.08, -6.60 	6.43, 7.66 	13,20,28,627		12.72,5.35	1000,1 	0
1294    	29.47, -17.84, -6.26 	-0.57, 0.06, -6.60 	6.43, 7.66 	13,20,28,637		7.42,6.81	1000,1 	0
1303    	29.44, -17.91, -6.20 	-0.60, 0.06, -6.58 	6.43, 7.66 	13,20,28,647		8.89,3.21	1000,1 	0
1311    	29.42, -17.97, -6.16 	-0.63, 0.03, -6.58 	6.43, 7.66 	13,20,28,656		7.08,5.35	1000,1 	0
1320    	29.34, -18.11, -6.14 	-0.58, 0.04, -6.58 	6.43, 7.66 	13,20,28,666		17.62,5.46	1000,1 	0
1329    	29.32, -18.23, -6.12 	-0.57, 0.04, -6.59 	6.43, 7.66 	13,20,28,676		14.57,1.07	1000,1 	0
1337    	29.33, -18.27, -6.11 	-0.57, 0.11, -6.61 	6.43, 7.66 	13,20,28,685		4.17,9.36	1000,1 	0
1346    	29.34, -18.32, -6.08 	-0.49, 0.06, -6.60 	6.43, 7.66 	13,20,28,695		6.29,10.49	1000,1 	0
1355    	29.33, -18.37, -6.07 	-0.58, 0.09, -6.63 	6.43, 7.66 	13,20,28,705		6.02,10.31	1000,1 	0
1363    	29.36, -18.46, -6.03 	-0.56, 0.06, -6.61 	6.43, 7.66 	13,20,28,714		11.25,4.71	1000,1 	0
1372    	29.39, -18.54, -6.00 	-0.57, 0.09, -6.62 	6.43, 7.66 	13,20,28,724		10.00,3.74	1000,1 	0
1381    	29.42, -18.54, -5.97 	-0.52, 0.10, -6.64 	6.43, 7.66 	13,20,28,734		3.21,5.46	1000,1 	0
1389    	29.46, -18.62, -5.94 	-0.54, 0.10, -6.63 	6.43, 7.66 	13,20,28,743		10.49,2.41	1000,1 	0
1398    	29.41, -18.66, -5.93 	-0.53, 0.10, -6.63 	6.43, 7.66 	13,20,28,753		7.15,1.07	1000,1 	0
1407    	29.40, -18.67, -5.92 	-0.54, 0.08, -6.63 	6.43, 7.66 	13,20,28,763		1.60,2.59	1000,1 	0
1416    	29.35, -18.68, -5.92 	-0.56, 0.08, -6.61 	6.43, 7.66 	13,20,28,773		5.48,2.14	1000,1 	0
1424    	29.34, -18.72, -5.92 	-0.60, 0.07, -6.60 	6.43, 7.66 	13,20,28,782		5.46,4.97	1000,1 	0
1433    	29.32, -18.79, -5.92 	-0.56, 0.08, -6.61 	6.43, 7.66 	13,20,28,792		7.80,4.42	1000,1 	0
1442    	29.33, -18.84, -5.90 	-0.56, 0.09, -6.61 	6.43, 7.66 	13,20,28,802		6.29,1.19	1000,1 	0
1450    	29.35, -18.85, -5.91 	-0.59, 0.08, -6.60 	6.43, 7.66 	13,20,28,811		2.75,3.83	1000,1 	0
1459    	29.38, -18.84, -5.90 	-0.59, 0.08, -6.61 	6.43, 7.66 	13,20,28,821		3.42,0.00	1000,1 	0
1468    	29.32, -18.88, -5.89 	-0.59, 0.07, -6.60 	6.43, 7.66 	13,20,28,831		7.98,1.19	1000,1 	0
1476    	29.39, -18.88, -5.88 	-0.57, 0.06, -6.62 	6.43, 7.66 	13,20,28,840		8.43,2.77	1000,1 	0
1485    	29.38, -18.93, -5.86 	-0.60, 0.06, -6.60 	6.43, 7.66 	13,20,28,850		4.86,3.21	1000,1 	0
1494    	29.36, -18.99, -5.85 	-0.58, 0.06, -6.60 	6.43, 7.66 	13,20,28,860		7.42,2.14	1000,1 	0
1502    	29.31, -19.01, -5.86 	-0.57, 0.06, -6.60 	6.43, 7.66 	13,20,28,869		6.59,1.20	1000,1 	0
1511    	29.31, -18.98, -5.85 	-0.60, 0.07, -6.60 	6.43, 7.66 	13,20,28,879		3.71,3.44	1000,1 	0
1520    	29.30, -18.99, -5.85 	-0.57, 0.07, -6.61 	6.43, 7.66 	13,20,28,889		1.60,3.21	1000,1 	0
1528    	29.31, -19.00, -5.85 	-0.59, 0.06, -6.61 	6.43, 7.66 	13,20,28,898		2.75,2.73	1000,1 	0
1537    	29.35, -19.05, -5.83 	-0.59, 0.08, -6.60 	6.43, 7.66 	13,20,28,908		7.30,2.38	1000,1 	0
1546    	29.36, -19.10, -5.82 	-0.56, 0.10, -6.61 	6.43, 7.66 	13,20,28,918		4.85,3.96	1000,1 	0
1554    	29.32, -19.12, -5.83 	-0.59, 0.09, -6.61 	6.43, 7.66 	13,20,28,927		5.51,3.83	1000,1 	0
1563    	29.32, -19.11, -5.84 	-0.56, 0.07, -6.59 	6.43, 7.66 	13,20,28,937		1.18,4.02	1000,1 	0
1572    	29.27, -19.15, -5.82 	-0.56, 0.08, -6.60 	6.43, 7.66 	13,20,28,947		7.98,1.19	1000,1 	0
1580    	29.29, -19.20, -5.79 	-0.54, 0.07, -6.59 	6.43, 7.66 	13,20,28,956		7.08,2.77	1000,1 	0
1589    	29.23, -19.28, -5.79 	-0.58, 0.06, -6.58 	6.43, 7.66 	13,20,28,966		10.49,4.42	1000,1 	0
1598    	29.23, -19.29, -5.79 	-0.60, 0.05, -6.57 	6.43, 7.66 	13,20,28,976		1.18,2.43	1000,1 	0
1607    	29.24, -19.30, -5.76 	-0.62, 0.05, -6.58 	6.43, 7.66 	13,20,28,986		1.60,2.14	1000,1 	0
1615    	29.25, -19.33, -5.77 	-0.60, 0.07, -6.59 	6.43, 7.66 	13,20,28,995		4.17,3.57	1000,1 	0
1624    	29.26, -19.35, -5.77 	-0.57, 0.09, -6.60 	6.43, 7.66 	13,20,29,5		2.60,3.96	1000,1 	0
1633    	29.27, -19.36, -5.77 	-0.54, 0.09, -6.60 	6.43, 7.66 	13,20,29,15		1.60,3.21	1000,1 	0
1641    	29.30, -19.37, -5.74 	-0.56, 0.07, -6.60 	6.43, 7.66 	13,20,29,24		5.00,3.57	1000,1 	0
1649    	29.29, -19.39, -5.72 	-0.54, 0.06, -6.59 	6.43, 7.66 	13,20,29,33		3.59,2.77	1000,1 	0
1659    	29.26, -19.44, -5.73 	-0.55, 0.05, -6.58 	6.43, 7.66 	13,20,29,44		5.15,1.43	1000,1 	0
1667    	29.26, -19.44, -5.73 	-0.55, 0.03, -6.59 	6.43, 7.66 	13,20,29,53		0.00,2.67	1000,1 	0
1676    	29.26, -19.47, -5.72 	-0.55, 0.03, -6.58 	6.43, 7.66 	13,20,29,63		3.55,0.00	1000,1 	0
1685    	29.28, -19.47, -5.71 	-0.58, 0.03, -6.58 	6.43, 7.66 	13,20,29,73		2.14,3.21	1000,1 	0
1693    	29.26, -19.47, -5.72 	-0.54, 0.04, -6.58 	6.43, 7.66 	13,20,29,82		2.41,4.97	1000,1 	0
1702    	29.23, -19.49, -5.73 	-0.54, 0.03, -6.59 	6.43, 7.66 	13,20,29,92		3.99,1.19	1000,1 	0
1711    	29.25, -19.48, -5.75 	-0.51, 0.02, -6.58 	6.43, 7.66 	13,20,29,102		2.45,3.44	1000,1 	0
1719    	29.27, -19.49, -5.74 	-0.51, 0.03, -6.59 	6.43, 7.66 	13,20,29,111		2.75,1.34	1000,1 	0
1728    	29.30, -19.44, -5.74 	-0.47, 0.01, -6.59 	6.43, 7.66 	13,20,29,121		6.74,4.92	1000,1 	0
1737    	29.29, -19.47, -5.71 	-0.49, 0.01, -6.59 	6.43, 7.66 	13,20,29,131		3.71,2.14	1000,1 	0
1745    	29.27, -19.48, -5.73 	-0.51, 0.03, -6.59 	6.43, 7.66 	13,20,29,140		2.75,3.62	1000,1 	0
1754    	29.28, -19.50, -5.71 	-0.46, 0.01, -6.58 	6.43, 7.66 	13,20,29,150		2.60,5.88	1000,1 	0
1763    	29.30, -19.48, -5.71 	-0.42, -0.03, -6.57 	6.43, 7.66 	13,20,29,160		3.99,5.61	1000,1 	0
1771    	29.31, -19.50, -5.73 	-0.43, -0.05, -6.57 	6.43, 7.66 	13,20,29,169		2.92,2.91	1000,1 	0
1780    	29.25, -19.52, -5.74 	-0.31, -0.04, -6.57 	6.43, 7.66 	13,20,29,179		7.86,13.93	1000,1 	0
1789    	29.30, -19.53, -5.73 	-0.28, -0.06, -6.57 	6.43, 7.66 	13,20,29,189		6.53,4.02	1000,1 	0
1798    	29.29, -19.53, -5.74 	-0.09, -0.06, -6.58 	6.43, 7.66 	13,20,29,199		1.07,21.39	1000,1 	0
1806    	29.28, -19.54, -5.74 	0.07, -0.05, -6.58 	6.43, 7.66 	13,20,29,208		2.75,19.27	1000,1 	0
1815    	29.29, -19.52, -5.74 	0.28, -0.09, -6.59 	6.43, 7.66 	13,20,29,218		2.60,23.85	1000,1 	0
1824    	29.29, -19.57, -5.74 	0.64, -0.07, -6.60 	6.43, 7.66 	13,20,29,228		4.74,40.67	1000,1 	0
1832    	29.33, -19.55, -5.73 	0.98, -0.06, -6.61 	6.43, 7.66 	13,20,29,237		6.17,42.11	1000,1 	0
1841    	29.35, -19.59, -5.74 	1.40, -0.04, -6.57 	6.43, 7.66 	13,20,29,247		4.15,46.01	1000,1 	0
1850    	29.30, -19.62, -5.75 	1.68, -0.00, -6.56 	6.43, 7.66 	13,20,29,257		6.43,32.36	1000,1 	0
1858    	29.31, -19.63, -5.76 	1.88, 0.05, -6.55 	6.43, 7.66 	13,20,29,266		1.79,24.87	1000,1 	0
1867    	29.29, -19.68, -5.76 	2.06, 0.08, -6.57 	6.43, 7.66 	13,20,29,276		6.30,20.57	1000,1 	0
1876    	29.29, -19.69, -5.75 	2.32, 0.22, -6.59 	6.43, 7.66 	13,20,29,286		1.18,32.54	1000,1 	0
1884    	29.29, -19.71, -5.76 	2.50, 0.26, -6.61 	6.43, 7.66 	13,20,29,295		2.66,23.39	1000,1 	0
1893    	29.30, -19.71, -5.78 	2.71, 0.31, -6.64 	6.43, 7.66 	13,20,29,305		1.07,24.18	1000,1 	0
1902    	29.29, -19.73, -5.78 	2.93, 0.40, -6.67 	6.43, 7.66 	13,20,29,315		1.60,26.23	1000,1 	0
1910    	29.36, -19.69, -5.81 	3.10, 0.48, -6.69 	6.43, 7.66 	13,20,29,324		9.33,24.00	1000,1 	0
1919    	29.40, -19.69, -5.79 	3.35, 0.53, -6.71 	6.43, 7.66 	13,20,29,334		4.28,28.34	1000,1 	0
1929    	29.42, -19.79, -5.79 	3.44, 0.56, -6.72 	6.43, 7.66 	13,20,29,344		9.78,9.19	1000,1 	0
1937    	29.43, -19.79, -5.83 	3.53, 0.63, -6.75 	6.43, 7.66 	13,20,29,353		1.20,13.38	1000,1 	0
1946    	29.44, -19.89, -5.84 	3.68, 0.71, -6.76 	6.43, 7.66 	13,20,29,363		10.71,19.45	1000,1 	0
1955    	29.41, -19.94, -5.84 	3.82, 0.77, -6.77 	6.43, 7.66 	13,20,29,373		6.74,17.45	1000,1 	0
1963    	29.40, -19.99, -5.85 	3.88, 0.86, -6.77 	6.43, 7.66 	13,20,29,382		6.77,12.81	1000,1 	0
1972    	29.39, -20.07, -5.86 	3.97, 0.91, -6.79 	6.43, 7.66 	13,20,29,392		8.36,11.23	1000,1 	0
1981    	29.42, -20.16, -5.86 	4.07, 1.01, -6.84 	6.43, 7.66 	13,20,29,402		11.13,15.78	1000,1 	0
1990    	29.48, -20.20, -5.88 	4.24, 1.13, -6.90 	6.43, 7.66 	13,20,29,412		7.98,22.93	1000,1 	0
1998    	29.60, -20.19, -5.90 	4.37, 1.24, -6.94 	6.43, 7.66 	13,20,29,421		15.71,21.34	1000,1 	0
2007    	29.62, -20.31, -5.91 	4.47, 1.32, -6.97 	6.43, 7.66 	13,20,29,431		13.20,15.01	1000,1 	0
2016    	29.65, -20.33, -5.88 	4.51, 1.39, -6.96 	6.43, 7.66 	13,20,29,441		3.99,8.26	1000,1 	0
2024    	29.68, -20.41, -5.86 	4.58, 1.47, -6.97 	6.43, 7.66 	13,20,29,450		10.00,13.51	1000,1 	0
2033    	29.69, -20.45, -5.85 	4.66, 1.54, -6.99 	6.43, 7.66 	13,20,29,460		4.85,11.05	1000,1 	0
2042    	29.69, -20.45, -5.88 	4.73, 1.65, -7.01 	6.43, 7.66 	13,20,29,470		0.00,15.51	1000,1 	0
2050    	29.75, -20.43, -5.90 	4.89, 1.76, -7.04 	6.43, 7.66 	13,20,29,479		7.70,23.27	1000,1 	0
2059    	29.72, -20.43, -5.94 	4.99, 1.93, -7.07 	6.43, 7.66 	13,20,29,489		3.21,22.20	1000,1 	0
2068    	29.79, -20.39, -5.95 	5.11, 2.03, -7.10 	6.43, 7.66 	13,20,29,499		9.79,17.35	1000,1 	0
2076    	29.84, -20.35, -5.96 	5.19, 2.18, -7.12 	6.43, 7.66 	13,20,29,508		7.23,21.47	1000,1 	0
2085    	29.87, -20.33, -5.96 	5.28, 2.32, -7.13 	6.43, 7.66 	13,20,29,518		3.99,18.07	1000,1 	0
2094    	29.94, -20.31, -5.95 	5.38, 2.44, -7.16 	6.43, 7.66 	13,20,29,528		7.86,17.45	1000,1 	0
2102    	29.90, -20.33, -5.95 	5.48, 2.59, -7.19 	6.43, 7.66 	13,20,29,537		5.51,22.09	1000,1 	0
2111    	29.89, -20.35, -5.92 	5.64, 2.77, -7.23 	6.43, 7.66 	13,20,29,547		2.60,26.97	1000,1 	0
2120    	29.88, -20.42, -5.90 	5.69, 2.95, -7.25 	6.43, 7.66 	13,20,29,557		7.18,20.81	1000,1 	0
2128    	29.83, -20.42, -5.92 	5.74, 3.09, -7.27 	6.43, 7.66 	13,20,29,566		6.02,18.71	1000,1 	0
2137    	29.84, -20.40, -5.90 	5.87, 3.25, -7.29 	6.43, 7.66 	13,20,29,576		2.60,22.43	1000,1 	0
2146    	29.80, -20.35, -5.89 	5.95, 3.48, -7.31 	6.43, 7.66 	13,20,29,586		6.38,27.71	1000,1 	0
2154    	29.81, -20.33, -5.90 	6.00, 3.67, -7.32 	6.43, 7.66 	13,20,29,595		2.92,24.71	1000,1 	0
2163    	29.80, -20.34, -5.89 	6.11, 3.90, -7.32 	6.43, 7.66 	13,20,29,605		1.60,27.88	1000,1 	0
2172    	29.79, -20.33, -5.88 	6.22, 4.13, -7.34 	6.43, 7.66 	13,20,29,615		1.60,28.50	1000,1 	0
2181    	29.79, -20.31, -5.87 	6.23, 4.33, -7.32 	6.43, 7.66 	13,20,29,625		2.37,22.64	1000,1 	0
2189    	29.79, -20.34, -5.86 	6.20, 4.46, -7.29 	6.43, 7.66 	13,20,29,634		4.00,16.49	1000,1 	0
2198    	29.79, -20.34, -5.84 	6.17, 4.60, -7.24 	6.43, 7.66 	13,20,29,644		0.00,15.82	1000,1 	0
2207    	29.75, -20.41, -5.82 	6.14, 4.75, -7.22 	6.43, 7.66 	13,20,29,654		8.90,16.99	1000,1 	0
2215    	29.75, -20.41, -5.80 	6.19, 4.93, -7.22 	6.43, 7.66 	13,20,29,663		0.00,23.41	1000,1 	0
2223    	29.71, -20.42, -5.76 	6.29, 5.12, -7.20 	6.43, 7.66 	13,20,29,672		5.00,26.73	1000,1 	0
2233    	29.70, -20.36, -5.75 	6.31, 5.31, -7.16 	6.43, 7.66 	13,20,29,683		5.41,18.36	1000,1 	0
2241    	29.69, -20.34, -5.74 	6.37, 5.41, -7.11 	6.43, 7.66 	13,20,29,692		2.92,15.09	1000,1 	0
2250    	29.64, -20.34, -5.73 	6.43, 5.49, -7.04 	6.43, 7.66 	13,20,29,702		5.35,10.43	1000,1 	0
2259    	29.67, -20.29, -5.73 	6.50, 5.51, -6.99 	6.43, 7.66 	13,20,29,712		6.74,7.82	1000,1 	0
2267    	29.64, -20.32, -5.72 	6.51, 5.52, -6.97 	6.43, 7.66 	13,20,29,721		5.39,2.73	1000,1 	0
2276    	29.64, -20.32, -5.70 	6.50, 5.49, -6.95 	6.43, 7.66 	13,20,29,731		0.00,4.13	1000,1 	0
2285    	29.62, -20.33, -5.68 	6.49, 5.48, -6.96 	6.43, 7.66 	13,20,29,741		2.45,1.59	1000,1 	0
2293    	29.63, -20.31, -5.69 	6.47, 5.47, -6.96 	6.43, 7.66 	13,20,29,750		2.92,2.73	1000,1 	0
2302    	29.58, -20.34, -5.66 	6.45, 5.47, -6.96 	6.43, 7.66 	13,20,29,760		6.43,2.14	1000,1 	0
2311    	29.54, -20.32, -5.64 	6.45, 5.47, -6.96 	6.43, 7.66 	13,20,29,770		4.89,0.00	1000,1 	0
2319    	29.46, -20.33, -5.64 	6.43, 5.44, -6.95 	6.43, 7.66 	13,20,29,779		10.92,3.57	1000,1 	0
2328    	29.50, -20.28, -5.64 	6.40, 5.44, -6.95 	6.43, 7.66 	13,20,29,789		7.31,3.21	1000,1 	0
2337    	29.42, -20.30, -5.64 	6.40, 5.47, -6.96 	6.43, 7.66 	13,20,29,799		8.89,2.38	1000,1 	0
2345    	29.39, -20.31, -5.62 	6.37, 5.46, -6.96 	6.43, 7.66 	13,20,29,808		3.85,3.83	1000,1 	0
2354    	29.43, -20.28, -5.62 	6.38, 5.47, -6.96 	6.43, 7.66 	13,20,29,818		5.56,1.59	1000,1 	0
2363    	29.47, -20.23, -5.64 	6.38, 5.47, -6.95 	6.43, 7.66 	13,20,29,828		7.31,0.00	1000,1 	0
2372    	29.44, -20.25, -5.63 	6.38, 5.49, -6.95 	6.43, 7.66 	13,20,29,838		3.99,2.38	1000,1 	0
2380    	29.40, -20.23, -5.62 	6.35, 5.50, -6.93 	6.43, 7.66 	13,20,29,847		5.50,3.87	1000,1 	0
2389    	29.40, -20.22, -5.60 	6.32, 5.50, -6.92 	6.43, 7.66 	13,20,29,857		1.18,3.21	1000,1 	0
2398    	29.40, -20.22, -5.61 	6.26, 5.49, -6.88 	6.43, 7.66 	13,20,29,867		0.00,6.51	1000,1 	0
2406    	29.34, -20.25, -5.59 	6.22, 5.48, -6.86 	6.43, 7.66 	13,20,29,876		8.26,6.14	1000,1 	0
2415    	29.37, -20.23, -5.59 	6.18, 5.54, -6.84 	6.43, 7.66 	13,20,29,886		3.99,8.37	1000,1 	0
2424    	29.35, -20.24, -5.59 	6.15, 5.58, -6.84 	6.43, 7.66 	13,20,29,896		2.45,4.83	1000,1 	0
2432    	29.32, -20.27, -5.59 	6.12, 5.62, -6.82 	6.43, 7.66 	13,20,29,905		5.39,6.50	1000,1 	0
2441    	29.29, -20.28, -5.59 	6.07, 5.64, -6.82 	6.43, 7.66 	13,20,29,915		3.42,5.88	1000,1 	0
2450    	29.31, -20.27, -5.59 	6.09, 5.68, -6.80 	6.43, 7.66 	13,20,29,925		2.45,5.18	1000,1 	0
2458    	29.31, -20.26, -5.58 	6.05, 5.71, -6.79 	6.43, 7.66 	13,20,29,934		1.33,6.31	1000,1 	0
2467    	29.31, -20.26, -5.57 	6.02, 5.72, -6.78 	6.43, 7.66 	13,20,29,944		0.00,3.21	1000,1 	0
2476    	29.31, -20.26, -5.58 	6.03, 5.75, -6.75 	6.43, 7.66 	13,20,29,954		0.00,3.71	1000,1 	0
2484    	29.32, -20.26, -5.57 	6.01, 5.77, -6.75 	6.43, 7.66 	13,20,29,963		1.20,3.62	1000,1 	0
2493    	29.31, -20.27, -5.57 	5.96, 5.78, -6.75 	6.43, 7.66 	13,20,29,973		1.60,5.49	1000,1 	0
2502    	29.30, -20.25, -5.57 	5.95, 5.82, -6.75 	6.43, 7.66 	13,20,29,983		2.60,4.89	1000,1 	0
2510    	29.27, -20.24, -5.56 	5.93, 5.88, -6.75 	6.43, 7.66 	13,20,29,992		3.85,7.64	1000,1 	0
2519    	29.27, -20.23, -5.58 	5.94, 5.90, -6.75 	6.43, 7.66 	13,20,30,2		1.60,3.17	1000,1 	0
2528    	29.26, -20.22, -5.59 	5.96, 5.95, -6.77 	6.43, 7.66 	13,20,30,12		1.60,6.28	1000,1 	0
2536    	29.23, -20.22, -5.59 	5.99, 6.01, -6.81 	6.43, 7.66 	13,20,30,21		3.61,8.74	1000,1 	0
2545    	29.23, -20.22, -5.59 	5.98, 6.07, -6.81 	6.43, 7.66 	13,20,30,31		0.00,6.05	1000,1 	0
2554    	29.20, -20.23, -5.58 	5.97, 6.12, -6.81 	6.43, 7.66 	13,20,30,41		3.42,6.05	1000,1 	0
2563    	29.20, -20.26, -5.57 	5.95, 6.14, -6.81 	6.43, 7.66 	13,20,30,51		3.55,3.22	1000,1 	0
2571    	29.20, -20.26, -5.56 	5.94, 6.20, -6.80 	6.43, 7.66 	13,20,30,60		0.00,6.81	1000,1 	0
2580    	29.18, -20.22, -5.55 	5.89, 6.22, -6.79 	6.43, 7.66 	13,20,30,70		5.20,5.88	1000,1 	0
2589    	29.16, -20.24, -5.55 	5.88, 6.27, -6.78 	6.43, 7.66 	13,20,30,80		3.19,6.05	1000,1 	0
2597    	29.18, -20.20, -5.56 	5.90, 6.34, -6.79 	6.43, 7.66 	13,20,30,89		4.67,8.34	1000,1 	0
2605    	29.16, -20.19, -5.56 	5.93, 6.43, -6.80 	6.43, 7.66 	13,20,30,98		2.75,12.51	1000,1 	0
2615    	29.16, -20.19, -5.58 	5.92, 6.50, -6.80 	6.43, 7.66 	13,20,30,109		0.00,6.50	1000,1 	0
2623    	29.18, -20.19, -5.58 	5.96, 6.56, -6.81 	6.43, 7.66 	13,20,30,118		2.41,9.29	1000,1 	0
2632    	29.17, -20.18, -5.58 	5.94, 6.64, -6.80 	6.43, 7.66 	13,20,30,128		1.60,8.62	1000,1 	0
2641    	29.16, -20.18, -5.58 	5.94, 6.66, -6.80 	6.43, 7.66 	13,20,30,138		1.07,2.38	1000,1 	0
2649    	29.18, -20.15, -5.58 	5.93, 6.71, -6.79 	6.43, 7.66 	13,20,30,147		4.67,6.81	1000,1 	0
2658    	29.15, -20.15, -5.60 	5.90, 6.75, -6.79 	6.43, 7.66 	13,20,30,157		3.21,5.77	1000,1 	0
2667    	29.13, -20.14, -5.60 	5.90, 6.80, -6.79 	6.43, 7.66 	13,20,30,167		2.45,4.75	1000,1 	0
2675    	29.14, -20.15, -5.60 	5.87, 6.85, -6.80 	6.43, 7.66 	13,20,30,176		1.79,7.64	1000,1 	0
2684    	29.10, -20.14, -5.63 	5.87, 6.89, -6.79 	6.43, 7.66 	13,20,30,186		4.44,4.75	1000,1 	0
2693    	29.10, -20.15, -5.63 	5.93, 6.96, -6.80 	6.43, 7.66 	13,20,30,196		1.18,9.52	1000,1 	0
2701    	29.07, -20.15, -5.62 	5.90, 6.99, -6.81 	6.43, 7.66 	13,20,30,205		3.61,5.44	1000,1 	0
2710    	29.07, -20.13, -5.64 	5.89, 7.02, -6.81 	6.43, 7.66 	13,20,30,215		2.37,3.74	1000,1 	0
2719    	29.07, -20.13, -5.67 	5.89, 7.05, -6.81 	6.43, 7.66 	13,20,30,225		0.00,3.56	1000,1 	0
2727    	29.13, -20.12, -5.67 	5.86, 7.10, -6.81 	6.43, 7.66 	13,20,30,234		7.35,6.50	1000,1 	0
2736    	29.13, -20.08, -5.66 	5.84, 7.12, -6.80 	6.43, 7.66 	13,20,30,244		4.74,3.22	1000,1 	0
2745    	29.10, -20.09, -5.67 	5.85, 7.14, -6.79 	6.43, 7.66 	13,20,30,254		3.42,2.59	1000,1 	0
2754    	29.10, -20.09, -5.68 	5.85, 7.16, -6.80 	6.43, 7.66 	13,20,30,264		0.00,2.38	1000,1 	0
2762    	29.08, -20.11, -5.68 	5.83, 7.20, -6.81 	6.43, 7.66 	13,20,30,273		3.59,5.90	1000,1 	0
2770    	29.05, -20.12, -5.69 	5.84, 7.21, -6.80 	6.43, 7.66 	13,20,30,282		3.85,1.78	1000,1 	0
2780    	29.03, -20.10, -5.71 	5.86, 7.25, -6.81 	6.43, 7.66 	13,20,30,293		2.87,3.72	1000,1 	0
2788    	29.02, -20.09, -5.72 	5.84, 7.26, -6.81 	6.43, 7.66 	13,20,30,302		1.79,2.77	1000,1 	0
2797    	29.04, -20.09, -5.72 	5.84, 7.30, -6.82 	6.43, 7.66 	13,20,30,312		2.14,4.75	1000,1 	0
2806    	29.06, -20.07, -5.73 	5.85, 7.32, -6.82 	6.43, 7.66 	13,20,30,322		3.19,2.59	1000,1 	0
2814    	29.05, -20.04, -5.74 	5.86, 7.33, -6.82 	6.43, 7.66 	13,20,30,331		2.92,1.78	1000,1 	0
2823    	29.04, -20.03, -5.74 	5.86, 7.34, -6.82 	6.43, 7.66 	13,20,30,341		1.60,1.19	1000,1 	0
2832    	29.04, -20.06, -5.75 	5.85, 7.34, -6.82 	6.43, 7.66 	13,20,30,351		2.37,1.07	1000,1 	0
2843    	29.02, -20.07, -5.73 	5.84, 7.35, -6.82 	6.43, 7.66 	13,20,30,362		2.00,1.32	1000,1 	0
2850    	29.01, -20.07, -5.74 	5.85, 7.35, -6.82 	6.43, 7.66 	13,20,30,370		1.38,1.37	1000,1 	0
2859    	29.01, -20.06, -5.75 	5.83, 7.36, -6.82 	6.43, 7.66 	13,20,30,380		1.60,2.46	1000,1 	0
2867    	29.02, -20.06, -5.75 	5.82, 7.37, -6.82 	6.43, 7.66 	13,20,30,389		2.41,1.81	1000,1 	0
2876    	28.98, -20.02, -5.75 	5.81, 7.41, -6.82 	6.43, 7.66 	13,20,30,399		6.42,3.74	1000,1 	0
2885    	29.00, -20.07, -5.76 	5.80, 7.38, -6.82 	6.43, 7.66 	13,20,30,409		5.20,2.59	1000,1 	0
2893    	28.99, -20.06, -5.75 	5.81, 7.38, -6.81 	6.43, 7.66 	13,20,30,418		1.79,1.20	1000,1 	0
2902    	29.01, -20.06, -5.76 	5.80, 7.40, -6.81 	6.43, 7.66 	13,20,30,428		3.21,1.61	1000,1 	0
2911    	29.01, -20.07, -5.76 	5.81, 7.38, -6.81 	6.43, 7.66 	13,20,30,438		1.18,1.61	1000,1 	0
2919    	29.04, -20.09, -5.76 	5.80, 7.38, -6.81 	6.43, 7.66 	13,20,30,447		4.49,1.20	1000,1 	0
2928    	29.05, -20.12, -5.76 	5.79, 7.41, -6.81 	6.43, 7.66 	13,20,30,457		3.71,2.62	1000,1 	0
2937    	29.09, -20.07, -5.77 	5.79, 7.41, -6.80 	6.43, 7.66 	13,20,30,467		7.31,0.00	1000,1 	0
2946    	29.06, -20.10, -5.77 	5.76, 7.41, -6.80 	6.43, 7.66 	13,20,30,477		4.79,3.21	1000,1 	0
2954    	29.04, -20.08, -5.78 	5.79, 7.41, -6.81 	6.43, 7.66 	13,20,30,486		3.59,3.61	1000,1 	0
2962    	29.03, -20.07, -5.79 	5.79, 7.44, -6.81 	6.43, 7.66 	13,20,30,495		1.80,4.01	1000,1 	0
2972    	29.09, -20.01, -5.81 	5.81, 7.46, -6.82 	6.43, 7.66 	13,20,30,506		7.86,2.86	1000,1 	0
2980    	29.05, -20.02, -5.81 	5.81, 7.48, -6.83 	6.43, 7.66 	13,20,30,515		5.00,2.67	1000,1 	0
2989    	29.12, -20.00, -5.85 	5.85, 7.49, -6.84 	6.43, 7.66 	13,20,30,525		7.86,4.42	1000,1 	0
2998    	29.18, -19.96, -5.85 	5.84, 7.49, -6.84 	6.43, 7.66 	13,20,30,535		7.98,1.07	1000,1 	0
3006    	29.25, -19.95, -5.84 	5.83, 7.50, -6.83 	6.43, 7.66 	13,20,30,544		8.53,1.81	1000,1 	0
3015    	29.23, -19.94, -5.85 	5.89, 7.49, -6.82 	6.43, 7.66 	13,20,30,554		2.45,6.54	1000,1 	0
3024    	29.27, -19.92, -5.88 	5.89, 7.50, -6.83 	6.43, 7.66 	13,20,30,564		4.89,1.19	1000,1 	0
3032    	29.30, -19.89, -5.88 	5.88, 7.51, -6.82 	6.43, 7.66 	13,20,30,573		6.26,1.34	1000,1 	0
3041    	29.29, -19.89, -5.91 	5.90, 7.53, -6.82 	6.43, 7.66 	13,20,30,583		1.07,3.17	1000,1 	0
3050    	29.31, -19.91, -5.92 	5.92, 7.58, -6.82 	6.43, 7.66 	13,20,30,593		3.19,5.18	1000,1 	0
3058    	29.26, -19.94, -5.93 	5.92, 7.58, -6.82 	6.43, 7.66 	13,20,30,602		8.26,0.00	1000,1 	0
3067    	29.29, -19.93, -5.93 	5.97, 7.63, -6.82 	6.43, 7.66 	13,20,30,612		4.44,7.93	1000,1 	0
3076    	29.29, -19.91, -5.93 	6.01, 7.64, -6.82 	6.43, 7.66 	13,20,30,622		2.37,4.42	1000,1 	0
3084    	29.40, -19.82, -5.95 	6.03, 7.64, -6.82 	6.43, 7.66 	13,20,30,631		17.01,2.41	1000,1 	0
3093    	29.43, -19.79, -5.96 	6.00, 7.62, -6.81 	6.43, 7.66 	13,20,30,641		4.79,3.96	1000,1 	0
3102    	29.46, -19.81, -6.02 	6.05, 7.61, -6.80 	0.00, -0.00 	13,20,30,661		3.99,5.49	1000,1 	0
3110    	29.46, -19.85, -5.98 	6.04, 7.63, -6.79 	0.00, -0.00 	13,20,30,670		4.26,2.36	1000,1 	0
3119    	29.42, -19.92, -6.01 	6.05, 7.62, -6.78 	0.00, -0.00 	13,20,30,680		6.79,1.32	1000,1 	0
3128    	29.46, -19.95, -6.02 	6.05, 7.64, -6.79 	0.00, -0.00 	13,20,30,690		5.00,2.14	1000,1 	0
3136    	29.46, -19.92, -6.05 	6.10, 7.66, -6.80 	0.00, -0.00 	13,20,30,699		3.20,5.24	1000,1 	0
3144    	29.51, -19.92, -6.05 	6.09, 7.65, -6.79 	0.00, -0.00 	13,20,30,708		4.38,1.30	1000,1 	0
3154    	29.50, -19.92, -6.08 	6.11, 7.65, -6.80 	0.00, -0.00 	13,20,30,719		0.88,1.75	1000,1 	0
3162    	29.55, -19.93, -6.10 	6.11, 7.65, -6.79 	0.00, -0.00 	13,20,30,728		5.88,0.00	1000,1 	0
3171    	29.60, -19.93, -6.12 	6.12, 7.65, -6.80 	0.00, -0.00 	13,20,30,738		4.38,1.75	1000,1 	0
3180    	29.63, -19.93, -6.14 	6.12, 7.67, -6.80 	0.00, -0.00 	13,20,30,748		2.89,2.14	1000,1 	0
3188    	29.69, -19.92, -6.16 	6.13, 7.66, -6.79 	0.00, -0.00 	13,20,30,757		5.88,1.45	1000,1 	0
3197    	29.70, -19.93, -6.15 	6.13, 7.65, -6.79 	0.00, -0.00 	13,20,30,767		1.31,0.97	1000,1 	0
3206    	29.73, -19.94, -6.13 	6.12, 7.64, -6.79 	0.00, -0.00 	13,20,30,777		3.08,2.19	1000,1 	0
3214    	29.70, -19.96, -6.17 	6.12, 7.63, -6.78 	0.00, -0.00 	13,20,30,786		3.59,1.07	1000,1 	0
3223    	29.71, -19.98, -6.18 	6.12, 7.63, -6.78 	0.00, -0.00 	13,20,30,796		2.13,0.00	1000,1 	0
3232    	29.76, -19.99, -6.20 	6.12, 7.64, -6.79 	0.00, -0.00 	13,20,30,806		4.93,1.07	1000,1 	0
3240    	29.75, -19.95, -6.24 	6.12, 7.64, -6.79 	0.00, -0.00 	13,20,30,815		4.37,0.00	1000,1 	0
3249    	29.80, -19.99, -6.25 	6.11, 7.64, -6.79 	0.00, -0.00 	13,20,30,825		6.53,0.87	1000,1 	0
3258    	29.87, -19.98, -6.29 	6.11, 7.66, -6.78 	0.00, -0.00 	13,20,30,835		6.21,2.12	1000,1 	0
3266    	29.94, -19.96, -6.28 	6.13, 7.67, -6.79 	0.00, -0.00 	13,20,30,844		7.07,2.19	1000,1 	0
3275    	29.99, -19.92, -6.29 	6.13, 7.66, -6.79 	0.00, -0.00 	13,20,30,854		5.85,0.97	1000,1 	0
3284    	30.02, -19.92, -6.31 	6.11, 7.65, -6.79 	0.00, -0.00 	13,20,30,864		2.89,3.06	1000,1 	0
3292    	30.03, -19.94, -6.35 	6.11, 7.65, -6.79 	0.00, -0.00 	13,20,30,873		2.34,0.96	1000,1 	0
3301    	30.07, -19.94, -6.37 	6.10, 7.67, -6.79 	0.00, -0.00 	13,20,30,883		3.50,2.64	1000,1 	0
3310    	30.09, -19.96, -6.37 	6.10, 7.67, -6.79 	0.00, -0.00 	13,20,30,893		3.26,0.00	1000,1 	0
3319    	30.11, -20.00, -6.40 	6.10, 7.68, -6.79 	0.00, -0.00 	13,20,30,903		4.68,1.07	1000,1 	0
3327    	30.20, -20.00, -6.43 	6.09, 7.71, -6.80 	0.00, -0.00 	13,20,30,912		8.67,3.36	1000,1 	0
3336    	30.33, -19.95, -6.45 	6.09, 7.71, -6.79 	0.00, -0.00 	13,20,30,922		12.38,0.00	1000,1 	0
3345    	30.41, -19.90, -6.48 	6.07, 7.71, -6.79 	0.00, -0.00 	13,20,30,932		10.18,1.92	1000,1 	0
3353    	30.48, -19.89, -6.49 	6.07, 7.75, -6.79 	0.00, -0.00 	13,20,30,941		6.83,3.21	1000,1 	0
3361    	30.53, -19.91, -6.52 	6.07, 7.74, -6.79 	0.00, -0.00 	13,20,30,950		4.79,0.97	1000,1 	0
3371    	30.61, -19.90, -6.52 	6.06, 7.76, -6.81 	0.00, -0.00 	13,20,30,961		7.94,2.14	1000,1 	0
3379    	30.66, -19.81, -6.57 	6.05, 7.72, -6.81 	0.00, -0.00 	13,20,30,970		9.79,3.33	1000,1 	0
3388    	30.64, -19.79, -6.64 	6.03, 7.75, -6.80 	0.00, -0.00 	13,20,30,980		2.61,2.64	1000,1 	0
3397    	30.66, -19.79, -6.68 	5.98, 7.76, -6.81 	0.00, -0.00 	13,20,30,990		1.93,4.95	1000,1 	0
3405    	30.68, -19.78, -6.76 	5.98, 7.76, -6.81 	0.00, -0.00 	13,20,30,999		2.20,0.00	1000,1 	0
3414    	30.77, -19.62, -6.85 	5.98, 7.77, -6.80 	0.00, -0.00 	13,20,31,9		16.53,0.97	1000,1 	0
3423    	30.87, -19.52, -6.93 	6.00, 7.78, -6.81 	0.00, -0.00 	13,20,31,19		14.30,2.19	1000,1 	0
3431    	31.01, -19.43, -7.02 	6.01, 7.79, -6.81 	0.00, -0.00 	13,20,31,28		16.55,1.43	1000,1 	0
3440    	31.14, -19.39, -7.06 	6.01, 7.76, -6.81 	0.00, -0.00 	13,20,31,38		12.03,2.92	1000,1 	0
3449    	31.21, -19.44, -7.10 	6.03, 7.76, -6.81 	0.00, -0.00 	13,20,31,48		9.37,1.92	1000,1 	0
3457    	31.31, -19.45, -7.15 	6.05, 7.76, -6.81 	0.00, -0.00 	13,20,31,57		9.69,1.92	1000,1 	0
3466    	31.27, -19.50, -7.14 	6.03, 7.74, -6.79 	0.00, -0.00 	13,20,31,67		5.98,2.60	1000,1 	0
3475    	31.36, -19.50, -7.17 	6.01, 7.74, -6.79 	0.00, -0.00 	13,20,31,77		7.88,1.75	1000,1 	0
3484    	31.34, -19.47, -7.22 	6.04, 7.76, -6.79 	0.00, -0.00 	13,20,31,87		3.73,3.57	1000,1 	0
3492    	31.43, -19.36, -7.26 	6.04, 7.77, -6.79 	0.00, -0.00 	13,20,31,96		14.37,1.07	1000,1 	0
3501    	31.50, -19.32, -7.34 	6.08, 7.79, -6.79 	0.00, -0.00 	13,20,31,106		7.25,3.98	1000,1 	0
3510    	31.53, -19.27, -7.38 	6.08, 7.79, -6.78 	0.00, -0.00 	13,20,31,116		5.51,0.00	1000,1 	0
3518    	31.57, -19.22, -7.46 	6.08, 7.80, -6.79 	0.00, -0.00 	13,20,31,125		6.58,1.07	1000,1 	0
3527    	31.63, -19.18, -7.48 	6.09, 7.80, -6.80 	0.00, -0.00 	13,20,31,135		6.01,1.75	1000,1 	0
3536    	31.73, -19.20, -7.51 	6.08, 7.80, -6.79 	0.00, -0.00 	13,20,31,145		10.81,1.92	1000,1 	0
3544    	31.75, -19.17, -7.54 	6.08, 7.81, -6.78 	0.00, -0.00 	13,20,31,154		3.73,1.07	1000,1 	0
3553    	31.82, -19.14, -7.56 	6.07, 7.82, -6.78 	0.00, -0.00 	13,20,31,164		6.79,1.32	1000,1 	0
3563    	31.86, -19.15, -7.56 	6.06, 7.80, -6.78 	0.00, -0.00 	13,20,31,174		4.00,2.33	1000,1 	0
3571    	31.90, -19.17, -7.57 	6.07, 7.79, -6.77 	0.00, -0.00 	13,20,31,183		4.89,1.61	1000,1 	0
3580    	31.92, -19.18, -7.60 	6.06, 7.79, -6.77 	0.00, -0.00 	13,20,31,193		2.00,0.87	1000,1 	0
3589    	31.88, -19.18, -7.62 	6.05, 7.78, -6.76 	0.00, -0.00 	13,20,31,203		4.28,1.59	1000,1 	0
3597    	31.91, -19.16, -7.63 	6.05, 7.79, -6.76 	0.00, -0.00 	13,20,31,212		3.99,1.19	1000,1 	0
3606    	31.90, -19.12, -7.66 	6.05, 7.79, -6.76 	0.00, -0.00 	13,20,31,222		4.37,0.00	1000,1 	0
3615    	31.91, -19.14, -7.69 	6.04, 7.79, -6.77 	0.00, -0.00 	13,20,31,232		2.60,1.07	1000,1 	0
3623    	31.97, -19.09, -7.71 	6.04, 7.79, -6.77 	0.00, -0.00 	13,20,31,241		9.55,0.00	1000,1 	0
3632    	31.98, -19.08, -7.70 	6.05, 7.79, -6.77 	0.00, -0.00 	13,20,31,251		1.44,0.96	1000,1 	0
3641    	31.95, -19.10, -7.72 	6.07, 7.79, -6.77 	0.00, -0.00 	13,20,31,261		3.99,2.14	1000,1 	0
3649    	31.99, -19.10, -7.72 	6.06, 7.80, -6.77 	0.00, -0.00 	13,20,31,270		4.28,1.61	1000,1 	0
3658    	31.98, -19.09, -7.73 	6.06, 7.80, -6.77 	0.00, -0.00 	13,20,31,280		1.44,0.00	1000,1 	0
3667    	32.01, -19.04, -7.73 	6.07, 7.79, -6.77 	0.00, -0.00 	13,20,31,290		5.15,1.45	1000,1 	0
3676    	32.02, -19.07, -7.75 	6.07, 7.79, -6.77 	0.00, -0.00 	13,20,31,300		2.60,0.00	1000,1 	0
3684    	32.05, -19.04, -7.78 	6.07, 7.79, -6.78 	0.00, -0.00 	13,20,31,309		3.99,0.00	1000,1 	0
3693    	32.06, -19.00, -7.80 	6.05, 7.79, -6.77 	0.00, -0.00 	13,20,31,319		4.37,1.92	1000,1 	0
3702    	32.08, -19.03, -7.82 	6.06, 7.79, -6.77 	0.00, -0.00 	13,20,31,329		4.15,1.07	1000,1 	0
3710    	32.07, -19.01, -7.84 	6.03, 7.79, -6.77 	0.00, -0.00 	13,20,31,338		2.60,3.21	1000,1 	0
3718    	32.16, -19.00, -7.84 	6.04, 7.77, -6.77 	0.00, -0.00 	13,20,31,347		8.74,2.36	1000,1 	0
3728    	32.19, -18.97, -7.85 	6.03, 7.76, -6.77 	0.00, -0.00 	13,20,31,358		4.31,1.43	1000,1 	0
3736    	32.20, -18.94, -7.86 	6.02, 7.77, -6.77 	0.00, -0.00 	13,20,31,367		3.71,1.61	1000,1 	0
3745    	32.21, -18.91, -7.89 	6.02, 7.78, -6.77 	0.00, -0.00 	13,20,31,377		3.34,1.07	1000,1 	0
3754    	32.21, -18.87, -7.93 	6.02, 7.80, -6.76 	0.00, -0.00 	13,20,31,387		3.71,2.38	1000,1 	0
3762    	32.23, -18.90, -7.92 	6.04, 7.80, -6.76 	0.00, -0.00 	13,20,31,396		3.19,2.14	1000,1 	0
3771    	32.22, -18.89, -7.98 	6.02, 7.79, -6.76 	0.00, -0.00 	13,20,31,406		1.44,2.19	1000,1 	0
3780    	32.21, -18.85, -8.05 	6.01, 7.77, -6.76 	0.00, -0.00 	13,20,31,416		3.71,2.59	1000,1 	0
3788    	32.25, -18.76, -8.11 	6.02, 7.77, -6.77 	0.00, -0.00 	13,20,31,425		11.49,1.07	1000,1 	0
3797    	32.37, -18.61, -8.18 	6.02, 7.75, -6.76 	0.00, -0.00 	13,20,31,435		18.88,2.14	1000,1 	0
3806    	32.41, -18.54, -8.21 	6.01, 7.75, -6.75 	0.00, -0.00 	13,20,31,445		8.30,1.07	1000,1 	0
3814    	32.48, -18.44, -8.26 	6.00, 7.74, -6.75 	0.00, -0.00 	13,20,31,454		14.01,1.59	1000,1 	0
3823    	32.56, -18.34, -8.32 	5.99, 7.73, -6.73 	0.00, -0.00 	13,20,31,464		12.93,1.43	1000,1 	0
3832    	32.59, -18.31, -8.35 	5.98, 7.74, -6.75 	0.00, -0.00 	13,20,31,474		3.92,1.32	1000,1 	0
3840    	32.66, -18.29, -8.36 	5.98, 7.73, -6.74 	0.00, -0.00 	13,20,31,483		7.86,1.19	1000,1 	0
3849    	32.60, -18.27, -8.41 	5.99, 7.74, -6.75 	0.00, -0.00 	13,20,31,493		6.16,1.43	1000,1 	0
3858    	32.67, -18.22, -8.42 	5.94, 7.74, -6.75 	0.00, -0.00 	13,20,31,503		7.98,4.81	1000,1 	0
3867    	32.64, -18.18, -8.49 	5.94, 7.74, -6.75 	0.00, -0.00 	13,20,31,513		5.72,0.00	1000,1 	0
3875    	32.67, -18.16, -8.50 	5.98, 7.75, -6.75 	0.00, -0.00 	13,20,31,522		3.99,4.42	1000,1 	0
3884    	32.71, -18.15, -8.53 	5.99, 7.75, -6.75 	0.00, -0.00 	13,20,31,532		4.00,0.96	1000,1 	0
3893    	32.69, -18.20, -8.56 	5.98, 7.77, -6.75 	0.00, -0.00 	13,20,31,542		6.30,2.62	1000,1 	0
3901    	32.74, -18.19, -8.60 	6.00, 7.77, -6.75 	0.00, -0.00 	13,20,31,551		5.48,2.14	1000,1 	0
3910    	32.72, -18.17, -8.60 	6.00, 7.77, -6.75 	0.00, -0.00 	13,20,31,561		2.87,0.00	1000,1 	0
3919    	32.76, -18.15, -8.62 	6.02, 7.78, -6.75 	0.00, -0.00 	13,20,31,571		4.89,2.43	1000,1 	0
3927    	32.72, -18.20, -8.63 	6.01, 7.79, -6.75 	0.00, -0.00 	13,20,31,580		7.31,1.61	1000,1 	0
3936    	32.73, -18.18, -8.64 	6.01, 7.78, -6.75 	0.00, -0.00 	13,20,31,590		2.34,1.07	1000,1 	0
3945    	32.73, -18.18, -8.65 	6.02, 7.79, -6.75 	0.00, -0.00 	13,20,31,600		0.00,1.59	1000,1 	0
3953    	32.73, -18.15, -8.65 	6.02, 7.80, -6.75 	0.00, -0.00 	13,20,31,609		3.55,1.19	0,0 	0
3962    	32.73, -18.14, -8.67 	6.02, 7.80, -6.75 	0.00, -0.00 	13,20,31,619		1.07,0.00	0,0 	0
3971    	32.72, -18.11, -8.69 	6.03, 7.80, -6.75 	0.00, -0.00 	13,20,31,629		3.71,1.07	0,0 	0
3979    	32.70, -18.13, -8.69 	6.03, 7.80, -6.75 	0.00, -0.00 	13,20,31,638		3.19,0.00	0,0 	0
3988    	32.73, -18.11, -8.69 	6.03, 7.80, -6.75 	0.00, -0.00 	13,20,31,648		3.59,0.00	0,0 	0
3997    	32.73, -18.10, -8.69 	6.03, 7.79, -6.75 	0.00, -0.00 	13,20,31,658		1.18,1.19	0,0 	0
4005    	32.75, -18.11, -8.69 	6.03, 7.79, -6.75 	0.00, -0.00 	13,20,31,667		2.45,0.00	0,0 	0
4014    	32.76, -18.07, -8.69 	6.03, 7.79, -6.75 	0.00, -0.00 	13,20,31,677		4.37,0.00	0,0 	0
4023    	32.75, -18.10, -8.68 	6.02, 7.79, -6.75 	0.00, -0.00 	13,20,31,687		3.34,0.96	0,0 	0
4031    	32.73, -18.10, -8.68 	6.02, 7.78, -6.75 	0.00, -0.00 	13,20,31,696		2.14,1.19	0,0 	0
4040    	32.70, -18.15, -8.68 	6.01, 7.79, -6.75 	0.00, -0.00 	13,20,31,706		6.06,1.45	0,0 	0
4049    	32.72, -18.13, -8.68 	6.02, 7.78, -6.75 	0.00, -0.00 	13,20,31,716		2.87,1.45	0,0 	0
4058    	32.71, -18.12, -8.71 	6.02, 7.78, -6.75 	0.00, -0.00 	13,20,31,726		1.60,0.00	0,0 	0
4066    	32.74, -18.10, -8.71 	6.00, 7.79, -6.76 	0.00, -0.00 	13,20,31,735		3.99,2.46	0,0 	0
4075    	32.74, -18.08, -8.72 	6.03, 7.78, -6.75 	0.00, -0.00 	13,20,31,745		2.13,3.09	0,0 	0
4084    	32.76, -18.05, -8.72 	6.02, 7.78, -6.75 	0.00, -0.00 	13,20,31,755		3.19,1.07	0,0 	0
4092    	32.75, -18.02, -8.72 	6.01, 7.76, -6.74 	0.00, -0.00 	13,20,31,764		3.71,2.59	0,0 	0
4100    	32.76, -18.02, -8.71 	5.98, 7.73, -6.73 	0.00, -0.00 	13,20,31,773		0.96,4.28	0,0 	0
4110    	32.76, -18.07, -8.72 	5.95, 7.70, -6.72 	0.00, -0.00 	13,20,31,784		4.37,3.57	0,0 	0
4118    	32.76, -18.02, -8.72 	5.88, 7.64, -6.71 	0.00, -0.00 	13,20,31,793		4.74,10.26	0,0 	0
4127    	32.77, -18.00, -8.75 	5.85, 7.60, -6.69 	0.00, -0.00 	13,20,31,803		2.13,5.71	0,0 	0
4136    	32.77, -18.00, -8.76 	5.80, 7.52, -6.69 	0.00, -0.00 	13,20,31,813		1.07,9.82	0,0 	0
4144    	32.81, -17.95, -8.77 	5.75, 7.41, -6.68 	0.00, -0.00 	13,20,31,822		7.31,14.04	0,0 	0
4153    	32.78, -17.97, -8.78 	5.69, 7.26, -6.66 	0.00, -0.00 	13,20,31,832		3.59,15.96	0,0 	0
4162    	32.86, -17.94, -8.82 	5.63, 7.01, -6.62 	0.00, -0.00 	13,20,31,842		9.27,28.22	0,0 	0
4170    	32.90, -17.89, -8.85 	5.53, 6.69, -6.59 	0.00, -0.00 	13,20,31,851		6.39,37.05	0,0 	0
4179    	32.92, -17.83, -8.88 	5.42, 6.27, -6.52 	0.00, -0.00 	13,20,31,861		6.68,44.13	0,0 	0
4188    	32.97, -17.86, -8.91 	5.37, 6.01, -6.50 	0.00, -0.00 	13,20,31,871		6.42,29.13	0,0 	0
4196    	32.97, -17.87, -8.92 	5.26, 5.74, -6.49 	0.00, -0.00 	13,20,31,880		1.18,31.78	0,0 	0
4205    	32.90, -17.93, -9.00 	5.14, 5.39, -6.50 	0.00, -0.00 	13,20,31,890		8.60,37.26	0,0 	0
4214    	32.89, -17.92, -9.08 	5.07, 5.10, -6.49 	0.00, -0.00 	13,20,31,900		1.44,29.54	0,0 	0
4222    	32.84, -17.84, -9.18 	5.06, 4.86, -6.52 	0.00, -0.00 	13,20,31,909		9.86,27.37	0,0 	0
4231    	32.87, -17.69, -9.30 	5.07, 4.62, -6.55 	0.00, -0.00 	13,20,31,919		15.20,23.56	0,0 	0
4240    	32.89, -17.56, -9.37 	5.03, 4.43, -6.62 	0.00, -0.00 	13,20,31,929		12.93,19.57	0,0 	0
4249    	32.86, -17.52, -9.46 	5.02, 4.23, -6.68 	0.00, -0.00 	13,20,31,939		5.72,22.58	0,0 	0
4257    	32.99, -17.37, -9.56 	4.96, 3.96, -6.72 	0.00, -0.00 	13,20,31,948		21.65,30.52	0,0 	0
4266    	33.04, -17.23, -9.60 	4.83, 3.76, -6.74 	0.00, -0.00 	13,20,31,957		14.67,23.70	0,0 	0
4275    	33.02, -17.10, -9.66 	4.66, 3.57, -6.75 	0.00, -0.00 	13,20,31,967		15.54,28.55	0,0 	0
4283    	32.99, -16.98, -9.72 	4.46, 3.45, -6.79 	0.00, -0.00 	13,20,31,976		13.41,25.81	0,0 	0
4291    	32.95, -16.86, -9.79 	4.37, 3.38, -6.86 	0.00, -0.00 	13,20,31,986		12.33,11.36	0,0 	0
4301    	32.93, -16.70, -9.87 	4.26, 3.29, -6.91 	0.00, -0.00 	13,20,31,996		16.10,14.27	0,0 	0
4309    	32.89, -16.48, -9.97 	4.19, 3.28, -7.00 	0.00, -0.00 	13,20,32,5		25.22,7.56	0,0 	0
4318    	32.83, -16.30, -10.05 	4.05, 3.22, -7.08 	0.00, -0.00 	13,20,32,15		19.01,15.71	0,0 	0
4327    	32.74, -16.13, -10.14 	3.91, 3.20, -7.15 	0.00, -0.00 	13,20,32,25		21.75,15.12	0,0 	0
4335    	32.81, -15.90, -10.22 	3.82, 3.17, -7.23 	0.00, -0.00 	13,20,32,34		25.97,11.22	0,0 	0
4344    	32.82, -15.70, -10.29 	3.66, 3.12, -7.31 	0.00, -0.00 	13,20,32,44		20.27,16.22	0,0 	0
4353    	32.85, -15.59, -10.28 	3.42, 3.00, -7.32 	0.00, -0.00 	13,20,32,54		12.59,29.58	0,0 	0
4361    	32.80, -15.49, -10.34 	3.16, 2.89, -7.33 	0.00, -0.00 	13,20,32,63		13.46,31.05	0,0 	0
4370    	32.75, -15.42, -10.35 	2.93, 2.82, -7.37 	0.00, -0.00 	13,20,32,73		8.00,24.17	0,0 	0
4379    	32.72, -15.39, -10.36 	2.82, 2.82, -7.42 	0.00, -0.00 	13,20,32,83		4.79,12.83	0,0 	0
4387    	32.62, -15.38, -10.36 	2.67, 2.85, -7.47 	0.00, -0.00 	13,20,32,92		10.77,16.25	0,0 	0
4396    	32.46, -15.35, -10.39 	2.54, 2.84, -7.48 	0.00, -0.00 	13,20,32,102		16.68,13.50	0,0 	0
4405    	32.36, -15.23, -10.40 	2.46, 2.89, -7.53 	0.00, -0.00 	13,20,32,112		15.17,9.44	0,0 	0
4413    	32.26, -15.02, -10.41 	2.42, 2.89, -7.56 	0.00, -0.00 	13,20,32,121		26.44,4.28	0,0 	0
4422    	32.23, -14.78, -10.44 	2.35, 2.92, -7.59 	0.00, -0.00 	13,20,32,131		23.62,8.39	0,0 	0
4431    	32.20, -14.60, -10.46 	2.28, 2.93, -7.61 	0.00, -0.00 	13,20,32,141		18.34,6.84	0,0 	0
4440    	32.15, -14.48, -10.45 	2.12, 2.90, -7.62 	0.00, -0.00 	13,20,32,151		14.08,18.47	0,0 	0
4448    	32.14, -14.43, -10.42 	2.02, 2.88, -7.64 	0.00, -0.00 	13,20,32,160		6.01,10.92	0,0 	0
4458    	32.04, -14.44, -10.41 	1.94, 2.88, -7.67 	0.00, -0.00 	13,20,32,171		10.65,7.70	0,0 	0
4467    	32.00, -14.39, -10.38 	1.76, 2.87, -7.69 	0.00, -0.00 	13,20,32,181		8.22,22.88	0,0 	0
4475    	31.93, -14.31, -10.34 	1.66, 2.86, -7.71 	0.00, -0.00 	13,20,32,189		10.05,9.67	0,0 	0
4483    	31.85, -14.28, -10.32 	1.52, 2.83, -7.73 	0.00, -0.00 	13,20,32,198		8.34,14.74	0,0 	0
4493    	31.77, -14.17, -10.32 	1.39, 2.79, -7.76 	0.00, -0.00 	13,20,32,209		14.57,14.07	0,0 	0
4501    	31.75, -14.01, -10.33 	1.27, 2.75, -7.77 	0.00, -0.00 	13,20,32,218		17.88,13.62	0,0 	0
4510    	31.71, -13.80, -10.35 	1.13, 2.67, -7.78 	0.00, -0.00 	13,20,32,228		20.60,16.67	0,0 	0
4519    	31.71, -13.64, -10.34 	1.00, 2.59, -7.80 	0.00, -0.00 	13,20,32,238		17.76,16.09	0,0 	0
4527    	31.73, -13.52, -10.33 	0.89, 2.49, -7.79 	0.00, -0.00 	13,20,32,247		14.37,17.35	0,0 	0
4536    	31.67, -13.56, -10.30 	0.71, 2.32, -7.75 	0.00, -0.00 	13,20,32,257		7.18,24.16	0,0 	0
4545    	31.60, -13.57, -10.26 	0.55, 2.14, -7.69 	0.00, -0.00 	13,20,32,267		7.59,26.97	0,0 	0
4553    	31.56, -13.58, -10.20 	0.41, 1.93, -7.65 	0.00, -0.00 	13,20,32,276		5.48,27.49	0,0 	0
4562    	31.51, -13.59, -10.16 	0.24, 1.73, -7.62 	0.00, -0.00 	13,20,32,286		4.93,26.50	0,0 	0
4571    	31.42, -13.54, -10.12 	0.07, 1.58, -7.60 	0.00, -0.00 	13,20,32,296		10.17,22.72	0,0 	0
4579    	31.38, -13.48, -10.09 	-0.08, 1.45, -7.58 	0.00, -0.00 	13,20,32,305		7.30,22.10	0,0 	0
4588    	31.23, -13.44, -10.06 	-0.20, 1.28, -7.57 	0.00, -0.00 	13,20,32,315		15.99,21.04	0,0 	0
