#Time 	Sensor1         Sensor2         Target          Time            Vel             
#================================================================

14      	30.45, -13.02, -8.10 	-0.49, 0.95, -6.66 	-19.28, 22.98 	13,22,25,420		0.00,0.00	0,0 	0
22      	30.49, -13.01, -8.10 	-0.50, 0.96, -6.66 	-19.28, 22.98 	13,22,25,430		5.00,1.81	0,0 	0
31      	30.49, -13.02, -8.12 	-0.51, 0.97, -6.66 	-19.28, 22.98 	13,22,25,440		1.18,1.61	0,0 	0
39      	30.51, -13.01, -8.12 	-0.51, 0.94, -6.67 	-19.28, 22.98 	13,22,25,449		2.75,4.01	0,0 	0
48      	30.53, -13.00, -8.12 	-0.52, 0.96, -6.68 	-19.28, 22.98 	13,22,25,459		2.45,2.62	0,0 	0
57      	30.51, -13.02, -8.12 	-0.52, 0.96, -6.68 	-19.28, 22.98 	13,22,25,468		3.19,0.00	0,0 	0
65      	30.53, -13.01, -8.10 	-0.52, 0.97, -6.67 	-19.28, 22.98 	13,22,25,478		2.75,1.34	0,0 	0
74      	30.51, -13.03, -8.11 	-0.51, 0.96, -6.67 	-19.28, 22.98 	13,22,25,488		3.19,1.61	0,0 	0
84      	30.51, -13.05, -8.11 	-0.52, 0.95, -6.66 	-19.28, 22.98 	13,22,25,498		1.07,1.43	0,0 	0
91      	30.53, -13.03, -8.11 	-0.53, 0.97, -6.67 	-19.28, 22.98 	13,22,25,507		3.15,3.37	0,0 	0
100     	30.52, -13.03, -8.10 	-0.52, 0.95, -6.67 	-19.28, 22.98 	13,22,25,516		1.07,2.62	0,0 	0
109     	30.52, -13.05, -8.11 	-0.52, 0.97, -6.68 	-19.28, 22.98 	13,22,25,527		1.18,2.38	0,0 	0
117     	30.54, -13.06, -8.11 	-0.52, 0.96, -6.66 	-19.28, 22.98 	13,22,25,535		2.75,1.34	0,0 	0
126     	30.53, -13.03, -8.10 	-0.53, 0.94, -6.66 	-19.28, 22.98 	13,22,25,545		2.60,2.59	0,0 	0
135     	30.54, -13.02, -8.10 	-0.49, 0.95, -6.68 	-19.28, 22.98 	13,22,25,555		1.60,4.42	0,0 	0
144     	30.57, -13.02, -8.09 	-0.50, 0.96, -6.68 	-19.28, 22.98 	13,22,25,565		3.21,1.61	0,0 	0
152     	30.53, -13.05, -8.09 	-0.50, 0.95, -6.67 	-19.28, 22.98 	13,22,25,574		5.51,1.34	0,0 	0
161     	30.54, -13.06, -8.09 	-0.51, 0.97, -6.68 	-19.28, 22.98 	13,22,25,584		1.60,2.62	0,0 	0
170     	30.55, -13.08, -8.08 	-0.51, 0.96, -6.67 	-19.28, 22.98 	13,22,25,594		2.60,1.19	0,0 	0
178     	30.55, -13.09, -8.07 	-0.51, 0.96, -6.68 	-19.28, 22.98 	13,22,25,603		1.33,0.00	0,0 	0
187     	30.55, -13.11, -8.07 	-0.52, 0.96, -6.68 	-19.28, 22.98 	13,22,25,613		2.37,1.07	0,0 	0
196     	30.55, -13.10, -8.07 	-0.49, 0.97, -6.68 	-19.28, 22.98 	13,22,25,623		1.18,3.40	0,0 	0
204     	30.55, -13.10, -8.06 	-0.52, 0.97, -6.68 	-19.28, 22.98 	13,22,25,632		0.00,3.61	0,0 	0
213     	30.53, -13.12, -8.06 	-0.50, 0.98, -6.68 	-19.28, 22.98 	13,22,25,642		3.19,2.43	0,0 	0
222     	30.57, -13.09, -8.08 	-0.52, 0.98, -6.67 	-19.28, 22.98 	13,22,25,652		5.56,2.14	0,0 	0
230     	30.56, -13.10, -8.08 	-0.52, 0.98, -6.67 	-19.28, 22.98 	13,22,25,661		1.80,0.00	0,0 	0
239     	30.54, -13.12, -8.09 	-0.51, 0.99, -6.66 	-19.28, 22.98 	13,22,25,671		3.19,1.59	0,0 	0
248     	30.56, -13.10, -8.08 	-0.46, 1.01, -6.67 	-19.28, 22.98 	13,22,25,681		3.19,5.82	0,0 	0
256     	30.57, -13.09, -8.08 	-0.47, 1.00, -6.67 	-19.28, 22.98 	13,22,25,690		2.75,1.78	0,0 	0
265     	30.56, -13.10, -8.09 	-0.49, 1.02, -6.66 	-19.28, 22.98 	13,22,25,700		2.45,3.22	0,0 	0
274     	30.55, -13.10, -8.09 	-0.49, 1.01, -6.68 	-19.28, 22.98 	13,22,25,710		1.07,1.19	0,0 	0
282     	30.55, -13.09, -8.09 	-0.50, 1.01, -6.68 	-19.28, 22.98 	13,22,25,719		1.33,1.20	0,0 	0
291     	30.57, -13.09, -8.08 	-0.51, 1.02, -6.67 	-19.28, 22.98 	13,22,25,729		2.14,1.61	0,0 	0
300     	30.57, -13.08, -8.09 	-0.51, 1.02, -6.67 	-19.28, 22.98 	13,22,25,739		1.60,0.00	0,0 	0
308     	30.57, -13.08, -8.09 	-0.50, 1.04, -6.68 	-19.28, 22.98 	13,22,25,748		1.20,2.91	0,0 	0
317     	30.60, -13.09, -8.08 	-0.52, 1.04, -6.68 	-19.28, 22.98 	13,22,25,758		4.44,2.14	0,0 	0
326     	30.60, -13.10, -8.08 	-0.48, 1.05, -6.69 	-19.28, 22.98 	13,22,25,768		1.18,4.42	0,0 	0
335     	30.60, -13.10, -8.07 	-0.48, 1.05, -6.69 	-19.28, 22.98 	13,22,25,778		0.00,0.00	0,0 	0
343     	30.58, -13.11, -8.08 	-0.48, 1.04, -6.68 	-19.28, 22.98 	13,22,25,787		2.75,1.34	0,0 	0
352     	30.57, -13.11, -8.08 	-0.48, 1.03, -6.68 	-19.28, 22.98 	13,22,25,797		2.14,1.19	0,0 	0
361     	30.55, -13.13, -8.08 	-0.48, 1.03, -6.68 	-19.28, 22.98 	13,22,25,807		3.19,0.00	0,0 	0
369     	30.55, -13.12, -8.08 	-0.48, 1.03, -6.70 	-19.28, 22.98 	13,22,25,816		1.33,0.00	0,0 	0
378     	30.55, -13.11, -8.07 	-0.48, 1.03, -6.70 	-19.28, 22.98 	13,22,25,826		1.18,0.00	0,0 	0
387     	30.55, -13.09, -8.08 	-0.49, 1.02, -6.70 	-19.28, 22.98 	13,22,25,836		2.37,1.59	0,0 	0
395     	30.57, -13.10, -8.08 	-0.50, 1.03, -6.71 	-19.28, 22.98 	13,22,25,845		2.75,1.81	0,0 	0
404     	30.58, -13.10, -8.08 	-0.49, 1.05, -6.70 	-19.28, 22.98 	13,22,25,855		2.14,2.59	0,0 	0
413     	30.57, -13.11, -8.07 	-0.46, 1.02, -6.69 	-19.28, 22.98 	13,22,25,865		2.45,4.83	0,0 	0
421     	30.57, -13.13, -8.07 	-0.46, 1.02, -6.69 	-19.28, 22.98 	13,22,25,874		2.92,0.00	0,0 	0
430     	30.57, -13.14, -8.08 	-0.48, 1.02, -6.68 	-19.28, 22.98 	13,22,25,884		1.18,2.14	0,0 	0
439     	30.58, -13.16, -8.07 	-0.48, 1.05, -6.70 	-19.28, 22.98 	13,22,25,894		2.60,3.56	0,0 	0
447     	30.58, -13.16, -8.07 	-0.47, 1.05, -6.70 	-19.28, 22.98 	13,22,25,903		0.00,1.20	0,0 	0
456     	30.56, -13.15, -8.06 	-0.48, 1.03, -6.69 	-19.28, 22.98 	13,22,25,913		3.42,2.59	0,0 	0
465     	30.56, -13.17, -8.06 	-0.49, 1.04, -6.69 	-19.28, 22.98 	13,22,25,923		2.37,1.61	0,0 	0
473     	30.56, -13.19, -8.06 	-0.49, 1.05, -6.71 	-19.28, 22.98 	13,22,25,932		2.92,1.34	0,0 	0
482     	30.56, -13.19, -8.06 	-0.49, 1.05, -6.69 	-19.28, 22.98 	13,22,25,942		0.00,0.00	0,0 	0
491     	30.58, -13.19, -8.06 	-0.49, 1.05, -6.69 	-19.28, 22.98 	13,22,25,952		2.14,0.00	0,0 	0
500     	30.61, -13.17, -8.06 	-0.50, 1.05, -6.69 	-19.28, 22.98 	13,22,25,962		3.99,1.07	0,0 	0
508     	30.61, -13.17, -8.06 	-0.50, 1.06, -6.69 	-19.28, 22.98 	13,22,25,971		0.00,1.34	0,0 	0
517     	30.61, -13.17, -8.06 	-0.50, 1.06, -6.69 	-19.28, 22.98 	13,22,25,981		0.00,0.00	0,0 	0
526     	30.61, -13.18, -8.06 	-0.50, 1.08, -6.69 	-19.28, 22.98 	13,22,25,991		1.18,1.19	0,0 	0
534     	30.62, -13.16, -8.06 	-0.51, 1.08, -6.69 	-19.28, 22.98 	13,22,26,0		2.92,1.20	0,0 	0
543     	30.63, -13.17, -8.06 	-0.51, 1.06, -6.68 	-19.28, 22.98 	13,22,26,10		1.60,1.19	0,0 	0
552     	30.62, -13.16, -8.08 	-0.53, 1.04, -6.68 	-19.28, 22.98 	13,22,26,20		1.60,3.17	0,0 	0
560     	30.62, -13.17, -8.07 	-0.53, 1.04, -6.68 	-19.28, 22.98 	13,22,26,29		1.33,0.00	0,0 	0
569     	30.62, -13.17, -8.07 	-0.53, 1.05, -6.68 	-19.28, 22.98 	13,22,26,39		0.00,1.19	0,0 	0
578     	30.64, -13.16, -8.06 	-0.52, 1.05, -6.68 	-19.28, 22.98 	13,22,26,49		2.45,1.07	0,0 	0
586     	30.66, -13.16, -8.06 	-0.53, 1.07, -6.68 	-19.28, 22.98 	13,22,26,58		2.41,1.81	0,0 	0
595     	30.67, -13.17, -8.06 	-0.55, 1.08, -6.68 	-19.28, 22.98 	13,22,26,68		1.60,2.46	0,0 	0
604     	30.67, -13.18, -8.06 	-0.55, 1.10, -6.68 	-19.28, 22.98 	13,22,26,78		1.18,2.38	0,0 	0
612     	30.67, -13.19, -8.04 	-0.55, 1.09, -6.68 	-19.28, 22.98 	13,22,26,87		1.33,1.34	0,0 	0
621     	30.68, -13.22, -8.04 	-0.55, 1.09, -6.68 	-19.28, 22.98 	13,22,26,97		2.60,0.00	0,0 	0
630     	30.66, -13.22, -8.04 	-0.54, 1.10, -6.67 	-19.28, 22.98 	13,22,26,107		2.14,1.59	0,0 	0
638     	30.64, -13.23, -8.03 	-0.55, 1.08, -6.66 	-19.28, 22.98 	13,22,26,116		2.75,2.91	0,0 	0
647     	30.63, -13.22, -8.04 	-0.55, 1.08, -6.66 	-19.28, 22.98 	13,22,26,126		1.60,0.00	0,0 	0
656     	30.63, -13.23, -8.04 	-0.55, 1.09, -6.66 	-19.28, 22.98 	13,22,26,136		1.18,1.19	0,0 	0
664     	30.62, -13.22, -8.03 	-0.52, 1.10, -6.68 	-19.28, 22.98 	13,22,26,145		1.79,3.83	0,0 	0
673     	30.64, -13.19, -8.05 	-0.52, 1.10, -6.68 	-19.28, 22.98 	13,22,26,155		3.19,0.00	0,0 	0
682     	30.62, -13.22, -8.04 	-0.52, 1.10, -6.68 	-19.28, 22.98 	13,22,26,165		3.19,0.00	0,0 	0
691     	30.64, -13.22, -8.04 	-0.53, 1.10, -6.68 	-19.28, 22.98 	13,22,26,175		2.14,1.07	0,0 	0
699     	30.65, -13.22, -8.03 	-0.53, 1.10, -6.68 	-19.28, 22.98 	13,22,26,184		1.20,0.00	0,0 	0
708     	30.64, -13.21, -8.02 	-0.54, 1.10, -6.67 	-19.28, 22.98 	13,22,26,194		1.60,1.07	0,0 	0
717     	30.66, -13.18, -8.03 	-0.58, 1.09, -6.68 	-19.28, 22.98 	13,22,26,204		3.19,4.42	0,0 	0
725     	30.66, -13.21, -8.03 	-0.57, 1.08, -6.67 	-19.28, 22.98 	13,22,26,213		2.66,1.81	0,0 	0
734     	30.66, -13.21, -8.03 	-0.58, 1.10, -6.67 	-19.28, 22.98 	13,22,26,223		0.00,2.62	0,0 	0
743     	30.65, -13.21, -8.05 	-0.58, 1.08, -6.67 	-19.28, 22.98 	13,22,26,233		1.07,2.38	0,0 	0
751     	30.66, -13.22, -8.03 	-0.59, 1.09, -6.66 	-19.28, 22.98 	13,22,26,242		1.79,1.81	0,0 	0
760     	30.65, -13.19, -8.03 	-0.60, 1.10, -6.66 	-19.28, 22.98 	13,22,26,252		2.60,1.61	0,0 	0
769     	30.69, -13.18, -8.05 	-0.60, 1.10, -6.66 	-19.28, 22.98 	13,22,26,262		4.44,0.00	0,0 	0
777     	30.69, -13.19, -8.05 	-0.58, 1.08, -6.65 	-19.28, 22.98 	13,22,26,271		1.33,3.62	0,0 	0
786     	30.69, -13.19, -8.06 	-0.58, 1.08, -6.65 	-19.28, 22.98 	13,22,26,281		0.00,0.00	0,0 	0
795     	30.66, -13.22, -8.04 	-0.58, 1.08, -6.65 	-19.28, 22.98 	13,22,26,291		3.99,0.00	0,0 	0
803     	30.66, -13.24, -8.04 	-0.58, 1.05, -6.66 	-19.28, 22.98 	13,22,26,300		2.66,2.67	0,0 	0
812     	30.64, -13.22, -8.04 	-0.58, 1.05, -6.66 	-19.28, 22.98 	13,22,26,310		3.19,0.00	0,0 	0
821     	30.63, -13.19, -8.04 	-0.58, 1.07, -6.67 	-19.28, 22.98 	13,22,26,320		2.60,1.19	0,0 	0
829     	30.65, -13.18, -8.04 	-0.58, 1.07, -6.67 	-19.28, 22.98 	13,22,26,329		2.75,0.00	0,0 	0
838     	30.65, -13.18, -8.04 	-0.54, 1.07, -6.67 	-19.28, 22.98 	13,22,26,339		0.00,4.28	0,0 	0
848     	30.64, -13.17, -8.05 	-0.56, 1.09, -6.68 	-19.28, 22.98 	13,22,26,350		1.44,2.90	0,0 	0
855     	30.62, -13.21, -8.04 	-0.56, 1.09, -6.68 	-19.28, 22.98 	13,22,26,358		5.33,0.00	0,0 	0
864     	30.64, -13.18, -8.04 	-0.56, 1.09, -6.68 	-19.28, 22.98 	13,22,26,368		3.19,0.00	0,0 	0
873     	30.64, -13.18, -8.04 	-0.56, 1.09, -6.66 	-19.28, 22.98 	13,22,26,378		0.00,0.00	0,0 	0
882     	30.62, -13.23, -8.04 	-0.56, 1.09, -6.66 	-19.28, 22.98 	13,22,26,388		5.20,0.00	0,0 	0
890     	30.63, -13.23, -8.04 	-0.56, 1.09, -6.66 	-19.28, 22.98 	13,22,26,397		1.20,0.00	0,0 	0
899     	30.62, -13.23, -8.04 	-0.59, 1.08, -6.66 	-19.28, 22.98 	13,22,26,407		1.07,4.42	0,0 	0
908     	30.65, -13.24, -8.03 	-0.59, 1.08, -6.67 	-19.28, 22.98 	13,22,26,417		3.42,1.07	0,0 	0
916     	30.65, -13.25, -8.02 	-0.59, 1.10, -6.67 	-19.28, 22.98 	13,22,26,426		1.33,2.67	0,0 	0
925     	30.64, -13.24, -8.02 	-0.60, 1.11, -6.67 	-19.28, 22.98 	13,22,26,436		1.60,1.61	0,0 	0
934     	30.64, -13.24, -8.03 	-0.60, 1.11, -6.67 	-19.28, 22.98 	13,22,26,446		0.00,0.00	0,0 	0
942     	30.64, -13.24, -8.03 	-0.60, 1.11, -6.67 	-19.28, 22.98 	13,22,26,455		0.00,0.00	0,0 	0
951     	30.64, -13.22, -8.03 	-0.59, 1.09, -6.67 	-19.28, 22.98 	13,22,26,465		2.37,2.62	0,0 	0
960     	30.67, -13.22, -8.03 	-0.59, 1.09, -6.66 	-19.28, 22.98 	13,22,26,475		3.21,1.07	0,0 	0
968     	30.65, -13.23, -8.03 	-0.60, 1.10, -6.65 	-19.28, 22.98 	13,22,26,484		2.75,1.34	0,0 	0
977     	30.63, -13.23, -8.03 	-0.60, 1.10, -6.66 	-19.28, 22.98 	13,22,26,494		2.14,0.00	0,0 	0
986     	30.62, -13.23, -8.03 	-0.59, 1.11, -6.66 	-19.28, 22.98 	13,22,26,504		1.07,1.59	0,0 	0
994     	30.63, -13.23, -8.03 	-0.60, 1.11, -6.67 	-19.28, 22.98 	13,22,26,513		1.20,1.20	0,0 	0
1003    	30.62, -13.23, -8.03 	-0.60, 1.11, -6.67 	-19.28, 22.98 	13,22,26,523		1.07,0.00	1000,1 	0
1012    	30.63, -13.23, -8.03 	-0.60, 1.10, -6.66 	-19.28, 22.98 	13,22,26,533		1.07,1.19	1000,1 	0
1020    	30.61, -13.22, -8.03 	-0.58, 1.11, -6.67 	-19.28, 22.98 	13,22,26,542		2.75,2.73	1000,1 	0
1029    	30.66, -13.21, -8.03 	-0.58, 1.11, -6.67 	-19.28, 22.98 	13,22,26,552		5.48,0.00	1000,1 	0
1039    	30.63, -13.22, -8.03 	-0.60, 1.11, -6.67 	-19.28, 22.98 	13,22,26,563		3.08,1.92	1000,1 	0
1047    	30.65, -13.21, -8.02 	-0.60, 1.12, -6.68 	-19.28, 22.98 	13,22,26,572		2.75,1.34	1000,1 	0
1055    	30.65, -13.18, -8.02 	-0.60, 1.11, -6.67 	-19.28, 22.98 	13,22,26,581		2.66,1.34	1000,1 	0
1064    	30.65, -13.18, -8.02 	-0.60, 1.11, -6.67 	-19.28, 22.98 	13,22,26,591		0.00,0.00	1000,1 	0
1073    	30.63, -13.16, -8.05 	-0.60, 1.12, -6.67 	-19.28, 22.98 	13,22,26,601		3.19,1.61	1000,1 	0
1081    	30.61, -13.15, -8.05 	-0.60, 1.12, -6.67 	-19.28, 22.98 	13,22,26,610		2.75,1.20	1000,1 	0
1090    	30.63, -13.19, -8.04 	-0.60, 1.11, -6.67 	-19.28, 22.98 	13,22,26,620		5.20,1.19	1000,1 	0
1099    	30.63, -13.21, -8.04 	-0.60, 1.12, -6.66 	-19.28, 22.98 	13,22,26,630		1.18,1.61	1000,1 	0
1107    	30.64, -13.21, -8.03 	-0.60, 1.14, -6.68 	-19.28, 22.98 	13,22,26,639		1.20,2.67	1000,1 	0
1116    	30.61, -13.21, -8.04 	-0.61, 1.16, -6.67 	-19.28, 22.98 	13,22,26,649		3.21,2.38	1000,1 	0
1125    	30.61, -13.22, -8.04 	-0.60, 1.16, -6.67 	-19.28, 22.98 	13,22,26,659		1.18,1.07	1000,1 	0
1133    	30.61, -13.22, -8.04 	-0.60, 1.16, -6.69 	-19.28, 22.98 	13,22,26,668		0.00,0.00	1000,1 	0
1142    	30.62, -13.21, -8.04 	-0.60, 1.16, -6.69 	-19.28, 22.98 	13,22,26,678		1.60,0.00	1000,1 	0
1151    	30.59, -13.21, -8.06 	-0.60, 1.17, -6.68 	-19.28, 22.98 	13,22,26,688		3.21,1.19	1000,1 	0
1159    	30.60, -13.22, -8.06 	-0.63, 1.17, -6.68 	-19.28, 22.98 	13,22,26,697		1.79,4.81	1000,1 	0
1168    	30.58, -13.24, -8.06 	-0.63, 1.18, -6.68 	-19.28, 22.98 	13,22,26,707		3.19,1.19	1000,1 	0
1177    	30.58, -13.24, -8.06 	-0.63, 1.18, -6.68 	-19.28, 22.98 	13,22,26,717		0.00,0.00	1000,1 	0
1185    	30.56, -13.24, -8.06 	-0.63, 1.18, -6.68 	-19.28, 22.98 	13,22,26,726		2.41,0.00	1000,1 	0
1194    	30.56, -13.24, -8.05 	-0.66, 1.17, -6.69 	-19.28, 22.98 	13,22,26,736		1.07,3.40	1000,1 	0
1203    	30.55, -13.23, -8.04 	-0.68, 1.19, -6.68 	-19.28, 22.98 	13,22,26,746		1.60,3.22	1000,1 	0
1211    	30.55, -13.25, -8.05 	-0.67, 1.22, -6.69 	-19.28, 22.98 	13,22,26,755		2.66,2.91	1000,1 	0
1220    	30.55, -13.25, -8.05 	-0.66, 1.21, -6.68 	-19.28, 22.98 	13,22,26,765		0.00,1.61	1000,1 	0
1230    	30.54, -13.25, -8.04 	-0.69, 1.23, -6.68 	-19.28, 22.98 	13,22,26,776		0.96,3.62	1000,1 	0
1238    	30.52, -13.25, -8.04 	-0.69, 1.23, -6.68 	-19.28, 22.98 	13,22,26,785		2.41,0.00	1000,1 	0
1246    	30.50, -13.25, -8.05 	-0.67, 1.22, -6.67 	-19.28, 22.98 	13,22,26,794		2.41,2.77	1000,1 	0
1256    	30.50, -13.25, -8.04 	-0.69, 1.25, -6.68 	-19.28, 22.98 	13,22,26,805		0.00,3.77	1000,1 	0
1264    	30.50, -13.25, -8.04 	-0.74, 1.23, -6.66 	-19.28, 22.98 	13,22,26,814		0.00,6.54	1000,1 	0
1272    	30.50, -13.24, -8.05 	-0.74, 1.24, -6.66 	-19.28, 22.98 	13,22,26,823		1.33,1.34	1000,1 	0
1281    	30.50, -13.26, -8.05 	-0.73, 1.27, -6.67 	-19.28, 22.98 	13,22,26,833		2.37,3.71	1000,1 	0
1290    	30.49, -13.24, -8.04 	-0.77, 1.29, -6.68 	-19.28, 22.98 	13,22,26,843		2.60,4.92	1000,1 	0
1298    	30.47, -13.26, -8.04 	-0.81, 1.30, -6.67 	-19.28, 22.98 	13,22,26,852		3.59,5.01	1000,1 	0
1307    	30.48, -13.21, -8.05 	-0.84, 1.32, -6.67 	-19.28, 22.98 	13,22,26,862		6.02,4.02	1000,1 	0
1316    	30.45, -13.22, -8.04 	-0.82, 1.32, -6.67 	-19.28, 22.98 	13,22,26,872		3.42,2.14	1000,1 	0
1324    	30.43, -13.23, -8.06 	-0.85, 1.32, -6.67 	-19.28, 22.98 	13,22,26,881		2.75,3.61	1000,1 	0
1333    	30.41, -13.23, -8.05 	-0.86, 1.36, -6.67 	-19.28, 22.98 	13,22,26,891		2.14,3.74	1000,1 	0
1342    	30.41, -13.23, -8.06 	-0.91, 1.34, -6.66 	-19.28, 22.98 	13,22,26,901		0.00,6.81	1000,1 	0
1350    	30.37, -13.25, -8.06 	-0.91, 1.37, -6.64 	-19.28, 22.98 	13,22,26,910		5.51,4.01	1000,1 	0
1359    	30.31, -13.25, -8.06 	-0.92, 1.37, -6.63 	-19.28, 22.98 	13,22,26,920		6.42,1.07	1000,1 	0
1368    	30.32, -13.18, -8.07 	-0.96, 1.42, -6.66 	-19.28, 22.98 	13,22,26,930		7.18,7.37	1000,1 	0
1376    	30.31, -13.19, -8.06 	-0.95, 1.42, -6.64 	-19.28, 22.98 	13,22,26,939		1.80,1.20	1000,1 	0
1385    	30.26, -13.17, -8.08 	-0.99, 1.42, -6.64 	-19.28, 22.98 	13,22,26,949		6.84,4.28	1000,1 	0
1394    	30.27, -13.11, -8.09 	-1.03, 1.44, -6.65 	-19.28, 22.98 	13,22,26,959		7.18,4.92	1000,1 	0
1402    	30.28, -13.03, -8.10 	-1.07, 1.45, -6.64 	-19.28, 22.98 	13,22,26,968		9.40,5.01	1000,1 	0
1411    	30.27, -13.03, -8.09 	-1.10, 1.48, -6.64 	-19.28, 22.98 	13,22,26,978		1.07,4.02	1000,1 	0
1421    	30.22, -13.01, -8.10 	-1.12, 1.49, -6.65 	-19.28, 22.98 	13,22,26,989		5.27,2.22	1000,1 	0
1429    	30.19, -12.98, -8.08 	-1.13, 1.50, -6.65 	-19.28, 22.98 	13,22,26,998		5.38,1.81	1000,1 	0
1437    	30.17, -12.94, -8.10 	-1.15, 1.51, -6.67 	-19.28, 22.98 	13,22,27,7		5.84,2.77	1000,1 	0
1446    	30.11, -12.94, -8.10 	-1.17, 1.53, -6.68 	-19.28, 22.98 	13,22,27,17		6.42,3.22	1000,1 	0
1455    	29.99, -12.94, -8.11 	-1.19, 1.52, -6.67 	-19.28, 22.98 	13,22,27,27		13.92,3.40	1000,1 	0
1463    	29.91, -12.91, -8.12 	-1.26, 1.57, -6.68 	-19.28, 22.98 	13,22,27,36		10.43,10.83	1000,1 	0
1472    	29.86, -12.81, -8.17 	-1.28, 1.56, -6.66 	-19.28, 22.98 	13,22,27,46		11.92,2.43	1000,1 	0
1481    	29.79, -12.76, -8.18 	-1.34, 1.57, -6.67 	-19.28, 22.98 	13,22,27,56		9.55,6.54	1000,1 	0
1489    	29.76, -12.67, -8.21 	-1.34, 1.58, -6.68 	-19.28, 22.98 	13,22,27,65		11.69,1.34	1000,1 	0
1498    	29.74, -12.64, -8.22 	-1.37, 1.60, -6.68 	-19.28, 22.98 	13,22,27,75		4.15,3.44	1000,1 	0
1507    	29.70, -12.58, -8.26 	-1.41, 1.60, -6.68 	-19.28, 22.98 	13,22,27,85		8.29,4.28	1000,1 	0
1515    	29.69, -12.51, -8.25 	-1.41, 1.61, -6.68 	-19.28, 22.98 	13,22,27,94		8.08,1.34	1000,1 	0
1524    	29.62, -12.54, -8.25 	-1.46, 1.62, -6.68 	-19.28, 22.98 	13,22,27,104		8.29,6.54	1000,1 	0
1533    	29.56, -12.54, -8.24 	-1.44, 1.59, -6.66 	-19.28, 22.98 	13,22,27,114		6.42,4.83	1000,1 	0
1541    	29.48, -12.57, -8.24 	-1.46, 1.62, -6.65 	-19.28, 22.98 	13,22,27,123		11.16,5.43	1000,1 	0
1550    	29.45, -12.51, -8.24 	-1.50, 1.58, -6.64 	-19.28, 22.98 	13,22,27,133		6.73,6.35	1000,1 	0
1559    	29.39, -12.51, -8.25 	-1.52, 1.61, -6.65 	-19.28, 22.98 	13,22,27,143		6.42,4.18	1000,1 	0
1567    	29.34, -12.48, -8.27 	-1.55, 1.59, -6.64 	-19.28, 22.98 	13,22,27,152		7.22,4.46	1000,1 	0
1576    	29.33, -12.41, -8.30 	-1.63, 1.61, -6.64 	-19.28, 22.98 	13,22,27,162		8.35,8.91	1000,1 	0
1585    	29.33, -12.34, -8.31 	-1.61, 1.61, -6.65 	-19.28, 22.98 	13,22,27,172		7.10,2.14	1000,1 	0
1593    	29.30, -12.30, -8.33 	-1.64, 1.63, -6.65 	-19.28, 22.98 	13,22,27,181		6.43,4.52	1000,1 	0
1602    	29.28, -12.26, -8.33 	-1.63, 1.64, -6.65 	-19.28, 22.98 	13,22,27,191		5.20,1.59	1000,1 	0
1611    	29.26, -12.21, -8.36 	-1.64, 1.66, -6.67 	-19.28, 22.98 	13,22,27,201		5.72,2.62	1000,1 	0
1620    	29.20, -12.25, -8.36 	-1.64, 1.65, -6.66 	-19.28, 22.98 	13,22,27,211		7.34,1.19	1000,1 	0
1628    	29.16, -12.25, -8.34 	-1.67, 1.66, -6.67 	-19.28, 22.98 	13,22,27,220		4.82,3.87	1000,1 	0
1638    	29.15, -12.21, -8.33 	-1.70, 1.68, -6.66 	-19.28, 22.98 	13,22,27,231		3.34,3.62	1000,1 	0
1646    	29.09, -12.17, -8.35 	-1.68, 1.72, -6.66 	-19.28, 22.98 	13,22,27,240		8.97,4.64	1000,1 	0
1654    	29.05, -12.13, -8.36 	-1.72, 1.68, -6.65 	-19.28, 22.98 	13,22,27,249		7.18,6.22	1000,1 	0
1663    	29.06, -12.08, -8.38 	-1.72, 1.69, -6.66 	-19.28, 22.98 	13,22,27,259		6.02,1.19	1000,1 	0
1672    	29.06, -12.02, -8.42 	-1.74, 1.68, -6.67 	-19.28, 22.98 	13,22,27,269		5.92,3.40	1000,1 	0
1680    	29.03, -11.99, -8.42 	-1.73, 1.71, -6.66 	-19.28, 22.98 	13,22,27,278		5.38,3.57	1000,1 	0
1689    	29.05, -11.96, -8.42 	-1.73, 1.71, -6.65 	-19.28, 22.98 	13,22,27,288		4.15,0.00	1000,1 	0
1698    	29.06, -11.94, -8.42 	-1.75, 1.72, -6.65 	-19.28, 22.98 	13,22,27,298		2.60,3.44	1000,1 	0
1706    	29.02, -11.90, -8.43 	-1.78, 1.71, -6.65 	-19.28, 22.98 	13,22,27,307		7.22,3.83	1000,1 	0
1715    	29.01, -11.92, -8.42 	-1.77, 1.70, -6.65 	-19.28, 22.98 	13,22,27,317		1.60,1.61	1000,1 	0
1724    	28.97, -11.87, -8.45 	-1.80, 1.73, -6.66 	-19.28, 22.98 	13,22,27,327		6.38,4.83	1000,1 	0
1732    	28.92, -11.86, -8.46 	-1.83, 1.73, -6.67 	-19.28, 22.98 	13,22,27,336		6.17,3.61	1000,1 	0
1741    	28.94, -11.85, -8.46 	-1.85, 1.74, -6.66 	-19.28, 22.98 	13,22,27,346		2.45,2.46	1000,1 	0
1750    	28.90, -11.80, -8.49 	-1.84, 1.76, -6.68 	-19.28, 22.98 	13,22,27,356		7.30,2.59	1000,1 	0
1758    	28.90, -11.79, -8.49 	-1.84, 1.76, -6.67 	-19.28, 22.98 	13,22,27,365		1.33,0.00	1000,1 	0
1767    	28.89, -11.76, -8.51 	-1.85, 1.77, -6.67 	-19.28, 22.98 	13,22,27,375		3.71,1.61	1000,1 	0
1776    	28.85, -11.81, -8.51 	-1.88, 1.80, -6.68 	-19.28, 22.98 	13,22,27,385		7.31,4.83	1000,1 	0
1784    	28.84, -11.74, -8.51 	-1.91, 1.81, -6.68 	-19.28, 22.98 	13,22,27,394		8.08,3.87	1000,1 	0
1793    	28.86, -11.77, -8.52 	-1.94, 1.84, -6.68 	-19.28, 22.98 	13,22,27,404		3.19,4.02	1000,1 	0
1802    	28.79, -11.77, -8.52 	-1.99, 1.85, -6.68 	-19.28, 22.98 	13,22,27,414		7.49,5.49	1000,1 	0
1811    	28.76, -11.77, -8.53 	-1.97, 1.88, -6.68 	-19.28, 22.98 	13,22,27,424		4.28,4.13	1000,1 	0
1819    	28.71, -11.78, -8.55 	-2.02, 1.91, -6.68 	-19.28, 22.98 	13,22,27,433		6.17,7.28	1000,1 	0
1829    	28.67, -11.72, -8.57 	-2.06, 1.93, -6.69 	-19.28, 22.98 	13,22,27,444		6.57,5.30	1000,1 	0
1837    	28.61, -11.67, -8.61 	-2.12, 1.97, -6.70 	-19.28, 22.98 	13,22,27,453		9.82,8.31	1000,1 	0
1845    	28.55, -11.58, -8.64 	-2.18, 1.99, -6.69 	-19.28, 22.98 	13,22,27,462		12.87,7.73	1000,1 	0
1854    	28.48, -11.49, -8.67 	-2.21, 2.03, -6.69 	-19.28, 22.98 	13,22,27,472		13.66,5.77	1000,1 	0
1863    	28.36, -11.39, -8.70 	-2.29, 2.05, -6.70 	-19.28, 22.98 	13,22,27,482		16.68,8.91	1000,1 	0
1871    	28.31, -11.22, -8.74 	-2.35, 2.10, -6.70 	-19.28, 22.98 	13,22,27,491		22.14,10.04	1000,1 	0
1880    	28.23, -11.06, -8.75 	-2.45, 2.14, -6.71 	-19.28, 22.98 	13,22,27,501		20.20,11.77	1000,1 	0
1889    	28.06, -10.95, -8.78 	-2.58, 2.18, -6.70 	-19.28, 22.98 	13,22,27,511		22.37,14.76	1000,1 	0
1897    	27.87, -10.77, -8.80 	-2.75, 2.22, -6.71 	-19.28, 22.98 	13,22,27,520		32.15,22.08	1000,1 	0
1906    	27.64, -10.55, -8.83 	-2.93, 2.25, -6.71 	-19.28, 22.98 	13,22,27,530		35.74,20.68	1000,1 	0
1915    	27.47, -10.26, -8.85 	-3.11, 2.32, -6.73 	-19.28, 22.98 	13,22,27,540		37.31,20.63	1000,1 	0
1923    	27.25, -10.07, -8.89 	-3.24, 2.37, -6.77 	-19.28, 22.98 	13,22,27,549		36.62,18.21	1000,1 	0
1932    	27.08, -9.82, -8.97 	-3.40, 2.45, -6.82 	-19.28, 22.98 	13,22,27,559		33.73,19.14	1000,1 	0
1941    	27.01, -9.50, -9.04 	-3.53, 2.51, -6.86 	-19.28, 22.98 	13,22,27,569		36.29,16.68	1000,1 	0
1949    	26.96, -9.15, -9.08 	-3.68, 2.53, -6.92 	-19.28, 22.98 	13,22,27,578		43.22,19.47	1000,1 	0
1958    	26.80, -8.92, -9.07 	-3.88, 2.61, -6.96 	-19.28, 22.98 	13,22,27,588		31.16,23.06	1000,1 	0
1967    	26.53, -8.83, -9.07 	-4.14, 2.64, -7.00 	-19.28, 22.98 	13,22,27,598		31.43,29.14	1000,1 	0
1975    	26.31, -8.81, -9.03 	-4.54, 2.68, -7.04 	-19.28, 22.98 	13,22,27,607		27.82,50.75	1000,1 	0
1984    	26.07, -8.81, -9.03 	-4.88, 2.74, -7.11 	-19.28, 22.98 	13,22,27,617		26.76,37.98	1000,1 	0
1993    	25.80, -8.74, -9.02 	-5.24, 2.82, -7.19 	-19.28, 22.98 	13,22,27,627		31.09,40.83	1000,1 	0
2002    	25.51, -8.61, -9.04 	-5.53, 2.92, -7.28 	-19.28, 22.98 	13,22,27,637		35.11,34.98	1000,1 	0
2010    	25.28, -8.39, -9.09 	-5.86, 3.00, -7.37 	-19.28, 22.98 	13,22,27,646		40.20,42.10	1000,1 	0
2020    	25.08, -8.19, -9.12 	-6.07, 3.06, -7.42 	-19.28, 22.98 	13,22,27,657		27.87,21.92	1000,1 	0
2028    	24.89, -8.01, -9.14 	-6.21, 3.05, -7.46 	-19.28, 22.98 	13,22,27,666		33.04,16.87	1000,1 	0
2036    	24.73, -7.82, -9.13 	-6.36, 3.07, -7.49 	-19.28, 22.98 	13,22,27,675		30.75,19.47	1000,1 	0
2045    	24.56, -7.59, -9.11 	-6.57, 3.10, -7.52 	-19.28, 22.98 	13,22,27,685		32.39,22.79	1000,1 	0
2054    	24.50, -7.27, -9.14 	-6.79, 3.19, -7.57 	-19.28, 22.98 	13,22,27,695		36.09,26.50	1000,1 	0
2062    	24.39, -7.01, -9.13 	-6.99, 3.31, -7.63 	-19.28, 22.98 	13,22,27,704		35.07,29.42	1000,1 	0
2071    	24.16, -6.81, -9.10 	-7.15, 3.46, -7.73 	-19.28, 22.98 	13,22,27,714		34.13,24.04	1000,1 	0
2080    	23.82, -6.62, -9.11 	-7.35, 3.62, -7.81 	-19.28, 22.98 	13,22,27,724		43.09,28.88	1000,1 	0
2088    	23.48, -6.34, -9.17 	-7.60, 3.80, -7.89 	-19.28, 22.98 	13,22,27,733		54.53,38.16	1000,1 	0
2097    	23.22, -5.98, -9.22 	-7.89, 3.98, -7.92 	-19.28, 22.98 	13,22,27,743		49.54,38.17	1000,1 	0
2106    	22.93, -5.56, -9.22 	-8.19, 4.16, -7.95 	-19.28, 22.98 	13,22,27,753		56.84,39.08	1000,1 	0
2114    	22.65, -5.21, -9.20 	-8.43, 4.35, -7.99 	-19.28, 22.98 	13,22,27,762		56.12,37.97	1000,1 	0
2123    	22.37, -4.99, -9.18 	-8.74, 4.55, -8.04 	-19.28, 22.98 	13,22,27,772		39.76,41.28	1000,1 	0
2132    	22.18, -4.78, -9.17 	-9.08, 4.74, -8.07 	-19.28, 22.98 	13,22,27,782		30.31,42.80	1000,1 	0
2140    	21.99, -4.61, -9.15 	-9.41, 4.95, -8.15 	-19.28, 22.98 	13,22,27,791		32.15,49.20	1000,1 	0
2149    	21.77, -4.50, -9.15 	-9.80, 5.20, -8.21 	-19.28, 22.98 	13,22,27,801		27.84,52.01	1000,1 	0
2158    	21.46, -4.40, -9.15 	-10.29, 5.54, -8.33 	-19.28, 22.98 	13,22,27,811		35.86,65.38	1000,1 	0
2167    	21.14, -4.30, -9.16 	-10.87, 5.83, -8.39 	-19.28, 22.98 	13,22,27,821		36.89,72.16	1000,1 	0
2175    	20.86, -4.10, -9.17 	-11.29, 6.14, -8.49 	-19.28, 22.98 	13,22,27,830		44.09,65.29	1000,1 	0
2184    	20.51, -3.90, -9.16 	-11.69, 6.41, -8.56 	-19.28, 22.98 	13,22,27,840		44.61,53.33	1000,1 	0
2193    	20.22, -3.64, -9.17 	-12.06, 6.61, -8.60 	-19.28, 22.98 	13,22,27,850		42.86,46.78	1000,1 	0
2201    	19.99, -3.34, -9.18 	-12.44, 6.80, -8.64 	-19.28, 22.98 	13,22,27,859		47.16,53.52	1000,1 	0
2211    	19.84, -3.07, -9.18 	-12.73, 6.98, -8.66 	-19.28, 22.98 	13,22,27,870		31.69,34.35	1000,1 	0
2219    	19.67, -2.80, -9.17 	-12.98, 7.14, -8.71 	-19.28, 22.98 	13,22,27,879		39.07,37.41	1000,1 	0
2227    	19.53, -2.59, -9.17 	-13.15, 7.31, -8.78 	-19.28, 22.98 	13,22,27,888		32.17,28.85	1000,1 	0
2236    	19.29, -2.44, -9.19 	-13.30, 7.47, -8.82 	-19.28, 22.98 	13,22,27,898		31.47,24.89	1000,1 	0
2245    	19.03, -2.37, -9.21 	-13.53, 7.55, -8.85 	-19.28, 22.98 	13,22,27,908		29.76,26.50	1000,1 	0
2253    	18.77, -2.35, -9.20 	-13.75, 7.70, -8.89 	-19.28, 22.98 	13,22,27,917		32.62,32.89	1000,1 	0
2262    	18.51, -2.30, -9.18 	-13.95, 7.81, -8.90 	-19.28, 22.98 	13,22,27,927		29.50,26.15	1000,1 	0
2271    	18.27, -2.19, -9.20 	-14.14, 7.94, -8.94 	-19.28, 22.98 	13,22,27,937		29.25,25.88	1000,1 	0
2279    	17.99, -2.05, -9.24 	-14.32, 8.07, -8.95 	-19.28, 22.98 	13,22,27,946		38.97,27.14	1000,1 	0
2288    	17.76, -1.86, -9.30 	-14.51, 8.24, -9.00 	-19.28, 22.98 	13,22,27,956		33.37,28.04	1000,1 	0
2297    	17.62, -1.60, -9.36 	-14.71, 8.32, -9.02 	-19.28, 22.98 	13,22,27,966		33.16,24.52	1000,1 	0
2305    	17.47, -1.42, -9.40 	-14.93, 8.41, -9.01 	-19.28, 22.98 	13,22,27,975		28.72,28.69	1000,1 	0
2314    	17.26, -1.38, -9.40 	-15.09, 8.50, -9.02 	-19.28, 22.98 	13,22,27,985		24.02,20.64	1000,1 	0
2323    	17.06, -1.40, -9.38 	-15.28, 8.62, -9.04 	-19.28, 22.98 	13,22,27,995		21.54,25.23	1000,1 	0
2332    	16.87, -1.50, -9.34 	-15.51, 8.75, -9.06 	-19.28, 22.98 	13,22,28,5		23.92,28.61	1000,1 	0
2340    	16.68, -1.54, -9.32 	-15.72, 8.90, -9.08 	-19.28, 22.98 	13,22,28,14		24.67,32.64	1000,1 	0
2349    	16.48, -1.55, -9.31 	-15.92, 9.07, -9.12 	-19.28, 22.98 	13,22,28,24		22.51,29.64	1000,1 	0
2358    	16.26, -1.49, -9.31 	-16.16, 9.23, -9.15 	-19.28, 22.98 	13,22,28,34		24.59,32.35	1000,1 	0
2366    	16.10, -1.39, -9.32 	-16.40, 9.36, -9.18 	-19.28, 22.98 	13,22,28,43		23.72,33.24	1000,1 	0
2376    	15.98, -1.29, -9.31 	-16.55, 9.53, -9.22 	-19.28, 22.98 	13,22,28,54		16.44,22.40	1000,1 	0
2384    	15.85, -1.19, -9.31 	-16.66, 9.66, -9.26 	-19.28, 22.98 	13,22,28,63		19.71,22.00	1000,1 	0
2392    	15.71, -1.09, -9.31 	-16.81, 9.78, -9.29 	-19.28, 22.98 	13,22,28,72		21.67,24.40	1000,1 	0
2402    	15.57, -1.05, -9.33 	-16.96, 9.97, -9.35 	-19.28, 22.98 	13,22,28,83		14.14,23.38	1000,1 	0
2410    	15.47, -0.99, -9.33 	-17.09, 10.11, -9.38 	-19.28, 22.98 	13,22,28,92		15.47,24.38	1000,1 	0
2418    	15.32, -0.95, -9.32 	-17.18, 10.25, -9.44 	-19.28, 22.98 	13,22,28,101		18.50,20.61	1000,1 	0
2427    	15.18, -0.94, -9.30 	-17.29, 10.42, -9.48 	-19.28, 22.98 	13,22,28,111		16.10,22.50	1000,1 	0
2436    	15.02, -0.91, -9.29 	-17.43, 10.56, -9.48 	-19.28, 22.98 	13,22,28,121		17.49,22.43	1000,1 	0
2444    	14.87, -0.86, -9.29 	-17.58, 10.69, -9.50 	-19.28, 22.98 	13,22,28,130		20.38,24.32	1000,1 	0
2453    	14.69, -0.81, -9.28 	-17.72, 10.87, -9.51 	-19.28, 22.98 	13,22,28,140		20.15,25.98	1000,1 	0
2462    	14.52, -0.71, -9.29 	-17.85, 11.03, -9.53 	-19.28, 22.98 	13,22,28,150		22.01,22.77	1000,1 	0
2470    	14.35, -0.61, -9.31 	-17.98, 11.26, -9.56 	-19.28, 22.98 	13,22,28,159		24.76,32.34	1000,1 	0
2479    	14.22, -0.53, -9.34 	-18.08, 11.46, -9.59 	-19.28, 22.98 	13,22,28,169		16.83,25.12	1000,1 	0
2488    	14.14, -0.46, -9.36 	-18.16, 11.63, -9.61 	-19.28, 22.98 	13,22,28,179		11.97,21.43	1000,1 	0
2496    	14.04, -0.42, -9.38 	-18.33, 11.84, -9.62 	-19.28, 22.98 	13,22,28,188		13.16,32.84	1000,1 	0
2505    	13.89, -0.40, -9.40 	-18.48, 12.09, -9.62 	-19.28, 22.98 	13,22,28,198		17.29,32.46	1000,1 	0
2514    	13.72, -0.42, -9.41 	-18.71, 12.37, -9.63 	-19.28, 22.98 	13,22,28,208		18.35,39.77	1000,1 	0
2522    	13.58, -0.41, -9.41 	-18.93, 12.67, -9.63 	-19.28, 22.98 	13,22,28,217		18.11,46.88	1000,1 	0
2531    	13.44, -0.38, -9.43 	-19.07, 12.99, -9.65 	-19.28, 22.98 	13,22,28,227		15.40,38.86	1000,1 	0
2540    	13.28, -0.36, -9.44 	-19.19, 13.33, -9.69 	-19.28, 22.98 	13,22,28,237		18.35,40.67	1000,1 	0
2549    	13.08, -0.36, -9.44 	-19.37, 13.64, -9.69 	-19.28, 22.98 	13,22,28,247		22.48,39.72	1000,1 	0
2557    	12.90, -0.35, -9.45 	-19.56, 13.93, -9.67 	-19.28, 22.98 	13,22,28,256		21.72,43.01	1000,1 	0
2566    	12.76, -0.28, -9.47 	-19.69, 14.19, -9.67 	-19.28, 22.98 	13,22,28,266		17.55,32.40	1000,1 	0
2575    	12.64, -0.23, -9.49 	-19.77, 14.47, -9.68 	-19.28, 22.98 	13,22,28,276		14.14,32.17	1000,1 	0
2583    	12.52, -0.23, -9.50 	-19.85, 14.75, -9.69 	-19.28, 22.98 	13,22,28,285		15.65,36.20	1000,1 	0
2593    	12.37, -0.24, -9.49 	-19.97, 14.94, -9.65 	-19.28, 22.98 	13,22,28,296		14.49,22.59	1000,1 	0
2601    	12.25, -0.25, -9.47 	-20.03, 15.16, -9.64 	-19.28, 22.98 	13,22,28,305		15.71,27.79	1000,1 	0
2609    	12.14, -0.24, -9.47 	-20.09, 15.30, -9.62 	-19.28, 22.98 	13,22,28,314		13.31,19.42	1000,1 	0
2618    	12.00, -0.24, -9.46 	-20.20, 15.48, -9.61 	-19.28, 22.98 	13,22,28,324		16.06,23.52	1000,1 	0
2627    	11.83, -0.23, -9.44 	-20.29, 15.57, -9.57 	-19.28, 22.98 	13,22,28,334		18.23,14.49	1000,1 	0
2635    	11.66, -0.22, -9.46 	-20.40, 15.70, -9.56 	-19.28, 22.98 	13,22,28,343		21.72,20.95	1000,1 	0
2644    	11.58, -0.17, -9.48 	-20.46, 15.81, -9.55 	-19.28, 22.98 	13,22,28,353		9.78,14.14	1000,1 	0
2653    	11.48, -0.16, -9.49 	-20.51, 15.92, -9.54 	-19.28, 22.98 	13,22,28,363		11.83,13.10	1000,1 	0
2661    	11.36, -0.19, -9.47 	-20.58, 16.05, -9.54 	-19.28, 22.98 	13,22,28,372		14.70,18.23	1000,1 	0
2670    	11.25, -0.20, -9.48 	-20.62, 16.13, -9.53 	-19.28, 22.98 	13,22,28,382		12.90,10.48	1000,1 	0
2679    	11.19, -0.20, -9.47 	-20.66, 16.20, -9.51 	-19.28, 22.98 	13,22,28,392		6.42,8.37	1000,1 	0
2687    	11.13, -0.23, -9.46 	-20.71, 16.28, -9.48 	-19.28, 22.98 	13,22,28,401		8.26,12.35	1000,1 	0
2696    	11.03, -0.28, -9.44 	-20.77, 16.36, -9.43 	-19.28, 22.98 	13,22,28,411		12.24,11.27	1000,1 	0
2705    	10.99, -0.31, -9.43 	-20.84, 16.46, -9.40 	-19.28, 22.98 	13,22,28,421		6.43,13.14	1000,1 	0
2714    	10.89, -0.33, -9.42 	-20.91, 16.54, -9.36 	-19.28, 22.98 	13,22,28,431		10.96,12.19	1000,1 	0
2722    	10.84, -0.35, -9.41 	-20.98, 16.64, -9.30 	-19.28, 22.98 	13,22,28,440		6.17,14.79	1000,1 	0
2731    	10.76, -0.38, -9.41 	-21.03, 16.76, -9.26 	-19.28, 22.98 	13,22,28,450		10.27,14.19	1000,1 	0
2740    	10.70, -0.39, -9.40 	-21.08, 16.85, -9.21 	-19.28, 22.98 	13,22,28,460		6.53,12.03	1000,1 	0
2748    	10.64, -0.36, -9.41 	-21.12, 17.00, -9.15 	-19.28, 22.98 	13,22,28,469		8.25,19.39	1000,1 	0
2757    	10.64, -0.34, -9.41 	-21.12, 17.11, -9.08 	-19.28, 22.98 	13,22,28,479		1.18,11.88	1000,1 	0
2766    	10.63, -0.32, -9.42 	-21.12, 17.24, -9.03 	-19.28, 22.98 	13,22,28,489		2.60,14.26	1000,1 	0
2774    	10.59, -0.33, -9.41 	-21.11, 17.40, -8.96 	-19.28, 22.98 	13,22,28,498		5.00,20.06	1000,1 	0
2784    	10.53, -0.34, -9.40 	-21.11, 17.58, -8.89 	-19.28, 22.98 	13,22,28,509		5.88,18.18	1000,1 	0
2792    	10.49, -0.36, -9.39 	-21.07, 17.77, -8.82 	-19.28, 22.98 	13,22,28,518		6.17,24.46	1000,1 	0
2800    	10.45, -0.39, -9.36 	-21.03, 17.98, -8.74 	-19.28, 22.98 	13,22,28,527		6.26,26.01	1000,1 	0
2809    	10.40, -0.44, -9.35 	-20.96, 18.22, -8.65 	-19.28, 22.98 	13,22,28,537		7.98,28.22	1000,1 	0
2818    	10.34, -0.46, -9.32 	-20.92, 18.45, -8.56 	-19.28, 22.98 	13,22,28,547		6.85,25.25	1000,1 	0
2826    	10.26, -0.48, -9.31 	-20.89, 18.69, -8.46 	-19.28, 22.98 	13,22,28,556		10.00,31.04	1000,1 	0
2835    	10.25, -0.48, -9.31 	-20.79, 18.94, -8.37 	-19.28, 22.98 	13,22,28,566		1.07,29.19	1000,1 	0
2844    	10.23, -0.47, -9.30 	-20.67, 19.14, -8.27 	-19.28, 22.98 	13,22,28,576		2.45,26.33	1000,1 	0
2852    	10.22, -0.48, -9.30 	-20.54, 19.34, -8.17 	-19.28, 22.98 	13,22,28,585		2.75,30.26	1000,1 	0
2861    	10.18, -0.49, -9.30 	-20.42, 19.57, -8.04 	-19.28, 22.98 	13,22,28,595		4.44,28.94	1000,1 	0
2870    	10.17, -0.48, -9.29 	-20.32, 19.79, -7.92 	-19.28, 22.98 	13,22,28,605		1.60,26.35	1000,1 	0
2878    	10.16, -0.50, -9.29 	-20.20, 20.03, -7.81 	-19.28, 22.98 	13,22,28,614		2.92,33.76	1000,1 	0
2887    	10.13, -0.50, -9.29 	-20.12, 20.26, -7.68 	-19.28, 22.98 	13,22,28,624		3.21,26.60	1000,1 	0
2896    	10.09, -0.54, -9.27 	-20.01, 20.46, -7.54 	-19.28, 22.98 	13,22,28,634		5.56,25.29	1000,1 	0
2905    	10.04, -0.57, -9.25 	-19.85, 20.67, -7.44 	-19.28, 22.98 	13,22,28,644		6.43,29.70	1000,1 	0
2913    	10.00, -0.60, -9.23 	-19.66, 20.87, -7.33 	-19.28, 22.98 	13,22,28,653		6.26,34.72	1000,1 	0
2922    	9.99, -0.58, -9.23 	-19.51, 21.01, -7.20 	-19.28, 22.98 	13,22,28,663		2.60,22.87	1000,1 	0
2931    	9.96, -0.56, -9.22 	-19.38, 21.12, -7.04 	-19.28, 22.98 	13,22,28,673		4.89,18.15	1000,1 	0
2939    	9.96, -0.54, -9.21 	-19.29, 21.14, -6.90 	-19.28, 22.98 	13,22,28,682		2.92,12.28	1000,1 	0
2948    	9.96, -0.58, -9.17 	-19.19, 21.18, -6.85 	-19.28, 22.98 	13,22,28,692		4.86,11.64	1000,1 	0
2957    	9.99, -0.61, -9.13 	-19.07, 21.31, -6.87 	-19.28, 22.98 	13,22,28,702		5.56,19.76	1000,1 	0
2965    	9.97, -0.65, -9.10 	-18.93, 21.48, -6.91 	-19.28, 22.98 	13,22,28,711		5.85,27.02	1000,1 	0
2975    	9.94, -0.66, -9.07 	-18.84, 21.61, -6.92 	-19.28, 22.98 	13,22,28,722		4.00,16.79	1000,1 	0
2983    	9.92, -0.65, -9.07 	-18.76, 21.72, -6.94 	-19.28, 22.98 	13,22,28,731		2.75,16.35	1000,1 	0
2991    	9.89, -0.65, -9.07 	-18.68, 21.75, -6.99 	-19.28, 22.98 	13,22,28,740		3.61,11.49	1000,1 	0
3000    	9.92, -0.64, -9.07 	-18.63, 21.75, -7.03 	-19.28, 22.98 	13,22,28,750		3.42,5.35	1000,1 	0
3009    	9.91, -0.61, -9.08 	-18.61, 21.75, -7.04 	-19.28, 22.98 	13,22,28,760		3.71,2.14	1000,1 	0
3017    	9.91, -0.59, -9.09 	-18.59, 21.75, -7.06 	-19.28, 22.98 	13,22,28,769		2.66,2.41	1000,1 	0
3026    	9.91, -0.58, -9.09 	-18.59, 21.75, -7.08 	-19.28, 22.98 	13,22,28,779		1.18,0.00	1000,1 	0
3035    	9.90, -0.58, -9.09 	-18.58, 21.75, -7.08 	-19.28, 22.98 	13,22,28,789		1.07,1.07	1000,1 	0
3043    	9.90, -0.57, -9.10 	-18.58, 21.74, -7.07 	-19.28, 22.98 	13,22,28,798		1.33,1.34	1000,1 	0
3052    	9.89, -0.58, -9.10 	-18.58, 21.74, -7.07 	-19.28, 22.98 	13,22,28,808		1.60,0.00	1000,1 	0
3061    	9.88, -0.58, -9.10 	-18.58, 21.74, -7.07 	-19.28, 22.98 	13,22,28,818		1.07,0.00	1000,1 	0
3070    	9.88, -0.59, -9.10 	-18.58, 21.74, -7.07 	-19.28, 22.98 	13,22,28,828		1.18,0.00	1000,1 	0
3078    	9.88, -0.59, -9.10 	-18.57, 21.75, -7.07 	-19.28, 22.98 	13,22,28,837		0.00,1.78	1000,1 	0
3087    	9.89, -0.57, -9.10 	-18.59, 21.76, -7.06 	-19.28, 22.98 	13,22,28,847		2.60,2.46	1000,1 	0
3096    	9.88, -0.58, -9.11 	-18.58, 21.76, -7.04 	-19.28, 22.98 	13,22,28,857		1.60,1.07	1000,1 	0
3104    	9.89, -0.57, -9.12 	-18.61, 21.79, -7.03 	-19.28, 22.98 	13,22,28,866		1.80,5.43	1000,1 	0
3113    	9.86, -0.59, -9.11 	-18.61, 21.80, -7.01 	-19.28, 22.98 	13,22,28,876		3.99,1.19	1000,1 	0
3122    	9.82, -0.57, -9.12 	-18.63, 21.83, -7.00 	-19.28, 22.98 	13,22,28,886		4.89,3.22	1000,1 	0
3130    	9.80, -0.56, -9.13 	-18.63, 21.87, -6.99 	-19.28, 22.98 	13,22,28,895		2.75,5.35	1000,1 	0
3139    	9.77, -0.54, -9.15 	-18.65, 21.91, -6.98 	-19.28, 22.98 	13,22,28,905		3.99,5.24	1000,1 	0
3148    	9.72, -0.53, -9.15 	-18.66, 21.97, -6.97 	-19.28, 22.98 	13,22,28,915		5.48,6.05	1000,1 	0
3156    	9.68, -0.51, -9.17 	-18.68, 21.98, -6.95 	-19.28, 22.98 	13,22,28,924		6.17,2.77	1000,1 	0
3166    	9.60, -0.50, -9.18 	-18.71, 21.99, -6.94 	-19.28, 22.98 	13,22,28,935		7.78,3.09	1000,1 	0
3174    	9.55, -0.48, -9.19 	-18.72, 22.01, -6.93 	-19.28, 22.98 	13,22,28,944		6.58,2.95	1000,1 	0
3182    	9.51, -0.47, -9.21 	-18.73, 22.02, -6.93 	-19.28, 22.98 	13,22,28,953		5.00,1.81	1000,1 	0
3191    	9.47, -0.48, -9.22 	-18.73, 22.06, -6.93 	-19.28, 22.98 	13,22,28,963		4.44,4.75	1000,1 	0
3200    	9.43, -0.48, -9.22 	-18.73, 22.10, -6.93 	-19.28, 22.98 	13,22,28,973		5.35,4.75	1000,1 	0
3208    	9.40, -0.45, -9.26 	-18.74, 22.15, -6.93 	-19.28, 22.98 	13,22,28,982		5.38,5.50	1000,1 	0
3217    	9.36, -0.42, -9.26 	-18.74, 22.20, -6.94 	-19.28, 22.98 	13,22,28,992		5.56,5.94	1000,1 	0
3226    	9.38, -0.40, -9.29 	-18.72, 22.26, -6.95 	-19.28, 22.98 	13,22,29,2		3.19,7.41	1000,1 	0
3234    	9.33, -0.39, -9.29 	-18.72, 22.34, -6.95 	-19.28, 22.98 	13,22,29,11		6.17,9.36	1000,1 	0
3243    	9.32, -0.40, -9.29 	-18.70, 22.41, -6.95 	-19.28, 22.98 	13,22,29,21		1.60,8.55	1000,1 	0
3252    	9.27, -0.44, -9.29 	-18.69, 22.49, -6.94 	-19.28, 22.98 	13,22,29,31		7.15,8.37	1000,1 	0
3260    	9.28, -0.43, -9.29 	-18.68, 22.61, -6.94 	-19.28, 22.98 	13,22,29,40		1.80,14.73	1000,1 	0
3269    	9.24, -0.47, -9.28 	-18.65, 22.71, -6.94 	-19.28, 22.98 	13,22,29,50		6.39,12.26	1000,1 	0
3278    	9.21, -0.47, -9.29 	-18.66, 22.80, -6.94 	-19.28, 22.98 	13,22,29,60		3.21,9.58	1000,1 	0
3287    	9.18, -0.50, -9.29 	-18.66, 22.85, -6.94 	-19.28, 22.98 	13,22,29,70		5.56,5.94	1000,1 	0
3295    	9.14, -0.50, -9.30 	-18.67, 22.90, -6.95 	-19.28, 22.98 	13,22,29,79		4.82,5.50	1000,1 	0
3304    	9.12, -0.51, -9.31 	-18.67, 22.88, -6.95 	-19.28, 22.98 	13,22,29,89		2.45,1.19	1000,1 	0
3313    	9.10, -0.49, -9.32 	-18.67, 22.90, -6.95 	-19.28, 22.98 	13,22,29,99		3.19,1.19	1000,1 	0
3321    	9.08, -0.53, -9.31 	-18.69, 22.91, -6.94 	-19.28, 22.98 	13,22,29,108		4.67,2.77	1000,1 	0
3330    	9.04, -0.53, -9.31 	-18.69, 22.90, -6.94 	-19.28, 22.98 	13,22,29,118		4.28,1.19	1000,1 	0
3339    	9.02, -0.56, -9.32 	-18.69, 22.90, -6.94 	-19.28, 22.98 	13,22,29,128		4.15,0.00	1000,1 	0
3347    	9.01, -0.56, -9.32 	-18.69, 22.91, -6.94 	-19.28, 22.98 	13,22,29,137		1.20,1.34	1000,1 	0
3357    	8.95, -0.60, -9.31 	-18.69, 22.91, -6.94 	-19.28, 22.98 	13,22,29,148		7.18,0.00	1000,1 	0
3365    	8.94, -0.63, -9.31 	-18.68, 22.91, -6.94 	-19.28, 22.98 	13,22,29,157		4.17,1.20	1000,1 	0
3373    	8.90, -0.67, -9.31 	-18.69, 22.91, -6.95 	-19.28, 22.98 	13,22,29,166		8.04,1.20	1000,1 	0
3382    	8.91, -0.64, -9.32 	-18.69, 22.91, -6.94 	-19.28, 22.98 	13,22,29,176		3.71,0.00	1000,1 	0
3391    	8.88, -0.70, -9.32 	-18.68, 22.93, -6.95 	-19.28, 22.98 	13,22,29,186		6.74,2.59	1000,1 	0
3399    	8.86, -0.72, -9.31 	-18.69, 22.92, -6.95 	-19.28, 22.98 	13,22,29,195		3.59,1.78	1000,1 	0
3408    	8.88, -0.73, -9.30 	-18.68, 22.92, -6.94 	-19.28, 22.98 	13,22,29,205		2.45,1.07	1000,1 	0
3417    	8.88, -0.74, -9.29 	-18.68, 22.93, -6.95 	-19.28, 22.98 	13,22,29,215		1.18,1.19	1000,1 	0
3425    	8.88, -0.73, -9.30 	-18.68, 22.94, -6.95 	-19.28, 22.98 	13,22,29,224		1.33,1.34	1000,1 	0
3434    	8.87, -0.75, -9.29 	-18.66, 22.94, -6.95 	-19.28, 22.98 	13,22,29,234		2.60,2.14	1000,1 	0
3443    	8.88, -0.76, -9.29 	-18.66, 22.95, -6.96 	-19.28, 22.98 	13,22,29,244		1.60,1.59	1000,1 	0
3452    	8.86, -0.78, -9.29 	-18.66, 22.96, -6.96 	-19.28, 22.98 	13,22,29,254		3.19,1.19	1000,1 	0
3460    	8.87, -0.78, -9.29 	-18.65, 22.96, -6.96 	-19.28, 22.98 	13,22,29,263		1.20,1.20	1000,1 	0
3469    	8.88, -0.78, -9.29 	-18.65, 22.95, -6.95 	-19.28, 22.98 	13,22,29,273		1.07,1.19	1000,1 	0
3478    	8.87, -0.79, -9.28 	-18.65, 22.96, -6.95 	-19.28, 22.98 	13,22,29,283		1.60,1.19	1000,1 	0
3487    	8.84, -0.79, -9.28 	-18.64, 22.96, -6.96 	0.00, -0.00 	13,22,29,302		3.61,1.20	1000,1 	0
3496    	8.85, -0.77, -9.29 	-18.65, 22.96, -6.95 	0.00, -0.00 	13,22,29,312		23.39,9.62	1000,1 	0
3504    	8.84, -0.78, -9.29 	-18.66, 22.96, -6.95 	0.00, -0.00 	13,22,29,321		14.37,9.62	1000,1 	0
3513    	8.86, -0.77, -9.29 	-18.66, 22.96, -6.94 	0.00, -0.00 	13,22,29,331		22.02,0.00	1000,1 	0
3522    	8.84, -0.76, -9.28 	-18.67, 22.96, -6.94 	0.00, -0.00 	13,22,29,341		22.01,9.62	1000,1 	0
3530    	8.84, -0.76, -9.28 	-18.66, 22.97, -6.94 	0.00, -0.00 	13,22,29,350		0.00,14.28	1000,1 	0
3540    	8.86, -0.76, -9.28 	-18.67, 22.97, -6.94 	0.00, -0.00 	13,22,29,361		19.27,9.62	1000,1 	0
3548    	8.87, -0.77, -9.27 	-18.66, 22.96, -6.94 	0.00, -0.00 	13,22,29,370		inf,inf	1000,1 	0
3556    	8.84, -0.77, -9.28 	-18.67, 22.98, -6.94 	0.00, -0.00 	13,22,29,379		28.90,23.58	1000,1 	0
3565    	8.85, -0.77, -9.28 	-18.67, 22.97, -6.94 	0.00, -0.00 	13,22,29,389		4.82,5.35	1000,1 	0
3574    	8.84, -0.77, -9.29 	-18.66, 22.98, -6.94 	0.00, -0.00 	13,22,29,399		9.63,14.28	1000,1 	0
3582    	8.85, -0.77, -9.29 	-18.67, 22.98, -6.95 	0.00, -0.00 	13,22,29,408		9.63,9.62	1000,1 	0
3591    	8.86, -0.78, -9.29 	-18.66, 22.98, -6.94 	0.00, -0.00 	13,22,29,418		7.18,4.81	1000,1 	0
3600    	8.84, -0.78, -9.29 	-18.66, 22.98, -6.94 	0.00, -0.00 	13,22,29,428		19.27,0.00	1000,1 	0
3609    	8.86, -0.80, -9.28 	-18.67, 22.99, -6.94 	0.00, -0.00 	13,22,29,438		inf,inf	1000,1 	0
3617    	8.83, -0.80, -9.28 	-18.67, 22.99, -6.94 	0.00, -0.00 	13,22,29,447		28.90,0.00	1000,1 	0
3626    	8.84, -0.80, -9.28 	-18.66, 22.99, -6.94 	0.00, -0.00 	13,22,29,457		9.63,9.62	1000,1 	0
3635    	8.85, -0.82, -9.27 	-18.67, 22.99, -6.94 	0.00, -0.00 	13,22,29,467		23.38,9.62	1000,1 	0
3643    	8.86, -0.82, -9.28 	-18.67, 22.99, -6.94 	0.00, -0.00 	13,22,29,476		9.63,0.00	1000,1 	0
3652    	8.85, -0.82, -9.29 	-18.66, 22.99, -6.94 	0.00, -0.00 	13,22,29,486		9.63,9.62	1000,1 	0
3661    	8.84, -0.84, -9.28 	-18.67, 22.99, -6.94 	0.00, -0.00 	13,22,29,496		23.39,9.62	1000,1 	0
3669    	8.85, -0.86, -9.28 	-18.66, 22.99, -6.94 	0.00, -0.00 	13,22,29,505		14.36,9.62	1000,1 	0
3678    	8.85, -0.84, -9.28 	-18.67, 22.99, -6.93 	0.00, -0.00 	13,22,29,515		10.65,9.62	1000,1 	0
3687    	8.86, -0.84, -9.29 	-18.67, 22.98, -6.94 	0.00, -0.00 	13,22,29,525		9.63,10.69	1000,1 	0
3695    	8.84, -0.87, -9.28 	-18.67, 22.98, -6.93 	0.00, -0.00 	13,22,29,534		28.74,0.00	1000,1 	0
3704    	8.82, -0.87, -9.27 	-18.67, 22.99, -6.94 	0.00, -0.00 	13,22,29,544		19.27,14.49	1000,1 	0
3713    	8.84, -0.88, -9.27 	-18.67, 22.99, -6.94 	0.00, -0.00 	13,22,29,554		22.01,9.62	1000,1 	0
3721    	8.86, -0.90, -9.27 	-18.67, 22.99, -6.94 	0.00, -0.00 	13,22,29,563		28.72,0.00	1000,1 	0
3731    	8.85, -0.89, -9.27 	-18.67, 23.00, -6.94 	0.00, -0.00 	13,22,29,574		14.36,10.69	1000,1 	0
3739    	8.83, -0.89, -9.27 	-18.67, 22.99, -6.94 	0.00, -0.00 	13,22,29,583		inf,inf	1000,1 	0
3747    	8.84, -0.89, -9.28 	-18.67, 22.99, -6.94 	0.00, -0.00 	13,22,29,592		9.63,0.00	1000,1 	0
3756    	8.82, -0.88, -9.28 	-18.68, 23.00, -6.94 	0.00, -0.00 	13,22,29,602		11.01,5.35	1000,1 	0
3765    	8.83, -0.89, -9.27 	-18.67, 23.01, -6.94 	0.00, -0.00 	13,22,29,612		14.36,14.27	1000,1 	0
3773    	8.85, -0.88, -9.28 	-18.68, 23.00, -6.94 	0.00, -0.00 	13,22,29,621		22.02,14.27	1000,1 	0
3782    	8.84, -0.88, -9.28 	-18.67, 22.99, -6.94 	0.00, -0.00 	13,22,29,631		4.82,7.25	1000,1 	0
3791    	8.87, -0.87, -9.28 	-18.66, 23.00, -6.95 	0.00, -0.00 	13,22,29,641		30.81,14.28	1000,1 	0
3799    	8.84, -0.88, -9.28 	-18.66, 22.99, -6.95 	0.00, -0.00 	13,22,29,650		30.81,10.69	1000,1 	0
3808    	8.85, -0.89, -9.28 	-18.67, 23.01, -6.94 	0.00, -0.00 	13,22,29,660		3.59,5.90	1000,1 	0
3817    	8.83, -0.90, -9.28 	-18.68, 23.00, -6.94 	0.00, -0.00 	13,22,29,670		11.01,7.14	1000,1 	0
3826    	8.83, -0.91, -9.28 	-18.67, 22.99, -6.93 	0.00, -0.00 	13,22,29,680		5.33,5.35	1000,1 	0
3834    	8.83, -0.91, -9.28 	-18.68, 23.00, -6.93 	0.00, -0.00 	13,22,29,689		0.00,5.35	1000,1 	0
3843    	8.83, -0.92, -9.27 	-18.68, 23.00, -6.94 	0.00, -0.00 	13,22,29,699		5.33,0.00	1000,1 	0
3852    	8.84, -0.91, -9.28 	-18.68, 23.00, -6.93 	0.00, -0.00 	13,22,29,709		7.18,0.00	1000,1 	0
3860    	8.85, -0.92, -9.27 	-18.68, 23.01, -6.93 	0.00, -0.00 	13,22,29,718		7.18,7.25	1000,1 	0
3869    	8.83, -0.92, -9.27 	-18.68, 23.02, -6.93 	0.00, -0.00 	13,22,29,728		9.63,7.14	1000,1 	0
3878    	8.84, -0.92, -9.27 	-18.68, 23.01, -6.93 	0.00, -0.00 	13,22,29,738		4.82,7.14	1000,1 	0
3886    	8.85, -0.91, -9.27 	-18.69, 23.01, -6.92 	0.00, -0.00 	13,22,29,747		7.18,4.81	1000,1 	0
3895    	8.85, -0.92, -9.27 	-18.69, 23.02, -6.93 	0.00, -0.00 	13,22,29,757		5.33,5.35	1000,1 	0
3904    	8.86, -0.91, -9.27 	-18.69, 23.02, -6.93 	0.00, -0.00 	13,22,29,767		7.18,0.00	1000,1 	0
3912    	8.85, -0.92, -9.26 	-18.68, 23.01, -6.93 	0.00, -0.00 	13,22,29,776		7.18,7.25	1000,1 	0
3921    	8.85, -0.91, -9.27 	-18.68, 23.03, -6.93 	0.00, -0.00 	13,22,29,786		5.33,10.69	1000,1 	0
3930    	8.84, -0.93, -9.27 	-18.68, 23.02, -6.93 	0.00, -0.00 	13,22,29,796		11.70,5.35	1000,1 	0
3938    	8.86, -0.92, -9.28 	-18.68, 23.04, -6.93 	0.00, -0.00 	13,22,29,805		11.01,11.66	1000,1 	0
3949    	8.86, -0.92, -9.27 	-18.68, 23.04, -6.93 	0.00, -0.00 	13,22,29,816		0.00,0.00	1000,1 	0
3957    	8.86, -0.92, -9.27 	-18.69, 23.06, -6.93 	0.00, -0.00 	13,22,29,825		nan,inf	0,0 	0
3965    	8.85, -0.94, -9.26 	-18.69, 23.06, -6.93 	0.00, -0.00 	13,22,29,834		23.39,0.00	0,0 	0
3974    	8.84, -0.95, -9.27 	-18.69, 23.06, -6.93 	0.00, -0.00 	13,22,29,844		7.18,0.00	0,0 	0
3983    	8.85, -0.94, -9.27 	-18.69, 23.07, -6.93 	0.00, -0.00 	13,22,29,854		14.37,14.49	0,0 	0
3992    	8.86, -0.94, -9.27 	-18.69, 23.07, -6.93 	0.00, -0.00 	13,22,29,864		9.63,9.62	0,0 	0
4000    	8.84, -0.95, -9.27 	-18.69, 23.07, -6.93 	0.00, -0.00 	13,22,29,873		22.02,0.00	0,0 	0
4009    	8.84, -0.95, -9.27 	-18.69, 23.06, -6.93 	0.00, -0.00 	13,22,29,883		0.00,10.69	0,0 	0
4018    	8.88, -0.96, -9.26 	-18.70, 23.07, -6.92 	0.00, -0.00 	13,22,29,893		39.97,22.16	0,0 	0
4026    	8.89, -0.95, -9.27 	-18.69, 23.07, -6.92 	0.00, -0.00 	13,22,29,902		14.37,19.25	0,0 	0
4035    	8.88, -0.95, -9.27 	-18.69, 23.07, -6.92 	0.00, -0.00 	13,22,29,912		9.63,9.62	0,0 	0
4044    	8.89, -0.95, -9.27 	-18.68, 23.08, -6.93 	0.00, -0.00 	13,22,29,922		9.63,21.88	0,0 	0
4052    	8.89, -0.97, -9.26 	-18.68, 23.08, -6.93 	0.00, -0.00 	13,22,29,931		21.31,0.00	0,0 	0
4061    	8.90, -0.96, -9.27 	-18.69, 23.09, -6.93 	0.00, -0.00 	13,22,29,941		14.37,14.49	0,0 	0
4070    	8.89, -0.96, -9.27 	-18.69, 23.08, -6.92 	0.00, -0.00 	13,22,29,951		9.63,10.69	0,0 	0
4078    	8.89, -0.96, -9.27 	-18.68, 23.10, -6.92 	0.00, -0.00 	13,22,29,960		0.00,23.32	0,0 	0
4087    	8.89, -0.96, -9.27 	-18.67, 23.08, -6.92 	0.00, -0.00 	13,22,29,970		0.00,23.58	0,0 	0
4096    	8.89, -0.96, -9.26 	-18.67, 23.09, -6.92 	0.00, -0.00 	13,22,29,980		0.00,10.69	0,0 	0
4104    	8.89, -0.97, -9.27 	-18.67, 23.08, -6.91 	0.00, -0.00 	13,22,29,989		10.65,10.69	0,0 	0
4114    	8.89, -0.97, -9.27 	-18.66, 23.09, -6.92 	0.00, -0.00 	13,22,30,0		0.00,14.28	0,0 	0
4122    	8.88, -0.96, -9.27 	-18.66, 23.08, -6.92 	0.00, -0.00 	13,22,30,9		inf,inf	0,0 	0
4130    	8.89, -0.98, -9.27 	-18.66, 23.09, -6.92 	0.00, -0.00 	13,22,30,18		23.38,10.69	0,0 	0
4139    	8.88, -1.00, -9.27 	-18.66, 23.11, -6.92 	0.00, -0.00 	13,22,30,28		11.70,10.69	0,0 	0
4148    	8.90, -0.99, -9.27 	-18.67, 23.11, -6.91 	0.00, -0.00 	13,22,30,37		22.02,9.62	0,0 	0
4157    	8.90, -0.99, -9.27 	-18.67, 23.11, -6.91 	0.00, -0.00 	13,22,30,47		0.00,0.00	0,0 	0
4165    	8.90, -0.99, -9.26 	-18.67, 23.11, -6.91 	0.00, -0.00 	13,22,30,57		9.63,0.00	0,0 	0
4174    	8.91, -1.02, -9.27 	-18.66, 23.11, -6.91 	0.00, -0.00 	13,22,30,66		23.38,9.62	0,0 	0
4183    	8.90, -1.00, -9.26 	-18.66, 23.11, -6.91 	0.00, -0.00 	13,22,30,76		inf,nan	0,0 	0
4191    	8.90, -0.99, -9.27 	-18.66, 23.10, -6.91 	0.00, -0.00 	13,22,30,85		14.37,10.69	0,0 	0
4200    	8.90, -0.99, -9.27 	-18.66, 23.11, -6.91 	0.00, -0.00 	13,22,30,95		0.00,10.69	0,0 	0
4209    	8.90, -1.02, -9.26 	-18.66, 23.11, -6.91 	0.00, -0.00 	13,22,30,105		23.39,0.00	0,0 	0
4217    	8.89, -1.02, -9.26 	-18.66, 23.11, -6.92 	0.00, -0.00 	13,22,30,114		9.63,0.00	0,0 	0
4226    	8.89, -1.02, -9.26 	-18.66, 23.11, -6.91 	0.00, -0.00 	13,22,30,124		0.00,0.00	0,0 	0
4235    	8.89, -1.04, -9.26 	-18.65, 23.11, -6.92 	0.00, -0.00 	13,22,30,134		23.38,9.62	0,0 	0
4243    	8.89, -1.04, -9.26 	-18.67, 23.11, -6.91 	0.00, -0.00 	13,22,30,143		0.00,19.25	0,0 	0
4252    	8.91, -1.03, -9.26 	-18.66, 23.11, -6.92 	0.00, -0.00 	13,22,30,153		22.02,9.62	0,0 	0
4261    	8.91, -1.04, -9.25 	-18.67, 23.13, -6.92 	0.00, -0.00 	13,22,30,163		10.65,23.58	0,0 	0
4269    	8.92, -1.04, -9.25 	-18.66, 23.13, -6.92 	0.00, -0.00 	13,22,30,172		9.63,9.62	0,0 	0
4278    	8.92, -1.05, -9.26 	-18.66, 23.13, -6.92 	0.00, -0.00 	13,22,30,182		10.66,0.00	0,0 	0
4287    	8.94, -1.04, -9.26 	-18.67, 23.14, -6.92 	0.00, -0.00 	13,22,30,192		22.02,14.49	0,0 	0
4295    	8.93, -1.03, -9.26 	-18.67, 23.15, -6.91 	0.00, -0.00 	13,22,30,201		14.36,10.69	0,0 	0
4305    	8.96, -1.04, -9.26 	-18.66, 23.15, -6.92 	0.00, -0.00 	13,22,30,212		30.80,9.62	0,0 	0
4313    	8.95, -1.04, -9.26 	-18.66, 23.15, -6.91 	0.00, -0.00 	13,22,30,221		inf,nan	0,0 	0
4321    	8.97, -1.05, -9.25 	-18.64, 23.16, -6.91 	0.00, -0.00 	13,22,30,230		22.01,21.88	0,0 	0
4330    	8.98, -1.05, -9.26 	-18.63, 23.16, -6.91 	0.00, -0.00 	13,22,30,240		4.82,4.81	0,0 	0
4339    	9.00, -1.06, -9.29 	-18.63, 23.19, -6.91 	0.00, -0.00 	13,22,30,250		22.01,32.07	0,0 	0
4348    	9.03, -1.06, -9.28 	-18.60, 23.19, -6.91 	0.00, -0.00 	13,22,30,260		28.90,28.87	0,0 	0
4356    	9.05, -1.07, -9.29 	-18.59, 23.20, -6.91 	0.00, -0.00 	13,22,30,269		22.01,14.28	0,0 	0
4365    	9.08, -1.11, -9.32 	-18.57, 23.20, -6.91 	0.00, -0.00 	13,22,30,279		51.48,19.25	0,0 	0
4374    	9.14, -1.18, -9.35 	-18.53, 23.17, -6.90 	0.00, -0.00 	13,22,30,289		inf,inf	0,0 	0
4382    	9.28, -1.21, -9.40 	-18.47, 23.11, -6.90 	0.00, -0.00 	13,22,30,298		147.98,86.96	0,0 	0
4391    	9.45, -1.22, -9.46 	-18.40, 23.05, -6.90 	0.00, -0.00 	13,22,30,308		173.73,94.40	0,0 	0
4400    	9.61, -1.30, -9.51 	-18.34, 23.00, -6.91 	0.00, -0.00 	13,22,30,318		176.08,79.28	0,0 	0
4408    	9.81, -1.37, -9.55 	-18.29, 22.92, -6.91 	0.00, -0.00 	13,22,30,327		212.12,89.59	0,0 	0
4417    	10.01, -1.47, -9.58 	-18.22, 22.87, -6.91 	0.00, -0.00 	13,22,30,337		228.58,86.63	0,0 	0
4426    	10.19, -1.57, -9.58 	-18.15, 22.78, -6.91 	0.00, -0.00 	13,22,30,347		198.09,109.68	0,0 	0
4434    	10.31, -1.66, -9.61 	-18.11, 22.71, -6.91 	0.00, -0.00 	13,22,30,356		151.44,89.59	0,0 	0
4443    	10.43, -1.70, -9.65 	-18.03, 22.63, -6.91 	0.00, -0.00 	13,22,30,366		123.18,108.18	0,0 	0
4452    	10.63, -1.71, -9.69 	-17.96, 22.54, -6.90 	0.00, -0.00 	13,22,30,376		202.58,118.30	0,0 	0
4460    	10.79, -1.74, -9.70 	-17.86, 22.41, -6.89 	0.00, -0.00 	13,22,30,385		166.84,161.55	0,0 	0
4469    	10.91, -1.78, -9.73 	-17.74, 22.28, -6.90 	0.00, -0.00 	13,22,30,395		123.18,180.56	0,0 	0
4478    	11.07, -1.87, -9.73 	-17.61, 22.16, -6.89 	0.00, -0.00 	13,22,30,405		184.57,173.01	0,0 	0
4486    	11.29, -1.99, -9.77 	-17.48, 22.05, -6.89 	0.00, -0.00 	13,22,30,414		250.59,165.80	0,0 	0
4496    	11.55, -2.09, -9.81 	-17.33, 21.96, -6.90 	0.00, -0.00 	13,22,30,425		281.02,177.28	0,0 	0
4504    	11.87, -2.22, -9.85 	-17.16, 21.87, -6.90 	0.00, -0.00 	13,22,30,434		inf,inf	0,0 	0
4512    	12.07, -2.37, -9.84 	-16.96, 21.80, -6.92 	0.00, -0.00 	13,22,30,443		251.27,203.81	0,0 	0
4521    	12.26, -2.51, -9.84 	-16.73, 21.71, -6.93 	0.00, -0.00 	13,22,30,453		114.73,123.76	0,0 	0
4530    	12.45, -2.62, -9.84 	-16.47, 21.65, -6.95 	0.00, -0.00 	13,22,30,463		220.11,268.59	0,0 	0
4539    	12.59, -2.67, -9.85 	-16.11, 21.57, -6.95 	0.00, -0.00 	13,22,30,473		153.98,374.40	0,0 	0
4547    	12.67, -2.76, -9.89 	-15.69, 21.49, -6.94 	0.00, -0.00 	13,22,30,482		122.98,421.66	0,0 	0
4556    	12.86, -2.81, -9.93 	-15.43, 21.40, -6.93 	0.00, -0.00 	13,22,30,492		197.30,274.79	0,0 	0
4565    	13.13, -2.81, -10.01 	-15.17, 21.33, -6.93 	0.00, -0.00 	13,22,30,502		269.74,271.50	0,0 	0
4573    	13.39, -2.81, -10.07 	-14.87, 21.20, -6.92 	0.00, -0.00 	13,22,30,511		260.11,326.55	0,0 	0
4582    	13.64, -2.90, -10.07 	-14.60, 21.07, -6.92 	0.00, -0.00 	13,22,30,521		268.14,300.21	0,0 	0
4591    	13.83, -3.04, -10.05 	-14.34, 20.92, -6.91 	0.00, -0.00 	13,22,30,531		237.21,296.54	0,0 	0
4599    	14.08, -3.12, -10.05 	-14.08, 20.80, -6.92 	0.00, -0.00 	13,22,30,540		252.07,286.85	0,0 	0
4608    	14.39, -3.15, -10.08 	-13.81, 20.66, -6.92 	0.00, -0.00 	13,22,30,550		319.49,305.07	0,0 	0
4617    	14.64, -3.26, -10.10 	-13.53, 20.50, -6.91 	0.00, -0.00 	13,22,30,560		272.13,324.00	0,0 	0
4625    	14.86, -3.37, -10.13 	-13.27, 20.32, -6.90 	0.00, -0.00 	13,22,30,569		242.11,319.36	0,0 	0
4634    	15.09, -3.52, -10.20 	-13.02, 20.12, -6.88 	0.00, -0.00 	13,22,30,579		275.06,317.98	0,0 	0
4643    	15.38, -3.63, -10.24 	-12.74, 19.92, -6.87 	0.00, -0.00 	13,22,30,589		307.95,339.92	0,0 	0
4651    	15.67, -3.76, -10.27 	-12.45, 19.71, -6.86 	0.00, -0.00 	13,22,30,598		324.78,363.48	0,0 	0
4660    	15.90, -3.90, -10.27 	-12.14, 19.46, -6.86 	0.00, -0.00 	13,22,30,608		261.22,397.01	0,0 	0
4669    	16.18, -4.03, -10.28 	-11.83, 19.21, -6.85 	0.00, -0.00 	13,22,30,618		320.40,397.01	0,0 	0
4677    	16.47, -4.16, -10.29 	-11.51, 18.94, -6.84 	0.00, -0.00 	13,22,30,627		315.95,418.19	0,0 	0
4686    	16.82, -4.22, -10.30 	-11.22, 18.68, -6.83 	0.00, -0.00 	13,22,30,637		350.84,396.42	0,0 	0
4695    	17.14, -4.30, -10.31 	-10.95, 18.40, -6.82 	0.00, -0.00 	13,22,30,647		329.08,383.39	0,0 	0
4703    	17.36, -4.53, -10.28 	-10.67, 18.09, -6.81 	0.00, -0.00 	13,22,30,656		157.39,206.19	0,0 	0
4712    	17.58, -4.70, -10.26 	-10.40, 17.80, -6.82 	0.00, -0.00 	13,22,30,666		93.16,132.63	0,0 	0
4721    	17.83, -4.80, -10.23 	-10.14, 17.49, -6.83 	0.00, -0.00 	13,22,30,676		136.06,203.78	0,0 	0
4730    	18.03, -4.95, -10.20 	-9.90, 17.19, -6.86 	0.00, -0.00 	13,22,30,686		251.27,386.90	0,0 	0
4738    	18.25, -5.10, -10.20 	-9.65, 16.89, -6.88 	0.00, -0.00 	13,22,30,695		133.51,193.45	0,0 	0
4747    	18.48, -5.26, -10.22 	-9.41, 16.62, -6.92 	0.00, -0.00 	13,22,30,705		140.49,181.17	0,0 	0
4756    	18.84, -5.41, -10.21 	-9.16, 16.34, -6.96 	0.00, -0.00 	13,22,30,715		193.15,188.41	0,0 	0
4764    	19.22, -5.47, -10.21 	-8.94, 16.04, -6.98 	0.00, -0.00 	13,22,30,724		190.53,187.50	0,0 	0
4773    	19.54, -5.57, -10.16 	-8.69, 15.73, -6.99 	0.00, -0.00 	13,22,30,734		170.61,197.67	0,0 	0
4782    	19.85, -5.73, -10.12 	-8.50, 15.42, -7.00 	0.00, -0.00 	13,22,30,744		173.57,179.18	0,0 	0
4790    	20.19, -5.91, -10.09 	-8.29, 15.12, -7.02 	0.00, -0.00 	13,22,30,753		191.32,184.64	0,0 	0
4799    	20.47, -6.08, -10.08 	-8.02, 14.84, -7.06 	0.00, -0.00 	13,22,30,763		163.59,191.69	0,0 	0
4808    	20.75, -6.29, -10.01 	-7.79, 14.56, -7.09 	0.00, -0.00 	13,22,30,773		172.45,182.05	0,0 	0
4816    	20.93, -6.38, -9.94 	-7.61, 14.31, -7.11 	0.00, -0.00 	13,22,30,782		103.29,158.67	0,0 	0
4825    	21.07, -6.37, -9.94 	-7.42, 14.04, -7.12 	0.00, -0.00 	13,22,30,792		72.45,163.07	0,0 	0
4834    	21.32, -6.42, -9.91 	-7.26, 13.74, -7.14 	0.00, -0.00 	13,22,30,802		123.31,171.66	0,0 	0
4842    	21.47, -6.57, -9.87 	-7.04, 13.42, -7.15 	0.00, -0.00 	13,22,30,811		107.21,189.05	0,0 	0
4851    	21.80, -6.70, -9.83 	-6.82, 13.09, -7.16 	0.00, -0.00 	13,22,30,821		175.76,200.67	0,0 	0
4860    	21.99, -6.91, -9.82 	-6.62, 12.79, -7.18 	0.00, -0.00 	13,22,30,831		143.59,179.18	0,0 	0
4868    	22.21, -7.11, -9.80 	-6.47, 12.45, -7.18 	0.00, -0.00 	13,22,30,840		146.47,188.66	0,0 	0
4878    	22.50, -7.28, -9.74 	-6.30, 12.08, -7.19 	0.00, -0.00 	13,22,30,851		167.72,200.45	0,0 	0
4886    	22.76, -7.42, -9.70 	-6.13, 11.72, -7.20 	0.00, -0.00 	13,22,30,860		294.60,400.89	0,0 	0
4895    	22.94, -7.65, -9.68 	-5.94, 11.37, -7.22 	0.00, -0.00 	13,22,30,870		148.65,197.55	0,0 	0
4903    	23.03, -7.84, -9.66 	-5.74, 11.06, -7.26 	0.00, -0.00 	13,22,30,879		105.21,186.34	0,0 	0
4912    	23.24, -8.04, -9.66 	-5.62, 10.71, -7.29 	0.00, -0.00 	13,22,30,889		146.49,186.45	0,0 	0
4921    	23.32, -8.23, -9.64 	-5.44, 10.33, -7.35 	0.00, -0.00 	13,22,30,899		98.40,207.37	0,0 	0
4929    	23.47, -8.34, -9.61 	-5.33, 9.95, -7.37 	0.00, -0.00 	13,22,30,908		96.78,200.37	0,0 	0
4938    	23.61, -8.48, -9.56 	-5.24, 9.57, -7.37 	0.00, -0.00 	13,22,30,918		96.63,192.69	0,0 	0
4947    	23.80, -8.55, -9.57 	-5.15, 9.21, -7.38 	0.00, -0.00 	13,22,30,928		202.96,377.45	0,0 	0
4955    	23.98, -8.64, -9.55 	-4.95, 8.85, -7.42 	0.00, -0.00 	13,22,30,937		103.29,202.23	0,0 	0
4964    	24.19, -8.79, -9.53 	-4.77, 8.52, -7.44 	0.00, -0.00 	13,22,30,947		129.54,190.48	0,0 	0
4973    	24.40, -9.00, -9.51 	-4.69, 8.18, -7.45 	0.00, -0.00 	13,22,30,957		146.86,175.91	0,0 	0
4981    	24.56, -9.17, -9.48 	-4.59, 7.88, -7.48 	0.00, -0.00 	13,22,30,966		118.16,157.92	0,0 	0
4990    	24.71, -9.30, -9.45 	-4.47, 7.55, -7.51 	0.00, -0.00 	13,22,30,976		100.10,171.28	0,0 	0
4999    	24.83, -9.42, -9.40 	-4.32, 7.33, -7.55 	0.00, -0.00 	13,22,30,986		82.28,134.38	0,0 	0
5007    	24.91, -9.54, -9.32 	-4.28, 7.09, -7.58 	0.00, -0.00 	13,22,30,995		70.11,119.46	0,0 	0
5016    	24.96, -9.61, -9.29 	-4.20, 6.89, -7.61 	0.00, -0.00 	13,22,31,5		47.16,111.02	0,0 	0
5025    	25.07, -9.70, -9.27 	-4.07, 6.67, -7.65 	0.00, -0.00 	13,22,31,15		67.98,124.69	0,0 	0
5033    	25.30, -9.75, -9.28 	-3.97, 6.48, -7.70 	0.00, -0.00 	13,22,31,24		118.61,108.24	0,0 	0
5043    	25.45, -9.86, -9.25 	-3.85, 6.27, -7.73 	0.00, -0.00 	13,22,31,35		93.66,124.69	0,0 	0
5051    	25.55, -10.01, -9.23 	-3.80, 6.04, -7.74 	0.00, -0.00 	13,22,31,44		177.51,230.34	0,0 	0
5059    	25.65, -10.16, -9.22 	-3.76, 5.78, -7.75 	0.00, -0.00 	13,22,31,53		88.75,129.33	0,0 	0
5068    	25.79, -10.27, -9.17 	-3.70, 5.57, -7.77 	0.00, -0.00 	13,22,31,63		93.00,112.58	0,0 	0
5077    	25.88, -10.42, -9.12 	-3.62, 5.36, -7.77 	0.00, -0.00 	13,22,31,73		86.24,114.18	0,0 	0
5086    	25.92, -10.62, -9.05 	-3.57, 5.16, -7.74 	0.00, -0.00 	13,22,31,83		103.02,99.54	0,0 	0
5094    	25.96, -10.77, -8.99 	-3.52, 4.99, -7.74 	0.00, -0.00 	13,22,31,92		78.36,89.20	0,0 	0
5103    	25.97, -10.84, -8.98 	-3.50, 4.81, -7.74 	0.00, -0.00 	13,22,31,102		32.32,91.53	0,0 	0
5112    	26.10, -10.89, -8.96 	-3.37, 4.65, -7.76 	0.00, -0.00 	13,22,31,112		68.03,102.45	0,0 	0
5120    	26.26, -10.91, -8.92 	-3.27, 4.53, -7.78 	0.00, -0.00 	13,22,31,121		82.57,79.71	0,0 	0
5129    	26.29, -10.98, -8.92 	-3.16, 4.37, -7.76 	0.00, -0.00 	13,22,31,131		35.07,96.75	0,0 	0
5138    	26.43, -11.00, -8.86 	-3.11, 4.21, -7.73 	0.00, -0.00 	13,22,31,141		73.03,84.07	0,0 	0
5146    	26.59, -11.13, -8.80 	-3.03, 4.04, -7.73 	0.00, -0.00 	13,22,31,150		100.10,94.33	0,0 	0
5155    	26.76, -11.16, -8.73 	-2.90, 3.84, -7.70 	0.00, -0.00 	13,22,31,160		88.15,115.56	0,0 	0
5164    	26.91, -11.32, -8.67 	-2.86, 3.68, -7.67 	0.00, -0.00 	13,22,31,170		107.69,84.07	0,0 	0
5172    	26.94, -11.46, -8.61 	-2.80, 3.57, -7.64 	0.00, -0.00 	13,22,31,179		71.87,61.14	0,0 	0
5181    	26.88, -11.69, -8.54 	-2.78, 3.45, -7.60 	0.00, -0.00 	13,22,31,189		121.97,65.01	0,0 	0
5190    	26.94, -11.79, -8.55 	-2.71, 3.32, -7.61 	0.00, -0.00 	13,22,31,199		58.60,72.91	0,0 	0
5198    	26.91, -11.94, -8.49 	-2.67, 3.21, -7.58 	0.00, -0.00 	13,22,31,208		77.04,57.09	0,0 	0
5207    	26.95, -12.00, -8.50 	-2.60, 3.13, -7.56 	0.00, -0.00 	13,22,31,218		40.01,50.73	0,0 	0
5216    	27.01, -12.00, -8.46 	-2.51, 3.04, -7.56 	0.00, -0.00 	13,22,31,228		28.90,65.22	0,0 	0
5224    	27.15, -12.02, -8.49 	-2.43, 2.94, -7.53 	0.00, -0.00 	13,22,31,237		68.26,65.22	0,0 	0
5233    	27.14, -12.08, -8.46 	-2.37, 2.89, -7.51 	0.00, -0.00 	13,22,31,247		32.33,39.64	0,0 	0
5242    	27.16, -12.24, -8.43 	-2.35, 2.80, -7.47 	0.00, -0.00 	13,22,31,257		80.48,43.98	0,0 	0
5251    	27.20, -12.31, -8.38 	-2.28, 2.74, -7.45 	0.00, -0.00 	13,22,31,267		40.01,46.86	0,0 	0
5259    	27.22, -12.39, -8.37 	-2.26, 2.68, -7.42 	0.00, -0.00 	13,22,31,276		12.48,8.16	0,0 	0
5268    	27.20, -12.50, -8.30 	-2.28, 2.64, -7.40 	0.00, -0.00 	13,22,31,286		13.54,5.83	0,0 	0
5277    	27.26, -12.59, -8.27 	-2.28, 2.60, -7.36 	0.00, -0.00 	13,22,31,296		12.87,5.35	0,0 	0
5285    	27.26, -12.67, -8.26 	-2.24, 2.54, -7.33 	0.00, -0.00 	13,22,31,305		10.65,8.29	0,0 	0
5294    	27.28, -12.67, -8.23 	-2.23, 2.52, -7.33 	0.00, -0.00 	13,22,31,315		2.41,2.95	0,0 	0
5303    	27.31, -12.75, -8.24 	-2.17, 2.51, -7.32 	0.00, -0.00 	13,22,31,325		10.00,7.36	0,0 	0
5311    	27.43, -12.67, -8.23 	-2.09, 2.47, -7.32 	0.00, -0.00 	13,22,31,334		17.20,12.15	0,0 	0
5320    	27.40, -12.69, -8.21 	-2.06, 2.48, -7.31 	0.00, -0.00 	13,22,31,344		4.49,3.83	0,0 	0
5329    	27.56, -12.68, -8.19 	-1.97, 2.47, -7.31 	0.00, -0.00 	13,22,31,354		20.52,10.93	0,0 	0
5337    	27.64, -12.72, -8.18 	-1.93, 2.45, -7.30 	0.00, -0.00 	13,22,31,363		11.01,5.54	0,0 	0
5346    	27.70, -12.72, -8.22 	-1.85, 2.43, -7.29 	0.00, -0.00 	13,22,31,373		8.43,10.93	0,0 	0
5355    	27.71, -12.82, -8.14 	-1.80, 2.40, -7.27 	0.00, -0.00 	13,22,31,383		12.05,7.28	0,0 	0
5363    	27.71, -12.93, -8.12 	-1.75, 2.40, -7.26 	0.00, -0.00 	13,22,31,392		13.32,6.02	0,0 	0
5372    	27.68, -13.07, -8.07 	-1.69, 2.40, -7.24 	0.00, -0.00 	13,22,31,402		17.69,7.22	0,0 	0
5381    	27.75, -13.20, -8.03 	-1.64, 2.40, -7.25 	0.00, -0.00 	13,22,31,412		19.25,6.02	0,0 	0
5389    	27.74, -13.35, -8.02 	-1.56, 2.40, -7.25 	0.00, -0.00 	13,22,31,421		16.61,9.62	0,0 	0
5399    	27.72, -13.40, -8.02 	-1.49, 2.37, -7.25 	0.00, -0.00 	13,22,31,432		5.85,9.38	0,0 	0
5407    	27.85, -13.46, -8.02 	-1.42, 2.32, -7.22 	0.00, -0.00 	13,22,31,441		20.08,11.48	0,0 	0
5416    	27.97, -13.46, -7.98 	-1.32, 2.25, -7.19 	0.00, -0.00 	13,22,31,451		15.66,15.35	0,0 	0
5424    	28.04, -13.56, -7.91 	-1.16, 2.16, -7.19 	0.00, -0.00 	13,22,31,460		16.74,26.54	0,0 	0
5433    	28.18, -13.68, -7.88 	-1.09, 2.09, -7.13 	0.00, -0.00 	13,22,31,470		24.11,12.68	0,0 	0
5442    	28.28, -13.88, -7.78 	-1.08, 1.98, -7.08 	0.00, -0.00 	13,22,31,480		26.82,13.44	0,0 	0
5450    	28.33, -14.12, -7.79 	-1.00, 1.86, -7.04 	0.00, -0.00 	13,22,31,489		35.67,20.22	0,0 	0
5459    	28.42, -14.26, -7.69 	-1.00, 1.75, -7.03 	0.00, -0.00 	13,22,31,499		21.08,13.36	0,0 	0
5468    	28.51, -14.45, -7.66 	-0.92, 1.66, -7.01 	0.00, -0.00 	13,22,31,509		26.30,16.30	0,0 	0
5476    	28.53, -14.58, -7.66 	-0.87, 1.58, -7.04 	0.00, -0.00 	13,22,31,518		16.16,11.20	0,0 	0
5485    	28.60, -14.75, -7.66 	-0.78, 1.47, -7.04 	0.00, -0.00 	13,22,31,528		22.91,17.33	0,0 	0
5494    	28.70, -14.81, -7.66 	-0.76, 1.31, -7.02 	0.00, -0.00 	13,22,31,538		15.46,20.23	0,0 	0
5502    	28.86, -14.83, -7.65 	-0.63, 1.18, -7.00 	0.00, -0.00 	13,22,31,547		19.45,22.57	0,0 	0
