#Time 	Sensor1         Sensor2         Target          Time            Vel             
#================================================================

17      	30.28, -12.57, -8.28 	-0.40, 1.01, -6.68 	-17.32, 10.00 	13,20,53,475		0.00,0.00	0,0 	0
26      	30.26, -12.60, -8.29 	-0.42, 1.01, -6.68 	-17.32, 10.00 	13,20,53,485		4.15,2.14	0,0 	0
35      	30.26, -12.60, -8.28 	-0.34, 1.01, -6.68 	-17.32, 10.00 	13,20,53,495		0.00,8.55	0,0 	0
43      	30.25, -12.60, -8.28 	-0.37, 1.01, -6.69 	-17.32, 10.00 	13,20,53,504		1.20,3.61	0,0 	0
52      	30.28, -12.58, -8.29 	-0.37, 1.01, -6.71 	-17.32, 10.00 	13,20,53,514		3.99,0.00	0,0 	0
61      	30.26, -12.61, -8.28 	-0.40, 1.02, -6.71 	-17.32, 10.00 	13,20,53,524		4.15,3.44	0,0 	0
69      	30.27, -12.60, -8.29 	-0.42, 1.04, -6.70 	-17.32, 10.00 	13,20,53,533		1.80,3.62	0,0 	0
78      	30.28, -12.63, -8.29 	-0.39, 1.02, -6.68 	-17.32, 10.00 	13,20,53,543		3.71,4.02	0,0 	0
87      	30.26, -12.64, -8.28 	-0.41, 1.02, -6.68 	-17.32, 10.00 	13,20,53,553		2.45,2.14	0,0 	0
95      	30.24, -12.66, -8.29 	-0.43, 1.01, -6.69 	-17.32, 10.00 	13,20,53,562		3.59,2.73	0,0 	0
104     	30.25, -12.67, -8.27 	-0.46, 1.01, -6.68 	-17.32, 10.00 	13,20,53,572		1.60,3.21	0,0 	0
113     	30.25, -12.66, -8.27 	-0.47, 1.00, -6.68 	-17.32, 10.00 	13,20,53,582		1.18,1.59	0,0 	0
122     	30.27, -12.65, -8.27 	-0.47, 1.02, -6.68 	-17.32, 10.00 	13,20,53,592		2.45,2.38	0,0 	0
130     	30.29, -12.62, -8.28 	-0.49, 1.01, -6.68 	-17.32, 10.00 	13,20,53,601		4.67,2.73	0,0 	0
139     	30.27, -12.64, -8.28 	-0.47, 1.01, -6.68 	-17.32, 10.00 	13,20,53,611		3.19,2.14	0,0 	0
148     	30.31, -12.66, -8.26 	-0.47, 1.02, -6.68 	-17.32, 10.00 	13,20,53,621		4.89,1.19	0,0 	0
156     	30.33, -12.63, -8.26 	-0.46, 1.02, -6.69 	-17.32, 10.00 	13,20,53,630		5.39,1.20	0,0 	0
165     	30.33, -12.63, -8.26 	-0.48, 1.02, -6.70 	-17.32, 10.00 	13,20,53,640		0.00,2.14	0,0 	0
174     	30.32, -12.67, -8.24 	-0.48, 1.03, -6.70 	-17.32, 10.00 	13,20,53,650		5.20,1.19	0,0 	0
182     	30.32, -12.66, -8.25 	-0.51, 1.01, -6.69 	-17.32, 10.00 	13,20,53,659		1.80,4.46	0,0 	0
191     	30.33, -12.66, -8.25 	-0.48, 1.01, -6.69 	-17.32, 10.00 	13,20,53,669		1.07,3.21	0,0 	0
201     	30.34, -12.67, -8.25 	-0.49, 1.01, -6.69 	-17.32, 10.00 	13,20,53,680		1.44,0.96	0,0 	0
208     	30.32, -12.72, -8.24 	-0.53, 1.03, -6.69 	-17.32, 10.00 	13,20,53,688		6.68,6.33	0,0 	0
217     	30.32, -12.72, -8.24 	-0.52, 1.02, -6.70 	-17.32, 10.00 	13,20,53,698		0.00,1.61	0,0 	0
226     	30.32, -12.69, -8.25 	-0.53, 1.03, -6.70 	-17.32, 10.00 	13,20,53,708		2.60,1.61	0,0 	0
235     	30.34, -12.70, -8.24 	-0.54, 1.03, -6.70 	-17.32, 10.00 	13,20,53,718		3.42,1.07	0,0 	0
243     	30.36, -12.67, -8.25 	-0.53, 1.04, -6.71 	-17.32, 10.00 	13,20,53,727		4.67,1.78	0,0 	0
252     	30.34, -12.69, -8.24 	-0.53, 1.02, -6.71 	-17.32, 10.00 	13,20,53,737		3.19,2.38	0,0 	0
260     	30.35, -12.69, -8.24 	-0.50, 1.03, -6.69 	-17.32, 10.00 	13,20,53,746		1.20,3.83	0,0 	0
269     	30.34, -12.72, -8.24 	-0.49, 1.03, -6.70 	-17.32, 10.00 	13,20,53,756		2.60,1.07	0,0 	0
278     	30.33, -12.73, -8.24 	-0.52, 1.02, -6.69 	-17.32, 10.00 	13,20,53,766		1.60,3.40	0,0 	0
286     	30.32, -12.72, -8.25 	-0.52, 1.03, -6.69 	-17.32, 10.00 	13,20,53,775		1.79,1.34	0,0 	0
295     	30.35, -12.73, -8.25 	-0.52, 1.01, -6.70 	-17.32, 10.00 	13,20,53,785		3.42,2.38	0,0 	0
304     	30.32, -12.75, -8.25 	-0.56, 1.01, -6.70 	-17.32, 10.00 	13,20,53,795		4.89,4.28	0,0 	0
312     	30.34, -12.70, -8.26 	-0.57, 1.02, -6.70 	-17.32, 10.00 	13,20,53,804		6.44,1.81	0,0 	0
321     	30.34, -12.72, -8.26 	-0.54, 1.01, -6.70 	-17.32, 10.00 	13,20,53,814		1.18,3.44	0,0 	0
330     	30.37, -12.70, -8.26 	-0.54, 1.02, -6.70 	-17.32, 10.00 	13,20,53,824		3.42,1.19	0,0 	0
339     	30.37, -12.70, -8.26 	-0.54, 1.01, -6.68 	-17.32, 10.00 	13,20,53,834		0.00,1.19	0,0 	0
347     	30.37, -12.72, -8.25 	-0.56, 0.99, -6.69 	-17.32, 10.00 	13,20,53,843		1.33,3.57	0,0 	0
356     	30.36, -12.73, -8.25 	-0.56, 0.99, -6.69 	-17.32, 10.00 	13,20,53,853		1.60,0.00	0,0 	0
365     	30.37, -12.70, -8.25 	-0.55, 1.00, -6.70 	-17.32, 10.00 	13,20,53,863		2.60,1.59	0,0 	0
373     	30.37, -12.72, -8.25 	-0.55, 0.99, -6.68 	-17.32, 10.00 	13,20,53,872		1.33,1.34	0,0 	0
382     	30.34, -12.69, -8.26 	-0.57, 0.98, -6.68 	-17.32, 10.00 	13,20,53,882		3.99,3.40	0,0 	0
391     	30.34, -12.70, -8.26 	-0.57, 0.99, -6.69 	-17.32, 10.00 	13,20,53,892		1.18,1.59	0,0 	0
399     	30.37, -12.68, -8.26 	-0.57, 0.99, -6.69 	-17.32, 10.00 	13,20,53,901		4.49,0.00	0,0 	0
408     	30.38, -12.69, -8.24 	-0.56, 0.99, -6.68 	-17.32, 10.00 	13,20,53,911		1.60,1.07	0,0 	0
417     	30.40, -12.69, -8.25 	-0.55, 1.00, -6.68 	-17.32, 10.00 	13,20,53,921		2.14,1.59	0,0 	0
425     	30.39, -12.67, -8.25 	-0.56, 0.98, -6.68 	-17.32, 10.00 	13,20,53,930		2.92,2.91	0,0 	0
434     	30.39, -12.66, -8.25 	-0.55, 1.00, -6.69 	-17.32, 10.00 	13,20,53,940		1.18,2.59	0,0 	0
443     	30.38, -12.67, -8.24 	-0.55, 0.99, -6.67 	-17.32, 10.00 	13,20,53,950		1.60,1.19	0,0 	0
451     	30.36, -12.66, -8.24 	-0.53, 0.98, -6.68 	-17.32, 10.00 	13,20,53,959		2.75,2.77	0,0 	0
460     	30.35, -12.70, -8.24 	-0.53, 0.99, -6.68 	-17.32, 10.00 	13,20,53,969		4.86,1.19	0,0 	0
469     	30.34, -12.69, -8.24 	-0.52, 0.99, -6.69 	-17.32, 10.00 	13,20,53,979		1.60,1.07	0,0 	0
477     	30.38, -12.67, -8.24 	-0.55, 0.98, -6.68 	-17.32, 10.00 	13,20,53,988		5.51,3.83	0,0 	0
486     	30.35, -12.68, -8.24 	-0.55, 0.98, -6.68 	-17.32, 10.00 	13,20,53,998		3.42,0.00	0,0 	0
495     	30.35, -12.67, -8.25 	-0.53, 0.98, -6.68 	-17.32, 10.00 	13,20,54,8		1.18,2.14	0,0 	0
505     	30.37, -12.66, -8.26 	-0.53, 1.00, -6.70 	-17.32, 10.00 	13,20,54,19		2.20,2.14	0,0 	0
512     	30.35, -12.66, -8.26 	-0.56, 1.00, -6.68 	-17.32, 10.00 	13,20,54,27		2.75,4.12	0,0 	0
521     	30.36, -12.65, -8.25 	-0.55, 1.02, -6.69 	-17.32, 10.00 	13,20,54,37		1.60,2.59	0,0 	0
530     	30.35, -12.69, -8.24 	-0.53, 1.02, -6.70 	-17.32, 10.00 	13,20,54,47		4.86,2.14	0,0 	0
538     	30.33, -12.68, -8.24 	-0.57, 1.02, -6.70 	-17.32, 10.00 	13,20,54,56		2.75,4.81	0,0 	0
547     	30.32, -12.70, -8.24 	-0.58, 1.00, -6.69 	-17.32, 10.00 	13,20,54,66		2.60,3.17	0,0 	0
556     	30.32, -12.73, -8.23 	-0.57, 1.00, -6.70 	-17.32, 10.00 	13,20,54,76		2.37,2.14	0,0 	0
564     	30.32, -12.73, -8.25 	-0.59, 1.00, -6.69 	-17.32, 10.00 	13,20,54,85		0.00,3.61	0,0 	0
573     	30.31, -12.74, -8.25 	-0.59, 1.01, -6.68 	-17.32, 10.00 	13,20,54,95		2.45,1.19	0,0 	0
582     	30.32, -12.76, -8.24 	-0.58, 1.01, -6.68 	-17.32, 10.00 	13,20,54,105		3.19,1.07	0,0 	0
590     	30.34, -12.76, -8.24 	-0.58, 1.03, -6.69 	-17.32, 10.00 	13,20,54,114		2.41,2.67	0,0 	0
599     	30.36, -12.76, -8.23 	-0.61, 1.01, -6.68 	-17.32, 10.00 	13,20,54,124		2.14,3.96	0,0 	0
608     	30.39, -12.77, -8.21 	-0.59, 1.01, -6.67 	-17.32, 10.00 	13,20,54,134		3.42,2.14	0,0 	0
616     	30.39, -12.77, -8.21 	-0.60, 1.02, -6.67 	-17.32, 10.00 	13,20,54,143		0.00,1.81	0,0 	0
625     	30.36, -12.81, -8.21 	-0.63, 1.03, -6.68 	-17.32, 10.00 	13,20,54,153		5.72,3.44	0,0 	0
634     	30.36, -12.82, -8.21 	-0.62, 1.01, -6.67 	-17.32, 10.00 	13,20,54,163		1.18,2.62	0,0 	0
642     	30.36, -12.81, -8.21 	-0.62, 1.01, -6.67 	-17.32, 10.00 	13,20,54,172		1.33,0.00	0,0 	0
651     	30.36, -12.81, -8.20 	-0.65, 0.99, -6.66 	-17.32, 10.00 	13,20,54,182		0.00,3.96	0,0 	0
660     	30.38, -12.81, -8.20 	-0.66, 1.01, -6.67 	-17.32, 10.00 	13,20,54,192		2.14,2.62	0,0 	0
668     	30.37, -12.81, -8.20 	-0.65, 1.02, -6.68 	-17.32, 10.00 	13,20,54,201		1.20,1.78	0,0 	0
677     	30.37, -12.80, -8.20 	-0.64, 1.00, -6.66 	-17.32, 10.00 	13,20,54,211		1.18,2.62	0,0 	0
686     	30.35, -12.81, -8.21 	-0.62, 1.00, -6.66 	-17.32, 10.00 	13,20,54,221		2.45,2.14	0,0 	0
696     	30.37, -12.79, -8.20 	-0.62, 1.00, -6.66 	-17.32, 10.00 	13,20,54,232		2.87,0.00	0,0 	0
703     	30.37, -12.80, -8.20 	-0.67, 1.01, -6.65 	-17.32, 10.00 	13,20,54,240		1.52,7.06	0,0 	0
712     	30.37, -12.80, -8.20 	-0.65, 1.02, -6.66 	-17.32, 10.00 	13,20,54,250		0.00,2.43	0,0 	0
722     	30.35, -12.82, -8.20 	-0.65, 1.01, -6.66 	-17.32, 10.00 	13,20,54,261		2.87,1.07	0,0 	0
729     	30.35, -12.82, -8.20 	-0.64, 1.01, -6.67 	-17.32, 10.00 	13,20,54,269		0.00,1.37	0,0 	0
738     	30.34, -12.83, -8.21 	-0.64, 1.01, -6.67 	-17.32, 10.00 	13,20,54,279		1.60,0.00	0,0 	0
747     	30.36, -12.79, -8.21 	-0.64, 1.01, -6.67 	-17.32, 10.00 	13,20,54,289		5.20,0.00	0,0 	0
755     	30.35, -12.79, -8.23 	-0.64, 1.03, -6.67 	-17.32, 10.00 	13,20,54,298		1.20,2.67	0,0 	0
764     	30.35, -12.79, -8.22 	-0.63, 1.02, -6.68 	-17.32, 10.00 	13,20,54,308		0.00,1.61	0,0 	0
773     	30.35, -12.79, -8.22 	-0.63, 1.02, -6.68 	-17.32, 10.00 	13,20,54,318		0.00,0.00	0,0 	0
781     	30.34, -12.78, -8.23 	-0.63, 1.02, -6.68 	-17.32, 10.00 	13,20,54,327		1.79,0.00	0,0 	0
790     	30.36, -12.77, -8.23 	-0.63, 1.01, -6.68 	-17.32, 10.00 	13,20,54,337		2.45,1.19	0,0 	0
799     	30.36, -12.77, -8.22 	-0.63, 1.01, -6.66 	-17.32, 10.00 	13,20,54,347		0.00,0.00	0,0 	0
807     	30.36, -12.78, -8.21 	-0.63, 1.00, -6.66 	-17.32, 10.00 	13,20,54,356		1.33,1.34	0,0 	0
816     	30.36, -12.78, -8.22 	-0.62, 1.00, -6.67 	-17.32, 10.00 	13,20,54,366		0.00,1.07	0,0 	0
825     	30.36, -12.79, -8.23 	-0.62, 1.02, -6.67 	-17.32, 10.00 	13,20,54,376		1.18,2.38	0,0 	0
833     	30.34, -12.78, -8.22 	-0.61, 1.02, -6.68 	-17.32, 10.00 	13,20,54,385		2.75,1.20	0,0 	0
842     	30.33, -12.78, -8.22 	-0.60, 1.02, -6.68 	-17.32, 10.00 	13,20,54,395		1.07,1.07	0,0 	0
851     	30.35, -12.72, -8.23 	-0.60, 1.03, -6.68 	-17.32, 10.00 	13,20,54,405		7.42,1.19	0,0 	0
860     	30.37, -12.73, -8.24 	-0.59, 1.03, -6.69 	-17.32, 10.00 	13,20,54,415		2.45,1.07	0,0 	0
868     	30.36, -12.72, -8.23 	-0.59, 1.03, -6.69 	-17.32, 10.00 	13,20,54,424		1.79,0.00	0,0 	0
877     	30.35, -12.74, -8.23 	-0.62, 1.03, -6.70 	-17.32, 10.00 	13,20,54,434		2.60,3.21	0,0 	0
887     	30.35, -12.75, -8.23 	-0.62, 1.04, -6.69 	-17.32, 10.00 	13,20,54,445		1.07,1.07	0,0 	0
894     	30.36, -12.76, -8.23 	-0.62, 1.03, -6.70 	-17.32, 10.00 	13,20,54,453		2.05,1.53	0,0 	0
903     	30.37, -12.76, -8.23 	-0.61, 1.04, -6.68 	-17.32, 10.00 	13,20,54,463		1.07,1.59	0,0 	0
913     	30.35, -12.77, -8.23 	-0.60, 1.03, -6.68 	-17.32, 10.00 	13,20,54,474		2.20,1.45	0,0 	0
920     	30.35, -12.77, -8.23 	-0.63, 1.03, -6.69 	-17.32, 10.00 	13,20,54,482		0.00,4.12	0,0 	0
929     	30.35, -12.77, -8.23 	-0.63, 1.03, -6.69 	-17.32, 10.00 	13,20,54,492		0.00,0.00	0,0 	0
939     	30.36, -12.74, -8.24 	-0.63, 1.03, -6.68 	-17.32, 10.00 	13,20,54,502		3.34,0.00	0,0 	0
947     	30.36, -12.73, -8.24 	-0.62, 1.03, -6.69 	-17.32, 10.00 	13,20,54,511		1.33,1.20	0,0 	0
956     	30.35, -12.74, -8.23 	-0.62, 1.03, -6.69 	-17.32, 10.00 	13,20,54,521		1.60,0.00	0,0 	0
965     	30.33, -12.74, -8.23 	-0.61, 1.04, -6.70 	-17.32, 10.00 	13,20,54,531		2.14,1.59	0,0 	0
973     	30.35, -12.74, -8.22 	-0.62, 1.06, -6.68 	-17.32, 10.00 	13,20,54,540		2.41,1.81	0,0 	0
982     	30.34, -12.75, -8.22 	-0.62, 1.06, -6.68 	-17.32, 10.00 	13,20,54,550		1.60,0.00	0,0 	0
991     	30.32, -12.79, -8.22 	-0.64, 1.04, -6.68 	-17.32, 10.00 	13,20,54,560		5.20,2.43	0,0 	0
999     	30.32, -12.79, -8.23 	-0.67, 1.04, -6.68 	-17.32, 10.00 	13,20,54,569		0.00,3.61	0,0 	0
1008    	30.32, -12.81, -8.22 	-0.67, 1.04, -6.68 	-17.32, 10.00 	13,20,54,579		2.37,0.00	1000,1 	0
1017    	30.32, -12.82, -8.22 	-0.66, 1.03, -6.67 	-17.32, 10.00 	13,20,54,589		1.18,1.61	1000,1 	0
1025    	30.32, -12.82, -8.22 	-0.68, 1.04, -6.67 	-17.32, 10.00 	13,20,54,598		0.00,2.77	1000,1 	0
1034    	30.32, -12.81, -8.21 	-0.67, 1.02, -6.66 	-17.32, 10.00 	13,20,54,608		1.18,2.62	1000,1 	0
1043    	30.32, -12.81, -8.22 	-0.67, 1.03, -6.66 	-17.32, 10.00 	13,20,54,618		0.00,1.19	1000,1 	0
1052    	30.32, -12.80, -8.22 	-0.67, 1.02, -6.67 	-17.32, 10.00 	13,20,54,628		1.18,1.19	1000,1 	0
1060    	30.32, -12.80, -8.22 	-0.66, 1.00, -6.65 	-17.32, 10.00 	13,20,54,637		0.00,2.95	1000,1 	0
1069    	30.31, -12.83, -8.22 	-0.65, 1.00, -6.66 	-17.32, 10.00 	13,20,54,647		3.71,1.07	1000,1 	0
1078    	30.31, -12.82, -8.21 	-0.64, 1.02, -6.66 	-17.32, 10.00 	13,20,54,657		1.60,2.59	1000,1 	0
1086    	30.31, -12.84, -8.21 	-0.67, 1.02, -6.67 	-17.32, 10.00 	13,20,54,666		2.92,3.61	1000,1 	0
1095    	30.31, -12.85, -8.20 	-0.66, 1.03, -6.66 	-17.32, 10.00 	13,20,54,676		1.18,1.59	1000,1 	0
1104    	30.30, -12.82, -8.20 	-0.66, 1.03, -6.66 	-17.32, 10.00 	13,20,54,686		4.15,0.00	1000,1 	0
1112    	30.31, -12.84, -8.20 	-0.65, 1.02, -6.66 	-17.32, 10.00 	13,20,54,695		2.92,1.81	1000,1 	0
1121    	30.31, -12.84, -8.20 	-0.64, 1.02, -6.66 	-17.32, 10.00 	13,20,54,705		0.00,1.07	1000,1 	0
1130    	30.31, -12.84, -8.21 	-0.64, 1.03, -6.66 	-17.32, 10.00 	13,20,54,715		0.00,1.19	1000,1 	0
1138    	30.32, -12.84, -8.21 	-0.64, 1.03, -6.66 	-17.32, 10.00 	13,20,54,724		2.41,0.00	1000,1 	0
1147    	30.34, -12.83, -8.19 	-0.64, 1.03, -6.67 	-17.32, 10.00 	13,20,54,733		2.45,0.00	1000,1 	0
1156    	30.32, -12.85, -8.19 	-0.67, 1.02, -6.67 	-17.32, 10.00 	13,20,54,743		3.19,3.40	1000,1 	0
1164    	30.32, -12.86, -8.19 	-0.66, 1.01, -6.68 	-17.32, 10.00 	13,20,54,752		1.33,1.81	1000,1 	0
1173    	30.33, -12.86, -8.19 	-0.66, 1.01, -6.68 	-17.32, 10.00 	13,20,54,762		1.07,0.00	1000,1 	0
1182    	30.31, -12.89, -8.19 	-0.66, 1.03, -6.68 	-17.32, 10.00 	13,20,54,772		3.99,2.38	1000,1 	0
1190    	30.30, -12.88, -8.19 	-0.65, 1.02, -6.68 	-17.32, 10.00 	13,20,54,781		1.79,1.81	1000,1 	0
1199    	30.29, -12.89, -8.19 	-0.64, 1.03, -6.69 	-17.32, 10.00 	13,20,54,791		1.60,1.59	1000,1 	0
1208    	30.29, -12.88, -8.20 	-0.70, 1.03, -6.69 	-17.32, 10.00 	13,20,54,801		1.18,6.42	1000,1 	0
1216    	30.30, -12.86, -8.20 	-0.70, 1.03, -6.69 	-17.32, 10.00 	13,20,54,811		1.80,0.00	1000,1 	0
1225    	30.29, -12.84, -8.20 	-0.68, 1.03, -6.68 	-17.32, 10.00 	13,20,54,820		2.60,2.14	1000,1 	0
1234    	30.31, -12.82, -8.21 	-0.68, 1.03, -6.68 	-17.32, 10.00 	13,20,54,830		3.99,0.00	1000,1 	0
1243    	30.32, -12.83, -8.21 	-0.68, 1.01, -6.68 	-17.32, 10.00 	13,20,54,840		1.60,2.38	1000,1 	0
1251    	30.31, -12.83, -8.20 	-0.67, 1.02, -6.69 	-17.32, 10.00 	13,20,54,849		2.41,1.78	1000,1 	0
1260    	30.31, -12.85, -8.20 	-0.67, 1.02, -6.69 	-17.32, 10.00 	13,20,54,859		2.60,0.00	1000,1 	0
1270    	30.31, -12.85, -8.20 	-0.71, 1.01, -6.69 	-17.32, 10.00 	13,20,54,870		0.96,3.98	1000,1 	0
1277    	30.31, -12.82, -8.21 	-0.70, 1.01, -6.68 	-17.32, 10.00 	13,20,54,878		4.77,1.37	1000,1 	0
1286    	30.31, -12.81, -8.21 	-0.70, 1.02, -6.68 	-17.32, 10.00 	13,20,54,888		1.18,1.19	1000,1 	0
1295    	30.31, -12.81, -8.21 	-0.68, 1.01, -6.68 	-17.32, 10.00 	13,20,54,898		0.00,2.46	1000,1 	0
1303    	30.31, -12.78, -8.22 	-0.69, 1.02, -6.68 	-17.32, 10.00 	13,20,54,907		4.17,1.81	1000,1 	0
1312    	30.31, -12.78, -8.22 	-0.69, 1.02, -6.68 	-17.32, 10.00 	13,20,54,917		0.00,0.00	1000,1 	0
1321    	30.31, -12.78, -8.23 	-0.69, 1.02, -6.68 	-17.32, 10.00 	13,20,54,927		0.00,0.00	1000,1 	0
1329    	30.31, -12.78, -8.23 	-0.67, 1.03, -6.69 	-17.32, 10.00 	13,20,54,936		0.00,2.73	1000,1 	0
1338    	30.31, -12.80, -8.22 	-0.67, 1.01, -6.69 	-17.32, 10.00 	13,20,54,946		2.60,2.38	1000,1 	0
1347    	30.30, -12.81, -8.20 	-0.65, 1.01, -6.69 	-17.32, 10.00 	13,20,54,956		2.45,2.14	1000,1 	0
1355    	30.30, -12.81, -8.20 	-0.65, 1.03, -6.70 	-17.32, 10.00 	13,20,54,965		0.00,2.67	1000,1 	0
1364    	30.29, -12.83, -8.20 	-0.65, 1.03, -6.70 	-17.32, 10.00 	13,20,54,975		2.60,0.00	1000,1 	0
1373    	30.28, -12.84, -8.20 	-0.66, 1.03, -6.70 	-17.32, 10.00 	13,20,54,985		1.60,1.07	1000,1 	0
1381    	30.28, -12.86, -8.20 	-0.66, 1.03, -6.70 	-17.32, 10.00 	13,20,54,994		2.66,0.00	1000,1 	0
1390    	30.28, -12.86, -8.21 	-0.66, 1.03, -6.70 	-17.32, 10.00 	13,20,55,4		0.00,0.00	1000,1 	0
1399    	30.29, -12.84, -8.20 	-0.69, 1.06, -6.69 	-17.32, 10.00 	13,20,55,14		2.60,4.02	1000,1 	0
1407    	30.29, -12.79, -8.22 	-0.68, 1.04, -6.69 	-17.32, 10.00 	13,20,55,23		6.66,1.81	1000,1 	0
1416    	30.29, -12.79, -8.22 	-0.68, 1.04, -6.68 	-17.32, 10.00 	13,20,55,33		0.00,0.00	1000,1 	0
1425    	30.28, -12.81, -8.23 	-0.68, 1.04, -6.68 	-17.32, 10.00 	13,20,55,43		2.60,0.00	1000,1 	0
1434    	30.28, -12.83, -8.22 	-0.68, 1.03, -6.69 	-17.32, 10.00 	13,20,55,53		2.37,1.19	1000,1 	0
1442    	30.29, -12.84, -8.20 	-0.71, 1.06, -6.69 	-17.32, 10.00 	13,20,55,62		1.79,4.52	1000,1 	0
1451    	30.29, -12.84, -8.21 	-0.71, 1.06, -6.69 	-17.32, 10.00 	13,20,55,72		0.00,0.00	1000,1 	0
1461    	30.30, -12.85, -8.20 	-0.70, 1.05, -6.69 	-17.32, 10.00 	13,20,55,83		1.44,1.45	1000,1 	0
1468    	30.29, -12.85, -8.21 	-0.70, 1.06, -6.70 	-17.32, 10.00 	13,20,55,91		1.38,1.53	1000,1 	0
1477    	30.29, -12.86, -8.21 	-0.70, 1.05, -6.69 	-17.32, 10.00 	13,20,55,101		1.18,1.19	1000,1 	0
1486    	30.28, -12.83, -8.23 	-0.70, 1.05, -6.69 	-17.32, 10.00 	13,20,55,111		3.71,0.00	1000,1 	0
1494    	30.28, -12.83, -8.23 	-0.69, 1.03, -6.68 	-17.32, 10.00 	13,20,55,120		0.00,1.81	1000,1 	0
1503    	30.27, -12.82, -8.22 	-0.69, 1.03, -6.68 	-17.32, 10.00 	13,20,55,130		1.60,0.00	1000,1 	0
1512    	30.30, -12.83, -8.21 	-0.69, 1.04, -6.68 	-17.32, 10.00 	13,20,55,140		3.42,1.19	1000,1 	0
1520    	30.31, -12.82, -8.22 	-0.67, 1.04, -6.69 	-17.32, 10.00 	13,20,55,149		2.75,2.41	1000,1 	0
1529    	30.31, -12.84, -8.20 	-0.68, 1.04, -6.69 	-17.32, 10.00 	13,20,55,159		2.37,1.07	1000,1 	0
1538    	30.28, -12.85, -8.20 	-0.68, 1.04, -6.69 	-17.32, 10.00 	13,20,55,169		4.44,0.00	1000,1 	0
1546    	30.27, -12.90, -8.19 	-0.71, 1.07, -6.69 	-17.32, 10.00 	13,20,55,178		5.46,4.52	1000,1 	0
1555    	30.29, -12.88, -8.20 	-0.72, 1.05, -6.67 	-17.32, 10.00 	13,20,55,188		3.19,2.59	1000,1 	0
1564    	30.29, -12.88, -8.20 	-0.71, 1.05, -6.68 	-17.32, 10.00 	13,20,55,198		0.00,1.07	1000,1 	0
1572    	30.27, -12.86, -8.21 	-0.72, 1.06, -6.68 	-17.32, 10.00 	13,20,55,207		2.75,1.81	1000,1 	0
1581    	30.27, -12.84, -8.20 	-0.72, 1.07, -6.69 	-17.32, 10.00 	13,20,55,217		2.37,1.19	1000,1 	0
1590    	30.27, -12.84, -8.20 	-0.72, 1.07, -6.69 	-17.32, 10.00 	13,20,55,227		0.00,0.00	1000,1 	0
1599    	30.31, -12.83, -8.20 	-0.72, 1.07, -6.69 	-17.32, 10.00 	13,20,55,237		4.44,0.00	1000,1 	0
1607    	30.31, -12.84, -8.21 	-0.72, 1.07, -6.68 	-17.32, 10.00 	13,20,55,246		1.33,0.00	1000,1 	0
1616    	30.31, -12.86, -8.19 	-0.72, 1.07, -6.68 	-17.32, 10.00 	13,20,55,256		2.37,0.00	1000,1 	0
1625    	30.31, -12.85, -8.20 	-0.72, 1.06, -6.69 	-17.32, 10.00 	13,20,55,266		1.60,1.19	1000,1 	0
1633    	30.31, -12.86, -8.21 	-0.72, 1.06, -6.69 	-17.32, 10.00 	13,20,55,275		1.80,0.00	1000,1 	0
1642    	30.27, -12.84, -8.20 	-0.72, 1.08, -6.69 	-17.32, 10.00 	13,20,55,285		4.89,2.38	1000,1 	0
1652    	30.24, -12.84, -8.21 	-0.72, 1.08, -6.68 	-17.32, 10.00 	13,20,55,296		2.89,0.00	1000,1 	0
1659    	30.22, -12.83, -8.22 	-0.73, 1.08, -6.70 	-17.32, 10.00 	13,20,55,304		3.14,1.37	1000,1 	0
1668    	30.24, -12.83, -8.21 	-0.74, 1.08, -6.70 	-17.32, 10.00 	13,20,55,314		2.14,1.07	1000,1 	0
1677    	30.22, -12.83, -8.21 	-0.74, 1.10, -6.71 	-17.32, 10.00 	13,20,55,324		2.14,2.38	1000,1 	0
1685    	30.24, -12.83, -8.21 	-0.77, 1.10, -6.71 	-17.32, 10.00 	13,20,55,333		2.41,3.61	1000,1 	0
1694    	30.25, -12.82, -8.20 	-0.75, 1.08, -6.71 	-17.32, 10.00 	13,20,55,343		1.60,3.22	1000,1 	0
1703    	30.24, -12.83, -8.21 	-0.74, 1.09, -6.69 	-17.32, 10.00 	13,20,55,353		1.60,1.59	1000,1 	0
1711    	30.24, -12.84, -8.20 	-0.73, 1.09, -6.71 	-17.32, 10.00 	13,20,55,362		1.33,1.20	1000,1 	0
1720    	30.22, -12.87, -8.20 	-0.72, 1.08, -6.70 	-17.32, 10.00 	13,20,55,372		4.15,1.61	1000,1 	0
1729    	30.18, -12.89, -8.20 	-0.75, 1.08, -6.71 	-17.32, 10.00 	13,20,55,382		4.44,3.21	1000,1 	0
1737    	30.14, -12.87, -8.21 	-0.80, 1.05, -6.69 	-17.32, 10.00 	13,20,55,391		5.00,7.18	1000,1 	0
1746    	30.14, -12.85, -8.21 	-0.83, 1.07, -6.71 	-17.32, 10.00 	13,20,55,401		2.37,4.02	1000,1 	0
1755    	30.10, -12.82, -8.24 	-0.84, 1.05, -6.71 	-17.32, 10.00 	13,20,55,411		5.56,3.17	1000,1 	0
1763    	30.05, -12.74, -8.25 	-0.88, 1.11, -6.75 	-17.32, 10.00 	13,20,55,420		12.87,9.41	1000,1 	0
1772    	30.01, -12.68, -8.28 	-0.96, 1.04, -6.75 	-17.32, 10.00 	13,20,55,430		7.30,11.84	1000,1 	0
1781    	29.96, -12.64, -8.29 	-0.99, 1.03, -6.74 	-17.32, 10.00 	13,20,55,440		7.14,3.40	1000,1 	0
1790    	29.91, -12.59, -8.31 	-1.02, 0.98, -6.71 	-17.32, 10.00 	13,20,55,450		7.98,5.69	1000,1 	0
1798    	29.84, -12.49, -8.31 	-1.00, 0.96, -6.70 	-17.32, 10.00 	13,20,55,459		14.65,3.62	1000,1 	0
1807    	29.70, -12.44, -8.34 	-1.05, 0.94, -6.70 	-17.32, 10.00 	13,20,55,469		17.11,5.82	1000,1 	0
1816    	29.55, -12.34, -8.38 	-1.14, 0.87, -6.66 	-17.32, 10.00 	13,20,55,479		19.26,13.45	1000,1 	0
1824    	29.45, -12.22, -8.44 	-1.16, 0.87, -6.67 	-17.32, 10.00 	13,20,55,488		19.74,2.41	1000,1 	0
1833    	29.31, -12.13, -8.51 	-1.16, 0.87, -6.70 	-17.32, 10.00 	13,20,55,498		18.38,0.00	1000,1 	0
1843    	29.16, -12.04, -8.57 	-1.14, 0.85, -6.72 	-17.32, 10.00 	13,20,55,509		17.61,2.90	1000,1 	0
1850    	29.06, -11.95, -8.64 	-1.15, 0.86, -6.74 	-17.32, 10.00 	13,20,55,517		19.41,2.07	1000,1 	0
1859    	29.02, -11.81, -8.71 	-1.16, 0.81, -6.72 	-17.32, 10.00 	13,20,55,527		16.29,4.85	1000,1 	0
1868    	28.99, -11.65, -8.73 	-1.13, 0.79, -6.71 	-17.32, 10.00 	13,20,55,537		18.04,4.02	1000,1 	0
1876    	28.90, -11.52, -8.75 	-1.19, 0.77, -6.71 	-17.32, 10.00 	13,20,55,546		19.30,7.66	1000,1 	0
1885    	28.75, -11.46, -8.77 	-1.18, 0.74, -6.68 	-17.32, 10.00 	13,20,55,556		18.54,3.74	1000,1 	0
1894    	28.61, -11.38, -8.81 	-1.24, 0.71, -6.68 	-17.32, 10.00 	13,20,55,566		17.12,7.29	1000,1 	0
1902    	28.45, -11.27, -8.86 	-1.31, 0.72, -6.68 	-17.32, 10.00 	13,20,55,575		25.17,9.74	1000,1 	0
1911    	28.20, -11.14, -8.91 	-1.40, 0.66, -6.68 	-17.32, 10.00 	13,20,55,585		31.24,11.89	1000,1 	0
1920    	27.94, -11.03, -8.96 	-1.45, 0.64, -6.71 	-17.32, 10.00 	13,20,55,595		31.22,5.46	1000,1 	0
1928    	27.71, -10.77, -9.06 	-1.53, 0.63, -6.76 	-17.32, 10.00 	13,20,55,604		43.08,10.89	1000,1 	0
1938    	27.58, -10.39, -9.15 	-1.66, 0.63, -6.82 	-17.32, 10.00 	13,20,55,614		40.34,12.54	1000,1 	0
1947    	27.46, -9.95, -9.21 	-1.73, 0.60, -6.89 	-17.32, 10.00 	13,20,55,624		50.48,7.82	1000,1 	0
1955    	27.30, -9.63, -9.24 	-1.85, 0.62, -6.95 	-17.32, 10.00 	13,20,55,633		44.35,15.72	1000,1 	0
1964    	27.01, -9.43, -9.29 	-2.08, 0.60, -7.00 	-17.32, 10.00 	13,20,55,643		40.07,25.74	1000,1 	0
1973    	26.76, -9.26, -9.32 	-2.31, 0.59, -7.06 	-17.32, 10.00 	13,20,55,653		33.65,25.67	1000,1 	0
1982    	26.50, -9.09, -9.33 	-2.64, 0.56, -7.15 	-17.32, 10.00 	13,20,55,663		34.54,36.48	1000,1 	0
1990    	26.17, -8.85, -9.38 	-3.05, 0.53, -7.24 	-17.32, 10.00 	13,20,55,672		51.12,51.82	1000,1 	0
1999    	25.83, -8.65, -9.40 	-3.56, 0.54, -7.34 	-17.32, 10.00 	13,20,55,682		43.09,55.64	1000,1 	0
2008    	25.49, -8.38, -9.47 	-4.23, 0.54, -7.42 	-17.32, 10.00 	13,20,55,692		48.47,74.85	1000,1 	0
2016    	25.29, -8.04, -9.50 	-4.91, 0.59, -7.57 	-17.32, 10.00 	13,20,55,701		49.54,85.66	1000,1 	0
2025    	25.13, -7.67, -9.55 	-5.25, 0.65, -7.77 	-17.32, 10.00 	13,20,55,711		44.16,38.21	1000,1 	0
2035    	24.94, -7.37, -9.62 	-5.53, 0.71, -7.91 	-17.32, 10.00 	13,20,55,722		35.50,28.50	1000,1 	0
2042    	24.72, -7.18, -9.69 	-5.91, 0.68, -8.01 	-17.32, 10.00 	13,20,55,730		41.85,55.12	1000,1 	0
2051    	24.56, -7.00, -9.71 	-6.25, 0.63, -8.09 	-17.32, 10.00 	13,20,55,740		26.42,37.81	1000,1 	0
2060    	24.35, -6.86, -9.71 	-6.67, 0.54, -8.13 	-17.32, 10.00 	13,20,55,750		28.12,48.09	1000,1 	0
2068    	24.09, -6.73, -9.75 	-7.08, 0.43, -8.12 	-17.32, 10.00 	13,20,55,759		36.22,52.07	1000,1 	0
2077    	23.76, -6.66, -9.78 	-7.47, 0.31, -8.11 	-17.32, 10.00 	13,20,55,769		37.32,45.90	1000,1 	0
2086    	23.43, -6.60, -9.80 	-7.70, 0.31, -8.25 	-17.32, 10.00 	13,20,55,779		38.13,25.66	1000,1 	0
2094    	23.14, -6.38, -9.81 	-7.90, 0.37, -8.41 	-17.32, 10.00 	13,20,55,788		44.87,26.23	1000,1 	0
2103    	22.90, -6.09, -9.84 	-8.12, 0.36, -8.50 	-17.32, 10.00 	13,20,55,798		41.67,24.61	1000,1 	0
2112    	22.64, -5.83, -9.88 	-8.33, 0.37, -8.59 	-17.32, 10.00 	13,20,55,808		41.35,22.51	1000,1 	0
2120    	22.37, -5.56, -9.95 	-8.51, 0.36, -8.67 	-17.32, 10.00 	13,20,55,817		47.37,22.88	1000,1 	0
2129    	22.18, -5.35, -10.00 	-8.68, 0.41, -8.79 	-17.32, 10.00 	13,20,55,827		31.20,19.90	1000,1 	0
2138    	22.05, -5.06, -10.05 	-9.01, 0.40, -8.85 	-17.32, 10.00 	13,20,55,837		35.29,36.36	1000,1 	0
2147    	21.83, -4.90, -10.05 	-9.25, 0.45, -8.91 	-17.32, 10.00 	13,20,55,847		30.35,27.47	1000,1 	0
2155    	21.54, -4.84, -10.04 	-9.51, 0.49, -8.94 	-17.32, 10.00 	13,20,55,856		36.99,32.79	1000,1 	0
2164    	21.24, -4.80, -10.02 	-9.80, 0.57, -8.99 	-17.32, 10.00 	13,20,55,866		33.37,33.60	1000,1 	0
2173    	20.96, -4.67, -10.01 	-10.07, 0.62, -9.04 	-17.32, 10.00 	13,20,55,876		34.64,30.39	1000,1 	0
2181    	20.69, -4.43, -10.01 	-10.31, 0.64, -9.09 	-17.32, 10.00 	13,20,55,885		44.65,30.23	1000,1 	0
2190    	20.41, -4.22, -10.03 	-10.57, 0.70, -9.15 	-17.32, 10.00 	13,20,55,895		39.03,29.56	1000,1 	0
2199    	20.13, -3.99, -10.07 	-10.93, 0.78, -9.13 	-17.32, 10.00 	13,20,55,905		39.76,40.55	1000,1 	0
2207    	19.96, -3.70, -10.10 	-11.27, 0.88, -9.17 	-17.32, 10.00 	13,20,55,914		43.12,43.96	1000,1 	0
2216    	19.73, -3.53, -10.10 	-11.49, 0.92, -9.18 	-17.32, 10.00 	13,20,55,924		31.91,25.12	1000,1 	0
2226    	19.45, -3.45, -10.07 	-11.70, 1.01, -9.19 	-17.32, 10.00 	13,20,55,935		28.91,22.96	1000,1 	0
2233    	19.12, -3.43, -10.02 	-11.94, 1.08, -9.21 	-17.32, 10.00 	13,20,55,943		46.89,36.15	1000,1 	0
2242    	18.83, -3.34, -10.01 	-12.16, 1.16, -9.23 	-17.32, 10.00 	13,20,55,953		33.47,26.08	1000,1 	0
2251    	18.55, -3.18, -9.98 	-12.39, 1.28, -9.26 	-17.32, 10.00 	13,20,55,963		36.68,28.98	1000,1 	0
2259    	18.17, -2.99, -9.96 	-12.73, 1.36, -9.29 	-17.32, 10.00 	13,20,55,972		52.71,43.27	1000,1 	0
2268    	17.77, -2.81, -9.96 	-13.05, 1.48, -9.31 	-17.32, 10.00 	13,20,55,982		49.24,37.82	1000,1 	0
2277    	17.37, -2.61, -10.01 	-13.48, 1.68, -9.34 	-17.32, 10.00 	13,20,55,992		49.30,53.46	1000,1 	0
2285    	17.09, -2.39, -10.03 	-13.92, 1.86, -9.38 	-17.32, 10.00 	13,20,56,1		43.91,58.51	1000,1 	0
2294    	16.83, -2.21, -9.98 	-14.38, 2.01, -9.40 	-17.32, 10.00 	13,20,56,11		35.21,54.19	1000,1 	0
2303    	16.53, -2.14, -9.91 	-14.78, 2.20, -9.38 	-17.32, 10.00 	13,20,56,21		34.20,48.55	1000,1 	0
2311    	16.22, -2.13, -9.84 	-15.23, 2.44, -9.39 	-17.32, 10.00 	13,20,56,30		38.56,64.12	1000,1 	0
2320    	15.98, -2.10, -9.80 	-15.68, 2.65, -9.40 	-17.32, 10.00 	13,20,56,40		26.99,54.95	1000,1 	0
2329    	15.75, -2.08, -9.76 	-16.09, 2.84, -9.39 	-17.32, 10.00 	13,20,56,50		25.72,50.50	1000,1 	0
2338    	15.53, -2.12, -9.69 	-16.42, 3.15, -9.42 	-17.32, 10.00 	13,20,56,60		24.88,50.47	1000,1 	0
2346    	15.28, -2.15, -9.66 	-16.76, 3.45, -9.44 	-17.32, 10.00 	13,20,56,69		31.57,56.75	1000,1 	0
2355    	15.10, -2.13, -9.65 	-17.10, 3.79, -9.44 	-17.32, 10.00 	13,20,56,79		20.47,52.90	1000,1 	0
2364    	14.95, -2.07, -9.62 	-17.36, 4.14, -9.44 	-17.32, 10.00 	13,20,56,89		17.11,49.04	1000,1 	0
2372    	14.85, -1.95, -9.58 	-17.70, 4.51, -9.44 	-17.32, 10.00 	13,20,56,98		20.75,62.41	1000,1 	0
2381    	14.72, -1.84, -9.54 	-17.93, 4.90, -9.44 	-17.32, 10.00 	13,20,56,108		18.26,50.21	1000,1 	0
2390    	14.62, -1.76, -9.51 	-18.16, 5.21, -9.37 	-17.32, 10.00 	13,20,56,118		14.39,42.63	1000,1 	0
2398    	14.54, -1.75, -9.47 	-18.39, 5.54, -9.33 	-17.32, 10.00 	13,20,56,127		9.72,50.86	1000,1 	0
2407    	14.48, -1.80, -9.42 	-18.49, 5.85, -9.31 	-17.32, 10.00 	13,20,56,137		7.98,36.23	1000,1 	0
2417    	14.42, -1.87, -9.37 	-18.57, 6.12, -9.23 	-17.32, 10.00 	13,20,56,148		9.44,27.93	1000,1 	0
2424    	14.37, -1.90, -9.34 	-18.71, 6.43, -9.16 	-17.32, 10.00 	13,20,56,156		9.44,49.14	1000,1 	0
2433    	14.32, -1.95, -9.33 	-18.75, 6.72, -9.07 	-17.32, 10.00 	13,20,56,166		7.15,32.42	1000,1 	0
2442    	14.28, -1.98, -9.30 	-18.74, 6.95, -8.98 	-17.32, 10.00 	13,20,56,176		5.56,25.01	1000,1 	0
2450    	14.26, -1.99, -9.28 	-18.74, 7.13, -8.90 	-17.32, 10.00 	13,20,56,185		2.75,22.72	1000,1 	0
2459    	14.23, -2.01, -9.26 	-18.71, 7.39, -8.82 	-17.32, 10.00 	13,20,56,195		3.99,29.82	1000,1 	0
2468    	14.23, -2.04, -9.25 	-18.62, 7.59, -8.71 	-17.32, 10.00 	13,20,56,205		3.55,23.76	1000,1 	0
2476    	14.23, -2.05, -9.24 	-18.49, 7.83, -8.63 	-17.32, 10.00 	13,20,56,214		1.33,34.28	1000,1 	0
2485    	14.28, -2.07, -9.24 	-18.34, 8.03, -8.53 	-17.32, 10.00 	13,20,56,224		5.85,28.12	1000,1 	0
2494    	14.31, -2.10, -9.22 	-18.18, 8.24, -8.39 	-17.32, 10.00 	13,20,56,234		4.79,29.70	1000,1 	0
2502    	14.35, -2.16, -9.19 	-17.91, 8.42, -8.25 	-17.32, 10.00 	13,20,56,243		8.22,40.34	1000,1 	0
2511    	14.40, -2.24, -9.15 	-17.73, 8.64, -8.11 	-17.32, 10.00 	13,20,56,253		11.44,31.03	1000,1 	0
2520    	14.49, -2.29, -9.12 	-17.52, 8.84, -7.98 	-17.32, 10.00 	13,20,56,263		10.73,32.35	1000,1 	0
2529    	14.59, -2.33, -9.10 	-17.34, 9.07, -7.89 	-17.32, 10.00 	13,20,56,273		11.70,32.86	1000,1 	0
2537    	14.68, -2.36, -9.06 	-17.13, 9.27, -7.80 	-17.32, 10.00 	13,20,56,282		12.68,36.40	1000,1 	0
2546    	14.76, -2.41, -9.04 	-16.95, 9.49, -7.66 	-17.32, 10.00 	13,20,56,292		10.41,30.35	1000,1 	0
2555    	14.89, -2.49, -9.04 	-16.80, 9.73, -7.54 	-17.32, 10.00 	13,20,56,302		16.19,32.02	1000,1 	0
2563    	15.04, -2.54, -9.03 	-16.55, 9.92, -7.44 	-17.32, 10.00 	13,20,56,311		20.38,39.17	1000,1 	0
2572    	15.16, -2.57, -9.01 	-16.34, 10.09, -7.36 	-17.32, 10.00 	13,20,56,321		14.36,30.02	1000,1 	0
2582    	15.26, -2.62, -8.99 	-16.12, 10.22, -7.29 	-17.32, 10.00 	13,20,56,332		10.53,25.42	1000,1 	0
2589    	15.39, -2.66, -8.97 	-15.98, 10.36, -7.19 	-17.32, 10.00 	13,20,56,340		18.89,29.48	1000,1 	0
2598    	15.48, -2.68, -8.94 	-15.89, 10.54, -7.08 	-17.32, 10.00 	13,20,56,350		10.96,21.17	1000,1 	0
2607    	15.54, -2.67, -8.93 	-15.87, 10.66, -6.94 	-17.32, 10.00 	13,20,56,360		6.53,14.56	1000,1 	0
2615    	15.58, -2.68, -8.92 	-15.84, 10.83, -6.89 	-17.32, 10.00 	13,20,56,369		5.00,21.63	1000,1 	0
2624    	15.59, -2.68, -8.93 	-15.77, 10.99, -6.90 	-17.32, 10.00 	13,20,56,379		1.07,19.22	1000,1 	0
2633    	15.60, -2.67, -8.92 	-15.75, 11.19, -6.93 	-17.32, 10.00 	13,20,56,389		1.60,21.46	1000,1 	0
2641    	15.63, -2.67, -8.93 	-15.76, 11.34, -6.94 	-17.32, 10.00 	13,20,56,398		3.61,18.71	1000,1 	0
2650    	15.61, -2.69, -8.92 	-15.76, 11.44, -6.92 	-17.32, 10.00 	13,20,56,408		3.19,11.88	1000,1 	0
2659    	15.60, -2.70, -8.92 	-15.78, 11.55, -6.90 	-17.32, 10.00 	13,20,56,418		1.60,12.10	1000,1 	0
2668    	15.61, -2.70, -8.92 	-15.79, 11.61, -6.87 	-17.32, 10.00 	13,20,56,428		1.07,7.22	1000,1 	0
2676    	15.63, -2.68, -8.91 	-15.80, 11.69, -6.86 	-17.32, 10.00 	13,20,56,437		3.59,9.45	1000,1 	0
2685    	15.65, -2.67, -8.91 	-15.78, 11.74, -6.85 	-17.32, 10.00 	13,20,56,447		2.45,6.28	1000,1 	0
2694    	15.66, -2.67, -8.92 	-15.80, 11.80, -6.84 	-17.32, 10.00 	13,20,56,457		1.07,6.34	1000,1 	0
2702    	15.66, -2.67, -8.92 	-15.82, 11.84, -6.84 	-17.32, 10.00 	13,20,56,466		0.00,5.90	1000,1 	0
2711    	15.66, -2.66, -8.91 	-15.83, 11.86, -6.83 	-17.32, 10.00 	13,20,56,476		1.18,2.62	1000,1 	0
2720    	15.65, -2.65, -8.91 	-15.86, 11.87, -6.83 	-17.32, 10.00 	13,20,56,486		1.60,3.44	1000,1 	0
2728    	15.65, -2.66, -8.91 	-15.89, 11.86, -6.81 	-17.32, 10.00 	13,20,56,495		1.33,4.97	1000,1 	0
2737    	15.64, -2.66, -8.91 	-15.86, 11.85, -6.82 	-17.32, 10.00 	13,20,56,505		1.07,3.44	1000,1 	0
2746    	15.64, -2.65, -8.92 	-15.87, 11.84, -6.80 	-17.32, 10.00 	13,20,56,515		1.18,1.59	1000,1 	0
2754    	15.64, -2.64, -8.92 	-15.88, 11.82, -6.79 	-17.32, 10.00 	13,20,56,524		1.33,2.91	1000,1 	0
2763    	15.64, -2.63, -8.92 	-15.88, 11.82, -6.80 	-17.32, 10.00 	13,20,56,534		1.18,0.00	1000,1 	0
2773    	15.64, -2.63, -8.92 	-15.90, 11.82, -6.79 	-17.32, 10.00 	13,20,56,545		0.00,1.92	1000,1 	0
2780    	15.63, -2.63, -8.92 	-15.95, 11.78, -6.79 	-17.32, 10.00 	13,20,56,553		1.38,9.13	1000,1 	0
2789    	15.63, -2.63, -8.93 	-15.98, 11.69, -6.79 	-17.32, 10.00 	13,20,56,563		0.00,9.98	1000,1 	0
2798    	15.63, -2.62, -8.92 	-16.07, 11.54, -6.78 	-17.32, 10.00 	13,20,56,573		1.18,19.64	1000,1 	0
2806    	15.63, -2.62, -8.91 	-16.26, 11.31, -6.75 	-17.32, 10.00 	13,20,56,582		0.00,36.97	1000,1 	0
2815    	15.61, -2.62, -8.93 	-16.47, 11.04, -6.72 	-17.32, 10.00 	13,20,56,592		2.14,37.61	1000,1 	0
2824    	15.59, -2.63, -8.92 	-16.68, 10.87, -6.72 	-17.32, 10.00 	13,20,56,602		2.45,30.02	1000,1 	0
2832    	15.55, -2.62, -8.93 	-16.76, 10.76, -6.75 	-17.32, 10.00 	13,20,56,611		5.00,18.13	1000,1 	0
2841    	15.57, -2.61, -8.93 	-16.82, 10.70, -6.75 	-17.32, 10.00 	13,20,56,621		2.45,8.68	1000,1 	0
2850    	15.55, -2.61, -8.94 	-16.90, 10.61, -6.72 	-17.32, 10.00 	13,20,56,631		2.14,13.59	1000,1 	0
2859    	15.53, -2.57, -8.95 	-16.97, 10.53, -6.68 	-17.32, 10.00 	13,20,56,641		4.15,11.84	1000,1 	0
2867    	15.52, -2.60, -8.94 	-17.02, 10.48, -6.69 	-17.32, 10.00 	13,20,56,650		2.92,8.92	1000,1 	0
2876    	15.51, -2.57, -8.94 	-17.05, 10.42, -6.68 	-17.32, 10.00 	13,20,56,660		2.60,7.77	1000,1 	0
2885    	15.50, -2.60, -8.93 	-17.06, 10.36, -6.70 	-17.32, 10.00 	13,20,56,670		2.60,6.02	1000,1 	0
2893    	15.46, -2.62, -8.93 	-17.06, 10.31, -6.69 	-17.32, 10.00 	13,20,56,679		5.51,6.68	1000,1 	0
2902    	15.44, -2.60, -8.93 	-17.13, 10.30, -6.69 	-17.32, 10.00 	13,20,56,689		3.19,8.62	1000,1 	0
2911    	15.41, -2.57, -8.93 	-17.16, 10.30, -6.71 	-17.32, 10.00 	13,20,56,699		4.89,3.21	1000,1 	0
2919    	15.41, -2.59, -8.93 	-17.18, 10.28, -6.72 	-17.32, 10.00 	13,20,56,708		1.33,3.57	1000,1 	0
2928    	15.40, -2.59, -8.95 	-17.18, 10.26, -6.73 	-17.32, 10.00 	13,20,56,718		1.07,2.38	1000,1 	0
2937    	15.40, -2.57, -8.95 	-17.18, 10.27, -6.74 	-17.32, 10.00 	13,20,56,728		1.18,1.19	1000,1 	0
2945    	15.41, -2.56, -8.96 	-17.20, 10.26, -6.75 	-17.32, 10.00 	13,20,56,737		1.80,2.73	1000,1 	0
2954    	15.41, -2.56, -8.96 	-17.21, 10.24, -6.74 	-17.32, 10.00 	13,20,56,747		0.00,2.59	1000,1 	0
2963    	15.42, -2.57, -8.95 	-17.21, 10.23, -6.72 	-17.32, 10.00 	13,20,56,757		1.60,1.19	1000,1 	0
2971    	15.41, -2.56, -8.95 	-17.21, 10.20, -6.71 	-17.32, 10.00 	13,20,56,766		1.80,2.67	1000,1 	0
2980    	15.39, -2.59, -8.95 	-17.23, 10.18, -6.70 	-17.32, 10.00 	13,20,56,776		3.19,3.17	1000,1 	0
2990    	15.39, -2.59, -8.95 	-17.23, 10.19, -6.71 	-17.32, 10.00 	13,20,56,787		0.00,1.07	1000,1 	0
2997    	15.39, -2.59, -8.94 	-17.25, 10.18, -6.71 	-17.32, 10.00 	13,20,56,795		0.00,3.13	1000,1 	0
3006    	15.38, -2.59, -8.95 	-17.28, 10.20, -6.70 	-17.32, 10.00 	13,20,56,805		1.07,4.02	1000,1 	0
3015    	15.37, -2.59, -8.95 	-17.30, 10.25, -6.70 	-17.32, 10.00 	13,20,56,815		1.07,5.24	1000,1 	0
3023    	15.37, -2.59, -8.95 	-17.29, 10.25, -6.71 	-17.32, 10.00 	13,20,56,824		0.00,1.20	1000,1 	0
3032    	15.38, -2.59, -8.95 	-17.28, 10.30, -6.72 	-17.32, 10.00 	13,20,56,834		1.07,6.02	1000,1 	0
3041    	15.38, -2.59, -8.95 	-17.24, 10.30, -6.73 	-17.32, 10.00 	13,20,56,844		0.00,4.28	1000,1 	0
3050    	15.38, -2.57, -8.95 	-17.25, 10.32, -6.73 	-17.32, 10.00 	13,20,56,854		1.18,2.62	1000,1 	0
3058    	15.38, -2.59, -8.95 	-17.23, 10.33, -6.73 	-17.32, 10.00 	13,20,56,863		1.33,2.73	1000,1 	0
3067    	15.39, -2.59, -8.95 	-17.26, 10.33, -6.71 	-17.32, 10.00 	13,20,56,873		1.07,3.21	1000,1 	0
3076    	15.38, -2.61, -8.94 	-17.23, 10.33, -6.71 	-17.32, 10.00 	13,20,56,883		2.60,3.21	1000,1 	0
3084    	15.37, -2.62, -8.94 	-17.26, 10.35, -6.72 	-17.32, 10.00 	13,20,56,892		1.80,4.52	1000,1 	0
3093    	15.38, -2.63, -8.94 	-17.26, 10.34, -6.71 	-17.32, 10.00 	13,20,56,902		1.60,1.19	1000,1 	0
3102    	15.38, -2.63, -8.94 	-17.27, 10.35, -6.72 	-17.32, 10.00 	13,20,56,912		0.00,1.61	1000,1 	0
3110    	15.39, -2.63, -8.94 	-17.25, 10.39, -6.72 	-17.32, 10.00 	13,20,56,921		1.20,4.64	1000,1 	0
3119    	15.39, -2.62, -8.94 	-17.27, 10.38, -6.72 	-17.32, 10.00 	13,20,56,931		1.18,2.43	1000,1 	0
3128    	15.38, -2.63, -8.94 	-17.25, 10.38, -6.74 	-17.32, 10.00 	13,20,56,941		1.60,2.14	1000,1 	0
3136    	15.38, -2.64, -8.94 	-17.24, 10.40, -6.74 	-17.32, 10.00 	13,20,56,950		1.33,2.91	1000,1 	0
3145    	15.39, -2.63, -8.94 	-17.23, 10.38, -6.74 	-17.32, 10.00 	13,20,56,960		1.60,2.62	1000,1 	0
3155    	15.40, -2.64, -8.94 	-17.22, 10.40, -6.74 	-17.32, 10.00 	13,20,56,971		1.44,2.33	1000,1 	0
3162    	15.40, -2.64, -8.93 	-17.21, 10.39, -6.75 	-17.32, 10.00 	13,20,56,979		0.00,2.07	1000,1 	0
3171    	15.40, -2.64, -8.93 	-17.20, 10.37, -6.75 	-17.32, 10.00 	13,20,56,989		0.00,1.61	1000,1 	0
3180    	15.40, -2.65, -8.93 	-17.20, 10.37, -6.75 	-17.32, 10.00 	13,20,56,999		1.18,0.00	1000,1 	0
3188    	15.41, -2.65, -8.93 	-17.20, 10.37, -6.75 	-17.32, 10.00 	13,20,57,8		1.20,0.00	1000,1 	0
3197    	15.41, -2.65, -8.93 	-17.19, 10.35, -6.74 	-17.32, 10.00 	13,20,57,18		1.07,2.62	1000,1 	0
3206    	15.41, -2.65, -8.93 	-17.22, 10.39, -6.74 	-17.32, 10.00 	13,20,57,28		1.07,4.83	1000,1 	0
3215    	15.41, -2.65, -8.93 	-17.23, 10.38, -6.74 	-17.32, 10.00 	13,20,57,38		1.07,1.59	1000,1 	0
3223    	15.41, -2.64, -8.93 	-17.22, 10.39, -6.75 	-17.32, 10.00 	13,20,57,47		1.33,1.78	1000,1 	0
3232    	15.42, -2.64, -8.93 	-17.22, 10.36, -6.74 	-17.32, 10.00 	13,20,57,57		1.07,2.38	1000,1 	0
3241    	15.43, -2.64, -8.93 	-17.22, 10.36, -6.75 	-17.32, 10.00 	13,20,57,67		1.07,0.00	1000,1 	0
3249    	15.43, -2.64, -8.93 	-17.22, 10.36, -6.74 	-17.32, 10.00 	13,20,57,76		0.00,0.00	1000,1 	0
3258    	15.44, -2.65, -8.93 	-17.22, 10.36, -6.74 	-17.32, 10.00 	13,20,57,86		1.60,0.00	1000,1 	0
3267    	15.42, -2.64, -8.93 	-17.23, 10.36, -6.75 	-17.32, 10.00 	13,20,57,96		2.45,1.07	1000,1 	0
3275    	15.42, -2.64, -8.93 	-17.23, 10.38, -6.75 	-17.32, 10.00 	13,20,57,105		0.00,1.34	1000,1 	0
3284    	15.44, -2.63, -8.93 	-17.22, 10.38, -6.75 	-17.32, 10.00 	13,20,57,115		2.45,1.07	1000,1 	0
3293    	15.43, -2.64, -8.93 	-17.23, 10.36, -6.75 	-17.32, 10.00 	13,20,57,125		1.60,1.59	1000,1 	0
3301    	15.43, -2.65, -8.94 	-17.23, 10.38, -6.74 	-17.32, 10.00 	13,20,57,134		1.33,1.34	1000,1 	0
3310    	15.43, -2.64, -8.93 	-17.23, 10.38, -6.74 	-17.32, 10.00 	13,20,57,144		1.18,0.00	1000,1 	0
3318    	15.44, -2.66, -8.93 	-17.22, 10.38, -6.75 	0.00, -0.00 	13,20,57,163		2.60,1.07	1000,1 	0
3327    	15.45, -2.66, -8.93 	-17.24, 10.38, -6.75 	0.00, -0.00 	13,20,57,173		0.00,0.00	1000,1 	0
3336    	15.46, -2.66, -8.93 	-17.24, 10.39, -6.75 	0.00, -0.00 	13,20,57,183		0.00,0.00	1000,1 	0
3344    	15.46, -2.66, -8.93 	-17.22, 10.39, -6.74 	0.00, -0.00 	13,20,57,192		0.00,0.00	1000,1 	0
3353    	15.48, -2.65, -8.93 	-17.23, 10.39, -6.74 	0.00, -0.00 	13,20,57,202		0.00,0.00	1000,1 	0
3362    	15.47, -2.66, -8.93 	-17.23, 10.36, -6.74 	0.00, -0.00 	13,20,57,212		0.00,0.00	1000,1 	0
3370    	15.48, -2.66, -8.94 	-17.22, 10.38, -6.75 	0.00, -0.00 	13,20,57,221		0.00,0.00	1000,1 	0
3379    	15.47, -2.66, -8.94 	-17.22, 10.38, -6.74 	0.00, -0.00 	13,20,57,231		0.00,0.00	1000,1 	0
3388    	15.48, -2.64, -8.93 	-17.22, 10.38, -6.74 	0.00, -0.00 	13,20,57,241		0.00,0.00	1000,1 	0
3397    	15.48, -2.65, -8.93 	-17.23, 10.39, -6.75 	0.00, -0.00 	13,20,57,251		0.00,0.00	1000,1 	0
3405    	15.49, -2.65, -8.93 	-17.22, 10.40, -6.75 	0.00, -0.00 	13,20,57,260		0.00,0.00	1000,1 	0
3414    	15.50, -2.64, -8.93 	-17.22, 10.39, -6.75 	0.00, -0.00 	13,20,57,270		0.00,0.00	1000,1 	0
3423    	15.49, -2.66, -8.93 	-17.20, 10.39, -6.76 	0.00, -0.00 	13,20,57,280		0.00,0.00	1000,1 	0
3431    	15.49, -2.65, -8.92 	-17.24, 10.40, -6.75 	0.00, -0.00 	13,20,57,289		0.00,0.00	1000,1 	0
3440    	15.50, -2.66, -8.92 	-17.24, 10.40, -6.75 	0.00, -0.00 	13,20,57,299		0.00,0.00	1000,1 	0
3449    	15.50, -2.66, -8.92 	-17.25, 10.40, -6.74 	0.00, -0.00 	13,20,57,309		0.00,0.00	1000,1 	0
3457    	15.50, -2.67, -8.91 	-17.23, 10.39, -6.75 	0.00, -0.00 	13,20,57,318		0.00,0.00	1000,1 	0
3466    	15.50, -2.65, -8.92 	-17.23, 10.40, -6.74 	0.00, -0.00 	13,20,57,328		0.00,0.00	1000,1 	0
3475    	15.51, -2.65, -8.93 	-17.24, 10.40, -6.75 	0.00, -0.00 	13,20,57,338		0.00,0.00	1000,1 	0
3483    	15.52, -2.64, -8.93 	-17.24, 10.40, -6.75 	0.00, -0.00 	13,20,57,347		0.00,0.00	1000,1 	0
3492    	15.52, -2.65, -8.92 	-17.25, 10.41, -6.75 	0.00, -0.00 	13,20,57,357		0.00,0.00	1000,1 	0
3501    	15.51, -2.64, -8.93 	-17.25, 10.40, -6.75 	0.00, -0.00 	13,20,57,367		0.00,0.00	1000,1 	0
3509    	15.51, -2.65, -8.92 	-17.24, 10.40, -6.75 	0.00, -0.00 	13,20,57,376		0.00,0.00	1000,1 	0
3518    	15.51, -2.66, -8.92 	-17.24, 10.41, -6.75 	0.00, -0.00 	13,20,57,386		0.00,0.00	1000,1 	0
3527    	15.52, -2.66, -8.92 	-17.24, 10.41, -6.75 	0.00, -0.00 	13,20,57,396		0.00,0.00	1000,1 	0
3535    	15.50, -2.66, -8.91 	-17.23, 10.40, -6.75 	0.00, -0.00 	13,20,57,405		0.00,0.00	1000,1 	0
3544    	15.50, -2.68, -8.91 	-17.23, 10.42, -6.75 	0.00, -0.00 	13,20,57,415		0.00,0.00	1000,1 	0
3553    	15.51, -2.67, -8.92 	-17.25, 10.43, -6.75 	0.00, -0.00 	13,20,57,425		0.00,0.00	1000,1 	0
3562    	15.51, -2.67, -8.92 	-17.25, 10.43, -6.75 	0.00, -0.00 	13,20,57,435		0.00,0.00	1000,1 	0
3570    	15.52, -2.66, -8.93 	-17.26, 10.44, -6.76 	0.00, -0.00 	13,20,57,444		0.00,0.00	1000,1 	0
3579    	15.53, -2.66, -8.93 	-17.26, 10.43, -6.75 	0.00, -0.00 	13,20,57,454		0.00,0.00	1000,1 	0
3588    	15.52, -2.66, -8.93 	-17.27, 10.42, -6.75 	0.00, -0.00 	13,20,57,464		0.00,0.00	1000,1 	0
3596    	15.52, -2.66, -8.92 	-17.26, 10.43, -6.76 	0.00, -0.00 	13,20,57,473		0.00,0.00	1000,1 	0
3605    	15.53, -2.66, -8.92 	-17.25, 10.44, -6.76 	0.00, -0.00 	13,20,57,483		0.00,0.00	1000,1 	0
3614    	15.54, -2.69, -8.91 	-17.24, 10.44, -6.75 	0.00, -0.00 	13,20,57,493		0.00,0.00	1000,1 	0
3622    	15.53, -2.68, -8.92 	-17.26, 10.43, -6.74 	0.00, -0.00 	13,20,57,502		0.00,0.00	1000,1 	0
3631    	15.54, -2.69, -8.92 	-17.25, 10.42, -6.75 	0.00, -0.00 	13,20,57,512		0.00,0.00	1000,1 	0
3640    	15.55, -2.68, -8.92 	-17.25, 10.43, -6.75 	0.00, -0.00 	13,20,57,522		0.00,0.00	1000,1 	0
3648    	15.54, -2.68, -8.92 	-17.25, 10.43, -6.75 	0.00, -0.00 	13,20,57,531		0.00,0.00	1000,1 	0
3657    	15.55, -2.68, -8.92 	-17.24, 10.44, -6.75 	0.00, -0.00 	13,20,57,541		0.00,0.00	1000,1 	0
3666    	15.55, -2.69, -8.92 	-17.25, 10.44, -6.75 	0.00, -0.00 	13,20,57,551		0.00,0.00	1000,1 	0
3674    	15.56, -2.68, -8.92 	-17.26, 10.44, -6.75 	0.00, -0.00 	13,20,57,560		0.00,0.00	1000,1 	0
3683    	15.55, -2.68, -8.91 	-17.25, 10.44, -6.75 	0.00, -0.00 	13,20,57,570		0.00,0.00	1000,1 	0
3692    	15.55, -2.69, -8.91 	-17.26, 10.44, -6.75 	0.00, -0.00 	13,20,57,580		0.00,0.00	1000,1 	0
3700    	15.56, -2.68, -8.92 	-17.25, 10.44, -6.75 	0.00, -0.00 	13,20,57,589		0.00,0.00	1000,1 	0
3709    	15.56, -2.70, -8.92 	-17.27, 10.45, -6.75 	0.00, -0.00 	13,20,57,599		0.00,0.00	1000,1 	0
3719    	15.57, -2.69, -8.91 	-17.26, 10.46, -6.75 	0.00, -0.00 	13,20,57,610		0.00,0.00	1000,1 	0
3726    	15.56, -2.70, -8.91 	-17.27, 10.45, -6.75 	0.00, -0.00 	13,20,57,618		0.00,0.00	1000,1 	0
3735    	15.57, -2.70, -8.91 	-17.28, 10.46, -6.75 	0.00, -0.00 	13,20,57,628		0.00,0.00	1000,1 	0
3744    	15.57, -2.69, -8.92 	-17.27, 10.46, -6.75 	0.00, -0.00 	13,20,57,638		0.00,0.00	1000,1 	0
3753    	15.57, -2.70, -8.91 	-17.27, 10.46, -6.75 	0.00, -0.00 	13,20,57,648		0.00,0.00	1000,1 	0
3761    	15.57, -2.70, -8.91 	-17.25, 10.45, -6.75 	0.00, -0.00 	13,20,57,657		0.00,0.00	1000,1 	0
3770    	15.57, -2.70, -8.91 	-17.26, 10.45, -6.75 	0.00, -0.00 	13,20,57,667		0.00,0.00	1000,1 	0
3779    	15.57, -2.70, -8.91 	-17.27, 10.45, -6.76 	0.00, -0.00 	13,20,57,677		0.00,0.00	1000,1 	0
3787    	15.57, -2.71, -8.90 	-17.26, 10.46, -6.76 	0.00, -0.00 	13,20,57,686		0.00,0.00	1000,1 	0
3796    	15.58, -2.72, -8.89 	-17.27, 10.45, -6.75 	0.00, -0.00 	13,20,57,696		0.00,0.00	1000,1 	0
3805    	15.56, -2.73, -8.89 	-17.28, 10.45, -6.75 	0.00, -0.00 	13,20,57,706		0.00,0.00	1000,1 	0
3813    	15.55, -2.73, -8.90 	-17.28, 10.45, -6.75 	0.00, -0.00 	13,20,57,715		0.00,0.00	1000,1 	0
3822    	15.55, -2.73, -8.90 	-17.27, 10.45, -6.75 	0.00, -0.00 	13,20,57,725		0.00,0.00	1000,1 	0
3831    	15.56, -2.73, -8.89 	-17.28, 10.46, -6.75 	0.00, -0.00 	13,20,57,735		0.00,0.00	1000,1 	0
3839    	15.56, -2.73, -8.89 	-17.29, 10.46, -6.75 	0.00, -0.00 	13,20,57,744		0.00,0.00	1000,1 	0
3848    	15.57, -2.73, -8.89 	-17.29, 10.45, -6.75 	0.00, -0.00 	13,20,57,754		0.00,0.00	1000,1 	0
3857    	15.58, -2.72, -8.89 	-17.29, 10.46, -6.75 	0.00, -0.00 	13,20,57,764		0.00,0.00	1000,1 	0
3865    	15.58, -2.73, -8.89 	-17.29, 10.46, -6.75 	0.00, -0.00 	13,20,57,773		0.00,0.00	1000,1 	0
3874    	15.58, -2.73, -8.89 	-17.29, 10.45, -6.75 	0.00, -0.00 	13,20,57,783		0.00,0.00	1000,1 	0
3884    	15.57, -2.74, -8.89 	-17.30, 10.46, -6.75 	0.00, -0.00 	13,20,57,794		0.00,0.00	1000,1 	0
3891    	15.57, -2.76, -8.89 	-17.30, 10.46, -6.75 	0.00, -0.00 	13,20,57,802		0.00,0.00	1000,1 	0
3900    	15.58, -2.76, -8.89 	-17.30, 10.46, -6.75 	0.00, -0.00 	13,20,57,812		0.00,0.00	1000,1 	0
3910    	15.57, -2.76, -8.89 	-17.29, 10.47, -6.75 	0.00, -0.00 	13,20,57,823		0.00,0.00	1000,1 	0
3917    	15.57, -2.77, -8.88 	-17.30, 10.47, -6.75 	0.00, -0.00 	13,20,57,831		0.00,0.00	1000,1 	0
3926    	15.57, -2.77, -8.89 	-17.27, 10.46, -6.75 	0.00, -0.00 	13,20,57,841		0.00,0.00	1000,1 	0
3936    	15.57, -2.77, -8.89 	-17.27, 10.46, -6.75 	0.00, -0.00 	13,20,57,852		0.00,0.00	1000,1 	0
3943    	15.56, -2.77, -8.89 	-17.28, 10.46, -6.75 	0.00, -0.00 	13,20,57,860		0.00,0.00	1000,1 	0
3952    	15.58, -2.77, -8.89 	-17.29, 10.45, -6.75 	0.00, -0.00 	13,20,57,870		0.00,0.00	1000,1 	0
3961    	15.59, -2.77, -8.89 	-17.28, 10.45, -6.75 	0.00, -0.00 	13,20,57,880		0.00,0.00	0,0 	0
3970    	15.58, -2.78, -8.89 	-17.28, 10.45, -6.75 	0.00, -0.00 	13,20,57,890		0.00,0.00	0,0 	0
3978    	15.58, -2.78, -8.89 	-17.28, 10.46, -6.76 	0.00, -0.00 	13,20,57,899		0.00,0.00	0,0 	0
3987    	15.58, -2.79, -8.89 	-17.29, 10.46, -6.75 	0.00, -0.00 	13,20,57,909		0.00,0.00	0,0 	0
3996    	15.58, -2.79, -8.89 	-17.30, 10.47, -6.75 	0.00, -0.00 	13,20,57,919		0.00,0.00	0,0 	0
4004    	15.59, -2.78, -8.89 	-17.30, 10.46, -6.75 	0.00, -0.00 	13,20,57,928		0.00,0.00	0,0 	0
4013    	15.58, -2.78, -8.89 	-17.30, 10.47, -6.75 	0.00, -0.00 	13,20,57,938		0.00,0.00	0,0 	0
4022    	15.60, -2.78, -8.89 	-17.30, 10.47, -6.75 	0.00, -0.00 	13,20,57,948		0.00,0.00	0,0 	0
4030    	15.60, -2.79, -8.89 	-17.28, 10.45, -6.75 	0.00, -0.00 	13,20,57,957		0.00,0.00	0,0 	0
4039    	15.61, -2.78, -8.89 	-17.28, 10.46, -6.75 	0.00, -0.00 	13,20,57,967		0.00,0.00	0,0 	0
4048    	15.62, -2.78, -8.89 	-17.28, 10.46, -6.75 	0.00, -0.00 	13,20,57,977		0.00,0.00	0,0 	0
4056    	15.63, -2.78, -8.89 	-17.28, 10.46, -6.75 	0.00, -0.00 	13,20,57,986		0.00,0.00	0,0 	0
4065    	15.64, -2.78, -8.89 	-17.29, 10.45, -6.74 	0.00, -0.00 	13,20,57,996		0.00,0.00	0,0 	0
4075    	15.63, -2.79, -8.89 	-17.28, 10.45, -6.74 	0.00, -0.00 	13,20,58,7		0.00,0.00	0,0 	0
4082    	15.64, -2.78, -8.88 	-17.28, 10.45, -6.73 	0.00, -0.00 	13,20,58,15		0.00,0.00	0,0 	0
4091    	15.64, -2.78, -8.89 	-17.29, 10.45, -6.74 	0.00, -0.00 	13,20,58,25		0.00,0.00	0,0 	0
4100    	15.65, -2.79, -8.89 	-17.29, 10.47, -6.74 	0.00, -0.00 	13,20,58,35		0.00,0.00	0,0 	0
4108    	15.65, -2.79, -8.89 	-17.30, 10.48, -6.75 	0.00, -0.00 	13,20,58,44		0.00,0.00	0,0 	0
4117    	15.65, -2.77, -8.88 	-17.31, 10.47, -6.75 	0.00, -0.00 	13,20,58,54		0.00,0.00	0,0 	0
4126    	15.65, -2.79, -8.88 	-17.31, 10.48, -6.74 	0.00, -0.00 	13,20,58,64		0.00,0.00	0,0 	0
4135    	15.66, -2.79, -8.88 	-17.32, 10.48, -6.75 	0.00, -0.00 	13,20,58,74		0.00,0.00	0,0 	0
4143    	15.66, -2.79, -8.88 	-17.30, 10.48, -6.75 	0.00, -0.00 	13,20,58,83		0.00,0.00	0,0 	0
4152    	15.66, -2.80, -8.87 	-17.31, 10.48, -6.75 	0.00, -0.00 	13,20,58,93		0.00,0.00	0,0 	0
4161    	15.66, -2.81, -8.88 	-17.31, 10.48, -6.75 	0.00, -0.00 	13,20,58,103		0.00,0.00	0,0 	0
4169    	15.66, -2.81, -8.88 	-17.29, 10.48, -6.75 	0.00, -0.00 	13,20,58,112		0.00,0.00	0,0 	0
4178    	15.67, -2.82, -8.88 	-17.30, 10.48, -6.76 	0.00, -0.00 	13,20,58,122		0.00,0.00	0,0 	0
4187    	15.67, -2.82, -8.88 	-17.29, 10.46, -6.75 	0.00, -0.00 	13,20,58,132		0.00,0.00	0,0 	0
4195    	15.67, -2.83, -8.87 	-17.29, 10.47, -6.75 	0.00, -0.00 	13,20,58,141		0.00,0.00	0,0 	0
4204    	15.67, -2.82, -8.88 	-17.30, 10.49, -6.75 	0.00, -0.00 	13,20,58,151		0.00,0.00	0,0 	0
4213    	15.68, -2.82, -8.88 	-17.29, 10.47, -6.75 	0.00, -0.00 	13,20,58,161		0.00,0.00	0,0 	0
4221    	15.68, -2.84, -8.88 	-17.28, 10.47, -6.75 	0.00, -0.00 	13,20,58,170		0.00,0.00	0,0 	0
4230    	15.69, -2.84, -8.88 	-17.25, 10.47, -6.75 	0.00, -0.00 	13,20,58,180		0.00,0.00	0,0 	0
4239    	15.69, -2.84, -8.87 	-17.25, 10.49, -6.75 	0.00, -0.00 	13,20,58,190		0.00,0.00	0,0 	0
4247    	15.69, -2.85, -8.87 	-17.23, 10.49, -6.75 	0.00, -0.00 	13,20,58,199		0.00,0.00	0,0 	0
4256    	15.70, -2.87, -8.86 	-17.21, 10.51, -6.75 	0.00, -0.00 	13,20,58,209		0.00,0.00	0,0 	0
4266    	15.70, -2.87, -8.86 	-17.21, 10.52, -6.75 	0.00, -0.00 	13,20,58,220		0.00,0.00	0,0 	0
4273    	15.71, -2.89, -8.85 	-17.19, 10.57, -6.75 	0.00, -0.00 	13,20,58,228		0.00,0.00	0,0 	0
4282    	15.73, -2.92, -8.86 	-17.16, 10.58, -6.75 	0.00, -0.00 	13,20,58,238		0.00,0.00	0,0 	0
4291    	15.79, -2.93, -8.85 	-17.09, 10.56, -6.74 	0.00, -0.00 	13,20,58,248		0.00,0.00	0,0 	0
4300    	15.86, -2.94, -8.85 	-17.02, 10.56, -6.74 	0.00, -0.00 	13,20,58,258		0.00,0.00	0,0 	0
4308    	15.91, -2.97, -8.85 	-16.92, 10.50, -6.72 	0.00, -0.00 	13,20,58,267		0.00,0.00	0,0 	0
4317    	15.99, -3.04, -8.85 	-16.87, 10.46, -6.74 	0.00, -0.00 	13,20,58,277		0.00,0.00	0,0 	0
4326    	16.07, -3.10, -8.84 	-16.72, 10.39, -6.73 	0.00, -0.00 	13,20,58,287		0.00,0.00	0,0 	0
4334    	16.17, -3.16, -8.83 	-16.62, 10.36, -6.75 	0.00, -0.00 	13,20,58,296		0.00,0.00	0,0 	0
4343    	16.18, -3.28, -8.81 	-16.44, 10.30, -6.77 	0.00, -0.00 	13,20,58,306		0.00,0.00	0,0 	0
4352    	16.19, -3.37, -8.78 	-16.26, 10.20, -6.75 	0.00, -0.00 	13,20,58,316		0.00,0.00	0,0 	0
4360    	16.23, -3.42, -8.77 	-16.10, 10.06, -6.72 	0.00, -0.00 	13,20,58,325		0.00,0.00	0,0 	0
4369    	16.29, -3.44, -8.77 	-15.81, 9.89, -6.71 	0.00, -0.00 	13,20,58,335		0.00,0.00	0,0 	0
4378    	16.40, -3.46, -8.76 	-15.42, 9.74, -6.73 	0.00, -0.00 	13,20,58,345		0.00,0.00	0,0 	0
4386    	16.46, -3.50, -8.78 	-15.17, 9.58, -6.76 	0.00, -0.00 	13,20,58,354		0.00,0.00	0,0 	0
4395    	16.54, -3.56, -8.78 	-15.06, 9.42, -6.75 	0.00, -0.00 	13,20,58,364		0.00,0.00	0,0 	0
4404    	16.64, -3.61, -8.77 	-14.88, 9.25, -6.76 	0.00, -0.00 	13,20,58,374		0.00,0.00	0,0 	0
4412    	16.70, -3.64, -8.76 	-14.70, 9.14, -6.78 	0.00, -0.00 	13,20,58,383		0.00,0.00	0,0 	0
4421    	16.78, -3.67, -8.75 	-14.59, 9.05, -6.81 	0.00, -0.00 	13,20,58,393		0.00,0.00	0,0 	0
4430    	16.84, -3.74, -8.74 	-14.49, 8.96, -6.86 	0.00, -0.00 	13,20,58,403		0.00,0.00	0,0 	0
4438    	16.90, -3.82, -8.72 	-14.41, 8.91, -6.91 	0.00, -0.00 	13,20,58,412		0.00,0.00	0,0 	0
4447    	16.98, -3.92, -8.72 	-14.29, 8.84, -6.95 	0.00, -0.00 	13,20,58,422		0.00,0.00	0,0 	0
4456    	17.12, -4.01, -8.73 	-14.20, 8.78, -6.99 	0.00, -0.00 	13,20,58,432		0.00,0.00	0,0 	0
4464    	17.22, -4.11, -8.75 	-14.07, 8.73, -7.03 	0.00, -0.00 	13,20,58,441		0.00,0.00	0,0 	0
4473    	17.43, -4.22, -8.77 	-13.89, 8.66, -7.08 	0.00, -0.00 	13,20,58,451		0.00,0.00	0,0 	0
4482    	17.68, -4.39, -8.79 	-13.68, 8.56, -7.14 	0.00, -0.00 	13,20,58,461		0.00,0.00	0,0 	0
4490    	18.01, -4.62, -8.78 	-13.42, 8.43, -7.19 	0.00, -0.00 	13,20,58,470		0.00,0.00	0,0 	0
4499    	18.31, -4.86, -8.75 	-13.12, 8.26, -7.23 	0.00, -0.00 	13,20,58,480		0.00,0.00	0,0 	0
4508    	18.58, -5.05, -8.74 	-12.84, 8.08, -7.26 	0.00, -0.00 	13,20,58,490		0.00,0.00	0,0 	0
4517    	18.80, -5.20, -8.77 	-12.59, 7.92, -7.28 	0.00, -0.00 	13,20,58,500		0.00,0.00	0,0 	0
4525    	19.00, -5.36, -8.77 	-12.30, 7.81, -7.31 	0.00, -0.00 	13,20,58,509		0.00,0.00	0,0 	0
4534    	19.10, -5.51, -8.77 	-12.13, 7.74, -7.34 	0.00, -0.00 	13,20,58,519		0.00,0.00	0,0 	0
4543    	19.17, -5.64, -8.79 	-11.95, 7.64, -7.37 	0.00, -0.00 	13,20,58,529		0.00,0.00	0,0 	0
4551    	19.29, -5.70, -8.82 	-11.72, 7.57, -7.38 	0.00, -0.00 	13,20,58,538		0.00,0.00	0,0 	0
4560    	19.51, -5.75, -8.85 	-11.50, 7.49, -7.40 	0.00, -0.00 	13,20,58,548		0.00,0.00	0,0 	0
4569    	19.77, -5.81, -8.87 	-11.20, 7.41, -7.40 	0.00, -0.00 	13,20,58,558		0.00,0.00	0,0 	0
4577    	19.98, -5.93, -8.85 	-10.92, 7.29, -7.38 	0.00, -0.00 	13,20,58,567		0.00,0.00	0,0 	0
4586    	20.21, -6.11, -8.85 	-10.65, 7.19, -7.37 	0.00, -0.00 	13,20,58,577		0.00,0.00	0,0 	0
4595    	20.51, -6.27, -8.85 	-10.27, 7.10, -7.38 	0.00, -0.00 	13,20,58,587		0.00,0.00	0,0 	0
4603    	20.76, -6.42, -8.84 	-9.91, 7.05, -7.38 	0.00, -0.00 	13,20,58,596		0.00,0.00	0,0 	0
4612    	20.94, -6.65, -8.82 	-9.53, 6.94, -7.35 	0.00, -0.00 	13,20,58,606		0.00,0.00	0,0 	0
4621    	21.08, -6.86, -8.77 	-9.16, 6.86, -7.30 	0.00, -0.00 	13,20,58,616		51.48,75.37	0,0 	0
4629    	21.26, -6.99, -8.80 	-8.84, 6.78, -7.25 	0.00, -0.00 	13,20,58,625		53.84,81.85	0,0 	0
4638    	21.52, -7.05, -8.82 	-8.48, 6.75, -7.26 	0.00, -0.00 	13,20,58,635		53.56,73.33	0,0 	0
4647    	21.79, -7.16, -8.85 	-8.03, 6.77, -7.29 	0.00, -0.00 	13,20,58,645		57.99,88.58	0,0 	0
4655    	22.06, -7.30, -8.89 	-7.67, 6.69, -7.27 	0.00, -0.00 	13,20,58,654		75.79,93.60	0,0 	0
4664    	22.38, -7.49, -8.90 	-7.42, 6.64, -7.22 	0.00, -0.00 	13,20,58,664		75.89,51.33	0,0 	0
4674    	22.80, -7.68, -8.90 	-7.11, 6.57, -7.18 	0.00, -0.00 	13,20,58,675		91.27,63.11	0,0 	0
4681    	23.14, -7.83, -8.87 	-6.73, 6.49, -7.16 	0.00, -0.00 	13,20,58,683		125.81,127.95	0,0 	0
4690    	23.35, -8.00, -8.82 	-6.34, 6.43, -7.14 	0.00, -0.00 	13,20,58,693		52.89,80.15	0,0 	0
4699    	23.49, -8.20, -8.81 	-6.01, 6.39, -7.13 	0.00, -0.00 	13,20,58,703		49.73,65.85	0,0 	0
4708    	23.67, -8.43, -8.80 	-5.72, 6.34, -7.11 	0.00, -0.00 	13,20,58,713		57.80,58.88	0,0 	0
4716    	23.88, -8.57, -8.85 	-5.46, 6.23, -7.09 	0.00, -0.00 	13,20,58,722		61.27,70.62	0,0 	0
4725    	24.11, -8.69, -8.86 	-5.16, 6.13, -7.06 	0.00, -0.00 	13,20,58,732		52.83,62.97	0,0 	0
4734    	24.25, -8.83, -8.87 	-4.90, 6.05, -7.05 	0.00, -0.00 	13,20,58,742		40.02,54.30	0,0 	0
4742    	24.47, -8.89, -8.91 	-4.61, 5.98, -7.07 	0.00, -0.00 	13,20,58,751		56.96,74.18	0,0 	0
4751    	24.84, -8.94, -8.94 	-4.39, 5.94, -7.11 	0.00, -0.00 	13,20,58,761		73.98,45.22	0,0 	0
4760    	25.26, -9.03, -8.94 	-4.07, 5.87, -7.13 	0.00, -0.00 	13,20,58,771		86.46,64.99	0,0 	0
4768    	25.58, -9.31, -8.89 	-3.80, 5.81, -7.14 	0.00, -0.00 	13,20,58,780		107.15,69.49	0,0 	0
4777    	25.76, -9.83, -8.79 	-3.48, 5.72, -7.15 	0.00, -0.00 	13,20,58,790		108.61,67.89	0,0 	0
4786    	25.93, -10.34, -8.66 	-3.23, 5.64, -7.14 	0.00, -0.00 	13,20,58,800		107.38,50.61	0,0 	0
4794    	26.09, -10.67, -8.55 	-3.05, 5.51, -7.10 	0.00, -0.00 	13,20,58,809		92.14,56.24	0,0 	0
4803    	26.23, -10.81, -8.52 	-2.83, 5.37, -7.07 	0.00, -0.00 	13,20,58,819		40.02,52.63	0,0 	0
4812    	26.37, -10.89, -8.53 	-2.61, 5.23, -7.04 	0.00, -0.00 	13,20,58,829		31.90,52.63	0,0 	0
4820    	26.51, -10.98, -8.57 	-2.36, 5.10, -7.04 	0.00, -0.00 	13,20,58,838		41.93,68.60	0,0 	0
4829    	26.70, -10.96, -8.62 	-2.15, 4.97, -7.03 	0.00, -0.00 	13,20,58,848		38.77,49.85	0,0 	0
4838    	26.89, -10.97, -8.64 	-1.92, 4.86, -7.02 	0.00, -0.00 	13,20,58,858		36.67,51.20	0,0 	0
4846    	27.05, -10.99, -8.63 	-1.74, 4.75, -7.03 	0.00, -0.00 	13,20,58,867		41.28,53.30	0,0 	0
4855    	27.22, -11.00, -8.65 	-1.56, 4.64, -7.04 	0.00, -0.00 	13,20,58,877		34.75,40.99	0,0 	0
4864    	27.40, -11.02, -8.63 	-1.46, 4.53, -7.02 	0.00, -0.00 	13,20,58,887		34.94,31.89	0,0 	0
4873    	27.55, -11.05, -8.60 	-1.29, 4.37, -7.02 	0.00, -0.00 	13,20,58,897		31.48,44.68	0,0 	0
4881    	27.67, -11.12, -8.56 	-1.10, 4.24, -7.02 	0.00, -0.00 	13,20,58,906		33.02,58.23	0,0 	0
4890    	27.74, -11.23, -8.57 	-0.99, 4.08, -7.01 	0.00, -0.00 	13,20,58,916		28.04,38.70	0,0 	0
4899    	27.80, -11.39, -8.59 	-0.91, 3.91, -7.00 	0.00, -0.00 	13,20,58,926		33.98,37.73	0,0 	0
4907    	27.88, -11.62, -8.59 	-0.83, 3.77, -7.00 	0.00, -0.00 	13,20,58,935		59.15,39.98	0,0 	0
4916    	27.95, -11.81, -8.55 	-0.73, 3.64, -7.00 	0.00, -0.00 	13,20,58,945		40.65,33.51	0,0 	0
4925    	28.07, -11.94, -8.51 	-0.66, 3.49, -6.98 	0.00, -0.00 	13,20,58,955		35.78,33.01	0,0 	0
4933    	28.12, -12.02, -8.51 	-0.58, 3.34, -7.00 	0.00, -0.00 	13,20,58,964		24.47,42.34	0,0 	0
4942    	28.24, -12.04, -8.50 	-0.49, 3.23, -7.04 	0.00, -0.00 	13,20,58,974		25.40,27.72	0,0 	0
4951    	28.37, -12.10, -8.47 	-0.45, 3.07, -7.05 	0.00, -0.00 	13,20,58,984		27.21,33.10	0,0 	0
4959    	28.48, -12.13, -8.45 	-0.38, 2.95, -7.08 	0.00, -0.00 	13,20,58,993		27.67,37.66	0,0 	0
4968    	28.51, -12.27, -8.42 	-0.35, 2.75, -7.06 	0.00, -0.00 	13,20,59,3		28.75,39.01	0,0 	0
4977    	28.47, -12.38, -8.37 	-0.36, 2.50, -7.01 	0.00, -0.00 	13,20,59,13		25.35,51.41	0,0 	0
4985    	28.49, -12.45, -8.32 	-0.40, 2.31, -6.98 	0.00, -0.00 	13,20,59,22		17.53,46.30	0,0 	0
4994    	28.51, -12.50, -8.29 	-0.41, 2.10, -6.96 	0.00, -0.00 	13,20,59,32		11.33,42.78	0,0 	0
5003    	28.50, -12.52, -8.29 	-0.43, 1.89, -6.93 	0.00, -0.00 	13,20,59,42		4.68,42.88	0,0 	0
5011    	28.52, -12.52, -8.29 	-0.41, 1.67, -6.91 	0.00, -0.00 	13,20,59,51		4.82,53.75	0,0 	0
5020    	28.55, -12.54, -8.28 	-0.42, 1.49, -6.88 	0.00, -0.00 	13,20,59,61		7.18,36.50	0,0 	0
5029    	28.63, -12.55, -8.27 	-0.38, 1.34, -6.86 	0.00, -0.00 	13,20,59,71		15.56,31.58	0,0 	0
