#Time 	Sensor1         Sensor2         Target          Time            Vel             
#================================================================

15      	30.45, -10.91, -8.68 	-0.28, 0.64, -6.66 	9.64, 11.49 	13,23,40,821		0.00,0.00	0,0 	0
22      	30.43, -10.93, -8.70 	-0.29, 0.65, -6.66 	9.64, 11.49 	13,23,40,830		3.15,2.07	0,0 	0
31      	30.42, -10.93, -8.70 	-0.33, 0.65, -6.68 	9.64, 11.49 	13,23,40,840		1.07,4.28	0,0 	0
40      	30.44, -10.97, -8.69 	-0.34, 0.64, -6.67 	9.64, 11.49 	13,23,40,850		5.20,1.59	0,0 	0
48      	30.47, -10.91, -8.71 	-0.35, 0.66, -6.67 	9.64, 11.49 	13,23,40,859		7.58,2.95	0,0 	0
57      	30.48, -10.91, -8.71 	-0.32, 0.64, -6.67 	9.64, 11.49 	13,23,40,869		1.07,4.02	0,0 	0
66      	30.47, -10.98, -8.70 	-0.33, 0.64, -6.68 	9.64, 11.49 	13,23,40,879		7.18,1.07	0,0 	0
74      	30.47, -10.98, -8.68 	-0.29, 0.61, -6.66 	9.64, 11.49 	13,23,40,888		0.00,5.54	0,0 	0
83      	30.50, -11.03, -8.67 	-0.31, 0.61, -6.65 	9.64, 11.49 	13,23,40,898		6.73,2.14	0,0 	0
92      	30.48, -11.01, -8.68 	-0.31, 0.60, -6.67 	9.64, 11.49 	13,23,40,908		3.19,1.19	0,0 	0
101     	30.51, -11.02, -8.68 	-0.33, 0.58, -6.66 	9.64, 11.49 	13,23,40,918		3.42,3.17	0,0 	0
109     	30.57, -11.01, -8.67 	-0.36, 0.58, -6.65 	9.64, 11.49 	13,23,40,927		7.35,3.61	0,0 	0
118     	30.62, -10.99, -8.64 	-0.34, 0.59, -6.64 	9.64, 11.49 	13,23,40,937		5.85,2.43	0,0 	0
127     	30.60, -11.07, -8.64 	-0.33, 0.60, -6.66 	9.64, 11.49 	13,23,40,947		9.71,1.59	0,0 	0
135     	30.62, -11.05, -8.63 	-0.33, 0.59, -6.67 	9.64, 11.49 	13,23,40,956		3.59,1.34	0,0 	0
144     	30.63, -11.09, -8.62 	-0.25, 0.62, -6.68 	9.64, 11.49 	13,23,40,966		3.71,10.21	0,0 	0
153     	30.64, -11.13, -8.60 	-0.26, 0.61, -6.67 	9.64, 11.49 	13,23,40,976		4.85,2.43	0,0 	0
161     	30.65, -11.23, -8.55 	-0.29, 0.60, -6.66 	9.64, 11.49 	13,23,40,985		13.53,3.83	0,0 	0
170     	30.62, -11.34, -8.56 	-0.31, 0.58, -6.66 	9.64, 11.49 	13,23,40,995		12.59,3.17	0,0 	0
179     	30.64, -11.45, -8.53 	-0.32, 0.58, -6.68 	9.64, 11.49 	13,23,41,5		12.26,1.07	0,0 	0
187     	30.64, -11.50, -8.52 	-0.29, 0.64, -6.69 	9.64, 11.49 	13,23,41,14		6.66,7.55	0,0 	0
196     	30.59, -11.62, -8.43 	-0.30, 0.66, -6.71 	9.64, 11.49 	13,23,41,24		14.52,2.62	0,0 	0
205     	30.60, -11.69, -8.41 	-0.29, 0.64, -6.70 	9.64, 11.49 	13,23,41,34		8.35,2.62	0,0 	0
213     	30.69, -11.69, -8.38 	-0.29, 0.65, -6.68 	9.64, 11.49 	13,23,41,43		12.04,1.34	0,0 	0
222     	30.79, -11.72, -8.34 	-0.30, 0.60, -6.64 	9.64, 11.49 	13,23,41,53		11.28,4.85	0,0 	0
231     	30.88, -11.82, -8.31 	-0.26, 0.58, -6.66 	9.64, 11.49 	13,23,41,63		15.10,4.92	0,0 	0
239     	30.89, -11.96, -8.27 	-0.25, 0.60, -6.64 	9.64, 11.49 	13,23,41,72		17.35,2.91	0,0 	0
248     	30.98, -12.10, -8.20 	-0.24, 0.57, -6.65 	9.64, 11.49 	13,23,41,82		18.15,4.18	0,0 	0
257     	30.91, -12.26, -8.19 	-0.21, 0.56, -6.65 	9.64, 11.49 	13,23,41,92		19.28,3.44	0,0 	0
266     	30.91, -12.34, -8.13 	-0.22, 0.54, -6.63 	9.64, 11.49 	13,23,41,102		9.47,2.59	0,0 	0
274     	30.85, -12.45, -8.14 	-0.23, 0.56, -6.64 	9.64, 11.49 	13,23,41,111		15.77,2.95	0,0 	0
283     	30.85, -12.45, -8.15 	-0.22, 0.53, -6.64 	9.64, 11.49 	13,23,41,121		0.00,3.74	0,0 	0
292     	30.85, -12.50, -8.15 	-0.23, 0.54, -6.63 	9.64, 11.49 	13,23,41,131		6.01,1.61	0,0 	0
300     	30.87, -12.55, -8.09 	-0.21, 0.55, -6.63 	9.64, 11.49 	13,23,41,140		5.84,2.73	0,0 	0
310     	30.79, -12.63, -8.13 	-0.22, 0.55, -6.63 	9.64, 11.49 	13,23,41,151		12.16,0.96	0,0 	0
318     	30.84, -12.68, -8.13 	-0.21, 0.56, -6.63 	9.64, 11.49 	13,23,41,160		8.97,1.78	0,0 	0
326     	30.84, -12.69, -8.11 	-0.18, 0.57, -6.64 	9.64, 11.49 	13,23,41,169		1.33,3.83	0,0 	0
335     	30.87, -12.73, -8.07 	-0.14, 0.58, -6.65 	9.64, 11.49 	13,23,41,179		5.56,4.42	0,0 	0
344     	30.87, -12.80, -8.06 	-0.18, 0.56, -6.64 	9.64, 11.49 	13,23,41,189		8.29,4.86	0,0 	0
352     	30.98, -12.86, -8.04 	-0.16, 0.57, -6.66 	9.64, 11.49 	13,23,41,198		15.47,2.73	0,0 	0
361     	30.85, -12.94, -8.06 	-0.14, 0.57, -6.66 	9.64, 11.49 	13,23,41,208		16.20,2.14	0,0 	0
370     	30.83, -13.00, -8.04 	-0.15, 0.56, -6.64 	9.64, 11.49 	13,23,41,218		7.42,1.59	0,0 	0
378     	30.88, -13.01, -8.02 	-0.15, 0.56, -6.64 	9.64, 11.49 	13,23,41,227		6.17,0.00	0,0 	0
387     	30.83, -13.05, -8.02 	-0.18, 0.54, -6.63 	9.64, 11.49 	13,23,41,237		7.34,3.96	0,0 	0
396     	30.89, -12.97, -8.04 	-0.13, 0.56, -6.63 	9.64, 11.49 	13,23,41,247		11.18,5.82	0,0 	0
404     	30.93, -13.00, -8.06 	-0.15, 0.54, -6.63 	9.64, 11.49 	13,23,41,256		6.26,3.57	0,0 	0
413     	30.97, -13.00, -8.03 	-0.17, 0.56, -6.64 	9.64, 11.49 	13,23,41,266		4.28,3.22	0,0 	0
422     	30.96, -13.05, -8.02 	-0.12, 0.57, -6.62 	9.64, 11.49 	13,23,41,276		4.86,5.46	0,0 	0
430     	30.94, -13.12, -8.01 	-0.19, 0.53, -6.63 	9.64, 11.49 	13,23,41,285		9.63,9.91	0,0 	0
439     	30.97, -13.10, -7.98 	-0.14, 0.56, -6.63 	9.64, 11.49 	13,23,41,295		3.99,6.38	0,0 	0
448     	30.96, -13.12, -7.99 	-0.16, 0.55, -6.63 	9.64, 11.49 	13,23,41,305		2.60,2.43	0,0 	0
457     	31.02, -13.18, -7.96 	-0.10, 0.55, -6.63 	9.64, 11.49 	13,23,41,315		9.57,6.42	0,0 	0
465     	31.00, -13.14, -7.96 	-0.18, 0.53, -6.62 	9.64, 11.49 	13,23,41,324		5.84,9.95	0,0 	0
474     	30.98, -13.17, -7.99 	-0.12, 0.55, -6.62 	9.64, 11.49 	13,23,41,334		4.15,6.81	0,0 	0
483     	30.97, -13.20, -7.96 	-0.19, 0.55, -6.62 	9.64, 11.49 	13,23,41,344		2.60,7.49	0,0 	0
491     	30.95, -13.17, -7.96 	-0.11, 0.57, -6.62 	9.64, 11.49 	13,23,41,353		3.59,9.95	0,0 	0
500     	30.99, -13.20, -7.94 	-0.17, 0.57, -6.61 	9.64, 11.49 	13,23,41,363		4.89,6.42	0,0 	0
509     	30.98, -13.21, -7.96 	-0.11, 0.57, -6.62 	9.64, 11.49 	13,23,41,373		1.60,6.42	0,0 	0
517     	30.99, -13.23, -7.94 	-0.18, 0.55, -6.62 	9.64, 11.49 	13,23,41,382		2.92,8.80	0,0 	0
526     	31.02, -13.21, -7.94 	-0.16, 0.56, -6.62 	9.64, 11.49 	13,23,41,392		3.99,2.43	0,0 	0
535     	31.02, -13.21, -7.91 	-0.16, 0.56, -6.62 	9.64, 11.49 	13,23,41,402		0.00,0.00	0,0 	0
543     	31.00, -13.29, -7.89 	-0.15, 0.55, -6.61 	9.64, 11.49 	13,23,41,411		10.92,1.81	0,0 	0
552     	30.92, -13.30, -7.90 	-0.17, 0.53, -6.62 	9.64, 11.49 	13,23,41,421		8.65,3.17	0,0 	0
561     	30.92, -13.32, -7.89 	-0.12, 0.54, -6.62 	9.64, 11.49 	13,23,41,431		2.37,5.46	0,0 	0
569     	30.93, -13.30, -7.89 	-0.19, 0.53, -6.62 	9.64, 11.49 	13,23,41,440		2.92,8.51	0,0 	0
578     	30.93, -13.29, -7.89 	-0.16, 0.55, -6.63 	9.64, 11.49 	13,23,41,450		1.18,3.96	0,0 	0
587     	30.98, -13.24, -7.90 	-0.15, 0.57, -6.62 	9.64, 11.49 	13,23,41,460		7.98,2.59	0,0 	0
595     	30.97, -13.27, -7.91 	-0.18, 0.57, -6.62 	9.64, 11.49 	13,23,41,469		4.17,3.61	0,0 	0
604     	30.96, -13.26, -7.90 	-0.15, 0.56, -6.62 	9.64, 11.49 	13,23,41,479		1.60,3.44	0,0 	0
613     	30.95, -13.28, -7.90 	-0.17, 0.56, -6.61 	9.64, 11.49 	13,23,41,489		2.60,2.14	0,0 	0
622     	30.94, -13.32, -7.92 	-0.16, 0.57, -6.63 	9.64, 11.49 	13,23,41,499		4.86,1.59	0,0 	0
630     	30.95, -13.37, -7.90 	-0.19, 0.59, -6.64 	9.64, 11.49 	13,23,41,508		5.46,4.52	0,0 	0
639     	31.04, -13.38, -7.88 	-0.13, 0.56, -6.61 	9.64, 11.49 	13,23,41,518		9.71,7.39	0,0 	0
648     	30.99, -13.37, -7.91 	-0.19, 0.56, -6.61 	9.64, 11.49 	13,23,41,528		5.48,6.42	0,0 	0
656     	30.99, -13.42, -7.89 	-0.17, 0.56, -6.61 	9.64, 11.49 	13,23,41,537		6.66,2.41	0,0 	0
665     	31.01, -13.41, -7.91 	-0.19, 0.56, -6.62 	9.64, 11.49 	13,23,41,547		2.45,2.14	0,0 	0
674     	31.01, -13.44, -7.88 	-0.18, 0.56, -6.61 	9.64, 11.49 	13,23,41,557		3.55,1.07	0,0 	0
682     	31.02, -13.45, -7.89 	-0.20, 0.58, -6.61 	9.64, 11.49 	13,23,41,566		1.80,3.62	0,0 	0
691     	31.04, -13.43, -7.88 	-0.20, 0.60, -6.63 	9.64, 11.49 	13,23,41,576		3.19,2.38	0,0 	0
700     	31.01, -13.49, -7.86 	-0.18, 0.57, -6.63 	9.64, 11.49 	13,23,41,586		7.80,4.18	0,0 	0
708     	30.98, -13.49, -7.88 	-0.18, 0.57, -6.62 	9.64, 11.49 	13,23,41,595		3.61,0.00	0,0 	0
717     	31.01, -13.47, -7.84 	-0.18, 0.57, -6.61 	9.64, 11.49 	13,23,41,605		3.99,0.00	0,0 	0
726     	31.03, -13.49, -7.84 	-0.18, 0.59, -6.63 	9.64, 11.49 	13,23,41,615		3.19,2.38	0,0 	0
734     	31.05, -13.54, -7.84 	-0.18, 0.57, -6.62 	9.64, 11.49 	13,23,41,624		5.84,2.67	0,0 	0
743     	31.12, -13.50, -7.81 	-0.20, 0.58, -6.63 	9.64, 11.49 	13,23,41,634		9.27,2.46	0,0 	0
752     	31.08, -13.55, -7.83 	-0.16, 0.56, -6.62 	9.64, 11.49 	13,23,41,644		6.39,4.92	0,0 	0
760     	31.00, -13.61, -7.82 	-0.16, 0.60, -6.62 	9.64, 11.49 	13,23,41,653		13.47,5.35	0,0 	0
769     	31.06, -13.58, -7.84 	-0.16, 0.58, -6.62 	9.64, 11.49 	13,23,41,663		7.34,2.38	0,0 	0
778     	31.07, -13.60, -7.83 	-0.16, 0.57, -6.63 	9.64, 11.49 	13,23,41,673		2.60,1.19	0,0 	0
786     	31.12, -13.58, -7.82 	-0.14, 0.58, -6.62 	9.64, 11.49 	13,23,41,682		7.70,2.73	0,0 	0
795     	31.12, -13.61, -7.81 	-0.18, 0.57, -6.61 	9.64, 11.49 	13,23,41,692		3.55,4.42	0,0 	0
804     	31.14, -13.55, -7.78 	-0.17, 0.57, -6.62 	9.64, 11.49 	13,23,41,702		7.42,1.07	0,0 	0
813     	31.10, -13.57, -7.79 	-0.18, 0.58, -6.62 	9.64, 11.49 	13,23,41,712		4.89,1.61	0,0 	0
821     	31.06, -13.64, -7.76 	-0.18, 0.56, -6.62 	9.64, 11.49 	13,23,41,721		11.10,2.67	0,0 	0
830     	31.02, -13.67, -7.77 	-0.17, 0.58, -6.63 	9.64, 11.49 	13,23,41,731		5.56,2.59	0,0 	0
839     	31.05, -13.65, -7.77 	-0.20, 0.57, -6.62 	9.64, 11.49 	13,23,41,741		3.99,3.40	0,0 	0
847     	30.96, -13.70, -7.77 	-0.19, 0.60, -6.61 	9.64, 11.49 	13,23,41,750		12.08,4.17	0,0 	0
857     	30.94, -13.70, -7.77 	-0.18, 0.60, -6.61 	9.64, 11.49 	13,23,41,761		1.93,0.96	0,0 	0
865     	30.99, -13.67, -7.76 	-0.16, 0.60, -6.61 	9.64, 11.49 	13,23,41,770		6.59,2.41	0,0 	0
873     	31.06, -13.66, -7.76 	-0.17, 0.60, -6.63 	9.64, 11.49 	13,23,41,779		8.53,1.20	0,0 	0
882     	31.08, -13.66, -7.77 	-0.17, 0.61, -6.62 	9.64, 11.49 	13,23,41,789		3.21,1.19	0,0 	0
891     	31.07, -13.67, -7.77 	-0.15, 0.60, -6.61 	9.64, 11.49 	13,23,41,799		1.60,2.46	0,0 	0
899     	31.08, -13.73, -7.76 	-0.14, 0.61, -6.62 	9.64, 11.49 	13,23,41,808		6.77,1.78	0,0 	0
908     	31.08, -13.73, -7.76 	-0.14, 0.63, -6.62 	9.64, 11.49 	13,23,41,818		0.00,2.38	0,0 	0
917     	31.08, -13.77, -7.76 	-0.14, 0.63, -6.61 	9.64, 11.49 	13,23,41,828		4.74,0.00	0,0 	0
925     	31.07, -13.77, -7.74 	-0.14, 0.64, -6.61 	9.64, 11.49 	13,23,41,837		1.20,1.34	0,0 	0
934     	31.05, -13.82, -7.74 	-0.11, 0.64, -6.62 	9.64, 11.49 	13,23,41,847		6.74,3.21	0,0 	0
943     	31.03, -13.82, -7.73 	-0.14, 0.69, -6.60 	9.64, 11.49 	13,23,41,857		2.14,5.77	0,0 	0
951     	31.08, -13.85, -7.73 	-0.05, 0.71, -6.61 	9.64, 11.49 	13,23,41,866		7.70,11.11	0,0 	0
960     	31.08, -13.86, -7.72 	-0.07, 0.70, -6.60 	9.64, 11.49 	13,23,41,876		1.18,2.43	0,0 	0
969     	31.04, -13.89, -7.71 	-0.06, 0.70, -6.61 	9.64, 11.49 	13,23,41,886		6.43,1.07	0,0 	0
977     	31.09, -13.93, -7.68 	0.00, 0.71, -6.64 	9.64, 11.49 	13,23,41,895		8.97,8.51	0,0 	0
986     	31.09, -13.94, -7.69 	-0.01, 0.72, -6.64 	9.64, 11.49 	13,23,41,905		1.18,1.61	0,0 	0
995     	31.05, -13.98, -7.68 	0.07, 0.72, -6.63 	9.64, 11.49 	13,23,41,915		7.15,8.55	0,0 	0
1004    	31.01, -14.03, -7.69 	0.11, 0.74, -6.64 	9.64, 11.49 	13,23,41,925		6.39,4.86	1000,1 	0
1012    	31.01, -14.03, -7.69 	0.14, 0.76, -6.63 	9.64, 11.49 	13,23,41,934		0.00,4.46	1000,1 	0
1021    	31.02, -14.06, -7.67 	0.20, 0.77, -6.62 	9.64, 11.49 	13,23,41,944		3.71,6.51	1000,1 	0
1030    	31.04, -14.05, -7.65 	0.25, 0.78, -6.62 	9.64, 11.49 	13,23,41,954		2.45,6.51	1000,1 	0
1038    	31.04, -14.04, -7.64 	0.28, 0.79, -6.62 	9.64, 11.49 	13,23,41,963		1.33,3.83	1000,1 	0
1047    	30.99, -14.07, -7.67 	0.35, 0.80, -6.63 	9.64, 11.49 	13,23,41,973		6.43,7.56	1000,1 	0
1056    	31.03, -14.08, -7.67 	0.48, 0.82, -6.62 	9.64, 11.49 	13,23,41,983		4.44,14.07	1000,1 	0
1064    	31.04, -14.12, -7.66 	0.61, 0.83, -6.62 	9.64, 11.49 	13,23,41,992		5.46,16.87	1000,1 	0
1073    	31.06, -14.08, -7.67 	0.81, 0.86, -6.63 	9.64, 11.49 	13,23,42,2		5.20,22.68	1000,1 	0
1082    	31.02, -14.10, -7.65 	0.93, 0.92, -6.64 	9.64, 11.49 	13,23,42,12		4.89,14.58	1000,1 	0
1090    	30.99, -14.15, -7.63 	1.08, 0.92, -6.61 	9.64, 11.49 	13,23,42,21		7.58,19.25	1000,1 	0
1099    	31.02, -14.18, -7.62 	1.24, 1.01, -6.61 	9.64, 11.49 	13,23,42,31		3.99,20.38	1000,1 	0
1108    	31.07, -14.14, -7.61 	1.39, 1.05, -6.61 	9.64, 11.49 	13,23,42,41		7.34,16.66	1000,1 	0
1116    	31.02, -14.20, -7.62 	1.48, 1.07, -6.61 	9.64, 11.49 	13,23,42,50		9.83,12.28	1000,1 	0
1125    	31.02, -14.23, -7.61 	1.62, 1.10, -6.64 	9.64, 11.49 	13,23,42,60		3.55,15.34	1000,1 	0
1134    	31.01, -14.24, -7.59 	1.83, 1.13, -6.64 	9.64, 11.49 	13,23,42,70		1.60,23.74	1000,1 	0
1142    	30.97, -14.28, -7.59 	1.97, 1.22, -6.67 	9.64, 11.49 	13,23,42,79		7.18,20.83	1000,1 	0
1151    	31.07, -14.25, -7.57 	2.11, 1.25, -6.67 	9.64, 11.49 	13,23,42,89		12.30,15.34	1000,1 	0
1160    	31.03, -14.25, -7.60 	2.17, 1.30, -6.67 	9.64, 11.49 	13,23,42,99		5.35,8.68	1000,1 	0
1169    	31.11, -14.30, -7.58 	2.17, 1.33, -6.65 	9.64, 11.49 	13,23,42,109		11.30,3.56	1000,1 	0
1177    	31.10, -14.29, -7.59 	2.21, 1.38, -6.66 	9.64, 11.49 	13,23,42,118		1.79,8.92	1000,1 	0
1186    	31.11, -14.36, -7.57 	2.31, 1.39, -6.66 	9.64, 11.49 	13,23,42,128		7.18,10.74	1000,1 	0
1195    	31.08, -14.42, -7.54 	2.30, 1.42, -6.65 	9.64, 11.49 	13,23,42,138		7.80,2.62	1000,1 	0
1203    	31.03, -14.41, -7.56 	2.37, 1.47, -6.67 	9.64, 11.49 	13,23,42,147		7.35,10.67	1000,1 	0
1212    	31.01, -14.40, -7.54 	2.50, 1.54, -6.69 	9.64, 11.49 	13,23,42,157		2.45,17.01	1000,1 	0
1221    	31.05, -14.40, -7.52 	2.55, 1.60, -6.70 	9.64, 11.49 	13,23,42,167		5.35,7.93	1000,1 	0
1229    	31.02, -14.43, -7.50 	2.66, 1.66, -6.73 	9.64, 11.49 	13,23,42,176		6.26,16.41	1000,1 	0
1239    	31.06, -14.39, -7.50 	2.74, 1.68, -6.74 	9.64, 11.49 	13,23,42,187		6.43,7.96	1000,1 	0
1247    	31.07, -14.42, -7.47 	2.77, 1.70, -6.74 	9.64, 11.49 	13,23,42,196		4.17,4.46	1000,1 	0
1255    	31.05, -14.41, -7.46 	2.84, 1.73, -6.75 	9.64, 11.49 	13,23,42,205		2.75,9.27	1000,1 	0
1264    	31.05, -14.44, -7.46 	2.86, 1.72, -6.75 	9.64, 11.49 	13,23,42,215		3.71,3.44	1000,1 	0
1273    	31.05, -14.46, -7.44 	2.88, 1.74, -6.75 	9.64, 11.49 	13,23,42,225		2.60,3.17	1000,1 	0
1281    	31.06, -14.47, -7.44 	2.86, 1.74, -6.76 	9.64, 11.49 	13,23,42,234		1.79,2.41	1000,1 	0
1290    	31.00, -14.47, -7.48 	2.89, 1.77, -6.78 	9.64, 11.49 	13,23,42,244		7.49,4.76	1000,1 	0
1299    	31.01, -14.51, -7.44 	2.87, 1.81, -6.79 	9.64, 11.49 	13,23,42,254		3.71,4.18	1000,1 	0
1307    	30.96, -14.52, -7.46 	2.89, 1.80, -6.81 	9.64, 11.49 	13,23,42,263		6.17,2.77	1000,1 	0
1316    	30.99, -14.48, -7.49 	2.88, 1.81, -6.82 	9.64, 11.49 	13,23,42,273		4.79,1.61	1000,1 	0
1325    	30.98, -14.48, -7.48 	2.89, 1.83, -6.84 	9.64, 11.49 	13,23,42,283		1.07,2.59	1000,1 	0
1333    	31.03, -14.49, -7.47 	2.92, 1.84, -6.86 	9.64, 11.49 	13,23,42,292		6.17,3.83	1000,1 	0
1342    	31.01, -14.52, -7.49 	2.90, 1.83, -6.85 	9.64, 11.49 	13,23,42,302		3.19,2.43	1000,1 	0
1351    	30.98, -14.57, -7.42 	2.92, 1.82, -6.86 	9.64, 11.49 	13,23,42,312		6.74,2.46	1000,1 	0
1360    	31.01, -14.53, -7.44 	2.95, 1.82, -6.87 	9.64, 11.49 	13,23,42,322		5.72,3.21	1000,1 	0
1368    	30.99, -14.60, -7.41 	2.94, 1.85, -6.88 	9.64, 11.49 	13,23,42,331		9.63,4.20	1000,1 	0
1377    	30.99, -14.61, -7.37 	2.94, 1.84, -6.93 	9.64, 11.49 	13,23,42,341		1.18,1.19	1000,1 	0
1386    	30.96, -14.63, -7.36 	2.95, 1.86, -6.95 	9.64, 11.49 	13,23,42,351		3.99,2.59	1000,1 	0
1394    	30.95, -14.64, -7.35 	2.96, 1.86, -6.97 	9.64, 11.49 	13,23,42,360		1.80,1.20	1000,1 	0
1403    	30.91, -14.69, -7.36 	2.95, 1.84, -6.99 	9.64, 11.49 	13,23,42,370		6.39,2.59	1000,1 	0
1412    	30.94, -14.70, -7.34 	2.99, 1.85, -7.04 	9.64, 11.49 	13,23,42,380		3.42,4.42	1000,1 	0
1420    	31.00, -14.63, -7.37 	2.99, 1.87, -7.08 	9.64, 11.49 	13,23,42,389		10.78,2.67	1000,1 	0
1430    	31.00, -14.65, -7.36 	2.92, 1.84, -7.09 	9.64, 11.49 	13,23,42,400		2.13,7.42	1000,1 	0
1438    	30.93, -14.68, -7.36 	2.93, 1.87, -7.14 	9.64, 11.49 	13,23,42,409		8.84,4.17	1000,1 	0
1446    	30.93, -14.68, -7.34 	2.99, 1.89, -7.18 	9.64, 11.49 	13,23,42,418		0.00,7.66	1000,1 	0
1455    	30.89, -14.68, -7.34 	3.03, 1.92, -7.24 	9.64, 11.49 	13,23,42,428		4.28,5.53	1000,1 	0
1464    	30.82, -14.79, -7.32 	3.04, 1.93, -7.26 	9.64, 11.49 	13,23,42,438		15.03,1.59	1000,1 	0
1472    	30.85, -14.75, -7.33 	2.98, 1.96, -7.31 	9.64, 11.49 	13,23,42,447		6.44,7.73	1000,1 	0
1481    	30.85, -14.76, -7.33 	2.96, 1.99, -7.36 	9.64, 11.49 	13,23,42,457		1.18,4.18	1000,1 	0
1490    	30.86, -14.78, -7.32 	2.99, 2.04, -7.40 	9.64, 11.49 	13,23,42,467		2.60,6.71	1000,1 	0
1498    	30.85, -14.76, -7.31 	3.03, 2.03, -7.43 	9.64, 11.49 	13,23,42,476		2.92,5.01	1000,1 	0
1507    	30.85, -14.78, -7.31 	3.00, 2.06, -7.46 	9.64, 11.49 	13,23,42,486		2.37,4.83	1000,1 	0
1516    	30.87, -14.74, -7.29 	3.04, 2.09, -7.48 	9.64, 11.49 	13,23,42,496		5.20,5.53	1000,1 	0
1524    	30.91, -14.73, -7.30 	3.04, 2.09, -7.49 	9.64, 11.49 	13,23,42,505		5.00,0.00	1000,1 	0
1533    	30.88, -14.77, -7.29 	3.05, 2.10, -7.51 	9.64, 11.49 	13,23,42,515		5.72,2.43	1000,1 	0
1542    	30.88, -14.79, -7.30 	3.05, 2.12, -7.53 	9.64, 11.49 	13,23,42,525		2.37,1.61	1000,1 	0
1551    	30.85, -14.85, -7.28 	3.06, 2.07, -7.53 	9.64, 11.49 	13,23,42,535		6.74,4.89	1000,1 	0
1559    	30.86, -14.87, -7.26 	3.05, 2.06, -7.52 	9.64, 11.49 	13,23,42,544		2.92,1.78	1000,1 	0
1568    	30.86, -14.89, -7.28 	3.05, 2.07, -7.54 	9.64, 11.49 	13,23,42,554		2.37,1.19	1000,1 	0
1577    	30.81, -14.91, -7.28 	3.04, 2.06, -7.55 	9.64, 11.49 	13,23,42,564		5.85,1.59	1000,1 	0
1585    	30.75, -14.88, -7.28 	3.05, 2.06, -7.56 	9.64, 11.49 	13,23,42,573		9.33,1.20	1000,1 	0
1594    	30.77, -14.85, -7.29 	3.02, 2.08, -7.60 	9.64, 11.49 	13,23,42,583		4.15,4.02	1000,1 	0
1603    	30.81, -14.87, -7.29 	3.03, 2.09, -7.62 	9.64, 11.49 	13,23,42,593		5.85,1.59	1000,1 	0
1611    	30.86, -14.86, -7.28 	3.01, 2.09, -7.64 	9.64, 11.49 	13,23,42,602		6.17,2.41	1000,1 	0
1621    	30.78, -14.92, -7.28 	3.01, 2.08, -7.67 	9.64, 11.49 	13,23,42,613		10.02,1.07	1000,1 	0
1629    	30.77, -14.92, -7.27 	3.05, 2.07, -7.67 	9.64, 11.49 	13,23,42,622		1.20,5.01	1000,1 	0
1637    	30.77, -14.92, -7.23 	2.98, 2.08, -7.69 	9.64, 11.49 	13,23,42,631		0.00,8.55	1000,1 	0
1646    	30.74, -14.91, -7.23 	2.96, 2.08, -7.69 	9.64, 11.49 	13,23,42,641		4.44,2.14	1000,1 	0
1655    	30.70, -14.98, -7.24 	2.93, 2.12, -7.72 	9.64, 11.49 	13,23,42,651		9.33,4.83	1000,1 	0
1663    	30.71, -15.01, -7.22 	2.95, 2.12, -7.74 	9.64, 11.49 	13,23,42,660		2.92,2.41	1000,1 	0
1672    	30.72, -15.03, -7.20 	2.94, 2.12, -7.75 	9.64, 11.49 	13,23,42,670		2.60,1.07	1000,1 	0
1681    	30.70, -15.00, -7.22 	2.94, 2.12, -7.76 	9.64, 11.49 	13,23,42,679		4.15,0.00	1000,1 	0
1689    	30.72, -15.04, -7.20 	2.95, 2.12, -7.77 	9.64, 11.49 	13,23,42,689		5.84,1.20	1000,1 	0
1698    	30.76, -15.03, -7.20 	2.97, 2.13, -7.77 	9.64, 11.49 	13,23,42,699		4.44,2.43	1000,1 	0
1707    	30.74, -15.05, -7.20 	2.97, 2.13, -7.77 	9.64, 11.49 	13,23,42,708		3.19,0.00	1000,1 	0
1716    	30.71, -15.06, -7.18 	2.97, 2.13, -7.77 	9.64, 11.49 	13,23,42,718		3.42,0.00	1000,1 	0
1724    	30.71, -15.08, -7.19 	2.97, 2.13, -7.77 	9.64, 11.49 	13,23,42,727		2.66,0.00	1000,1 	0
1733    	30.70, -15.07, -7.17 	2.98, 2.15, -7.77 	9.64, 11.49 	13,23,42,737		1.60,2.59	1000,1 	0
1742    	30.71, -15.11, -7.16 	2.98, 2.14, -7.76 	9.64, 11.49 	13,23,42,747		4.85,1.19	1000,1 	0
1750    	30.70, -15.10, -7.15 	2.96, 2.13, -7.77 	9.64, 11.49 	13,23,42,756		1.79,2.73	1000,1 	0
1759    	30.73, -15.07, -7.15 	3.01, 2.14, -7.77 	9.64, 11.49 	13,23,42,766		4.79,5.46	1000,1 	0
1768    	30.72, -15.06, -7.18 	2.99, 2.15, -7.77 	9.64, 11.49 	13,23,42,776		1.60,2.46	1000,1 	0
1776    	30.68, -15.13, -7.17 	3.04, 2.14, -7.77 	9.64, 11.49 	13,23,42,785		10.50,6.18	1000,1 	0
1785    	30.68, -15.13, -7.17 	3.00, 2.14, -7.77 	9.64, 11.49 	13,23,42,795		0.00,4.28	1000,1 	0
1794    	30.72, -15.10, -7.20 	3.04, 2.16, -7.76 	9.64, 11.49 	13,23,42,805		5.56,4.86	1000,1 	0
1802    	30.72, -15.11, -7.18 	3.10, 2.17, -7.77 	9.64, 11.49 	13,23,42,814		1.33,8.51	1000,1 	0
1812    	30.70, -15.12, -7.18 	3.12, 2.19, -7.78 	9.64, 11.49 	13,23,42,825		2.20,2.86	1000,1 	0
1820    	30.67, -15.14, -7.16 	3.11, 2.15, -7.76 	9.64, 11.49 	13,23,42,834		4.49,5.46	1000,1 	0
1828    	30.68, -15.18, -7.15 	3.17, 2.19, -7.76 	9.64, 11.49 	13,23,42,843		4.17,8.92	1000,1 	0
1837    	30.67, -15.17, -7.13 	3.14, 2.18, -7.75 	9.64, 11.49 	13,23,42,853		1.60,3.40	1000,1 	0
1846    	30.63, -15.22, -7.15 	3.23, 2.23, -7.74 	9.64, 11.49 	13,23,42,863		7.31,11.23	1000,1 	0
1854    	30.62, -15.22, -7.15 	3.24, 2.25, -7.74 	9.64, 11.49 	13,23,42,872		1.20,2.91	1000,1 	0
1863    	30.67, -15.21, -7.15 	3.26, 2.30, -7.76 	9.64, 11.49 	13,23,42,882		5.48,5.18	1000,1 	0
1872    	30.66, -15.20, -7.17 	3.33, 2.31, -7.77 	9.64, 11.49 	13,23,42,892		1.60,8.62	1000,1 	0
1880    	30.67, -15.18, -7.14 	3.40, 2.34, -7.77 	9.64, 11.49 	13,23,42,901		2.92,9.27	1000,1 	0
1889    	30.64, -15.21, -7.15 	3.42, 2.37, -7.80 	9.64, 11.49 	13,23,42,911		4.79,4.13	1000,1 	0
1898    	30.63, -15.21, -7.14 	3.44, 2.40, -7.80 	9.64, 11.49 	13,23,42,921		1.07,4.13	1000,1 	0
1906    	30.63, -15.21, -7.14 	3.48, 2.39, -7.80 	9.64, 11.49 	13,23,42,930		0.00,5.01	1000,1 	0
1915    	30.63, -15.22, -7.09 	3.51, 2.40, -7.80 	9.64, 11.49 	13,23,42,940		1.18,4.42	1000,1 	0
1924    	30.65, -15.26, -7.08 	3.51, 2.39, -7.80 	9.64, 11.49 	13,23,42,950		5.20,1.19	1000,1 	0
1933    	30.63, -15.25, -7.11 	3.57, 2.43, -7.81 	9.64, 11.49 	13,23,42,960		2.45,7.93	1000,1 	0
1941    	30.63, -15.25, -7.11 	3.54, 2.44, -7.84 	9.64, 11.49 	13,23,42,970		0.00,3.87	1000,1 	0
1950    	30.68, -15.27, -7.12 	3.59, 2.45, -7.84 	9.64, 11.49 	13,23,42,979		5.85,5.46	1000,1 	0
1959    	30.63, -15.32, -7.11 	3.62, 2.52, -7.86 	9.64, 11.49 	13,23,42,989		7.15,7.77	1000,1 	0
1967    	30.61, -15.30, -7.08 	3.70, 2.52, -7.86 	9.64, 11.49 	13,23,42,998		2.75,9.62	1000,1 	0
1976    	30.62, -15.37, -7.11 	3.75, 2.57, -7.88 	9.64, 11.49 	13,23,43,8		7.18,8.68	1000,1 	0
1985    	30.61, -15.37, -7.10 	3.81, 2.65, -7.91 	9.64, 11.49 	13,23,43,18		1.07,11.39	1000,1 	0
1993    	30.62, -15.38, -7.05 	3.92, 2.67, -7.91 	9.64, 11.49 	13,23,43,27		1.80,13.46	1000,1 	0
2002    	30.62, -15.41, -7.05 	4.04, 2.78, -7.96 	9.64, 11.49 	13,23,43,37		3.55,18.15	1000,1 	0
2011    	30.65, -15.40, -7.07 	4.16, 2.94, -8.00 	9.64, 11.49 	13,23,43,47		3.42,21.80	1000,1 	0
2019    	30.62, -15.41, -7.06 	4.34, 3.16, -8.04 	9.64, 11.49 	13,23,43,56		3.85,35.93	1000,1 	0
2028    	30.58, -15.42, -7.02 	4.56, 3.43, -8.12 	9.64, 11.49 	13,23,43,66		4.44,38.27	1000,1 	0
2037    	30.55, -15.38, -7.04 	4.82, 3.80, -8.15 	9.64, 11.49 	13,23,43,76		5.72,50.87	1000,1 	0
2045    	30.58, -15.37, -7.08 	5.08, 4.16, -8.09 	9.64, 11.49 	13,23,43,85		3.85,55.45	1000,1 	0
2054    	30.64, -15.36, -7.07 	5.38, 4.52, -8.02 	9.64, 11.49 	13,23,43,95		6.53,51.86	1000,1 	0
2063    	30.63, -15.37, -7.06 	5.71, 4.87, -7.97 	9.64, 11.49 	13,23,43,105		1.60,53.79	1000,1 	0
2071    	30.73, -15.38, -7.07 	5.94, 5.19, -7.95 	9.64, 11.49 	13,23,43,114		12.11,49.05	1000,1 	0
2080    	30.68, -15.46, -7.03 	6.11, 5.48, -7.87 	9.64, 11.49 	13,23,43,124		10.88,37.16	1000,1 	0
2089    	30.67, -15.50, -7.04 	6.29, 5.82, -7.79 	9.64, 11.49 	13,23,43,134		3.71,42.83	1000,1 	0
2098    	30.68, -15.54, -7.04 	6.52, 6.17, -7.76 	9.64, 11.49 	13,23,43,144		4.85,46.53	1000,1 	0
2106    	30.69, -15.59, -6.99 	6.83, 6.53, -7.73 	9.64, 11.49 	13,23,43,153		6.77,59.11	1000,1 	0
2115    	30.72, -15.56, -6.93 	7.10, 6.89, -7.66 	9.64, 11.49 	13,23,43,163		4.79,50.55	1000,1 	0
2124    	30.65, -15.54, -6.93 	7.30, 7.15, -7.60 	9.64, 11.49 	13,23,43,173		7.86,36.02	1000,1 	0
2132    	30.66, -15.60, -6.93 	7.44, 7.36, -7.51 	9.64, 11.49 	13,23,43,182		8.08,31.38	1000,1 	0
2141    	30.64, -15.61, -6.95 	7.68, 7.58, -7.44 	9.64, 11.49 	13,23,43,192		2.45,37.07	1000,1 	0
2150    	30.64, -15.62, -6.93 	7.91, 7.79, -7.39 	9.64, 11.49 	13,23,43,202		1.18,34.71	1000,1 	0
2158    	30.74, -15.65, -6.90 	8.13, 7.97, -7.31 	9.64, 11.49 	13,23,43,211		13.51,35.53	1000,1 	0
2167    	30.74, -15.71, -6.92 	8.29, 8.14, -7.28 	9.64, 11.49 	13,23,43,221		7.18,25.38	1000,1 	0
2176    	30.75, -15.71, -6.90 	8.44, 8.29, -7.24 	9.64, 11.49 	13,23,43,231		2.14,23.68	1000,1 	0
2184    	30.74, -15.77, -6.89 	8.54, 8.40, -7.22 	9.64, 11.49 	13,23,43,240		8.35,18.66	1000,1 	0
2194    	30.73, -15.79, -6.86 	8.65, 8.54, -7.20 	9.64, 11.49 	13,23,43,251		2.34,17.34	1000,1 	0
2202    	30.75, -15.87, -6.85 	8.72, 8.63, -7.18 	9.64, 11.49 	13,23,43,260		10.00,14.58	1000,1 	0
2210    	30.69, -15.91, -6.84 	8.77, 8.73, -7.19 	9.64, 11.49 	13,23,43,269		9.97,13.93	1000,1 	0
2219    	30.68, -15.92, -6.86 	8.84, 8.83, -7.17 	9.64, 11.49 	13,23,43,279		1.60,13.94	1000,1 	0
2228    	30.75, -15.92, -6.82 	8.92, 8.92, -7.19 	9.64, 11.49 	13,23,43,289		8.56,12.69	1000,1 	0
2236    	30.74, -15.88, -6.86 	8.98, 8.97, -7.17 	9.64, 11.49 	13,23,43,298		5.46,10.67	1000,1 	0
2245    	30.75, -15.91, -6.84 	8.97, 8.99, -7.17 	9.64, 11.49 	13,23,43,308		3.71,2.62	1000,1 	0
2254    	30.89, -15.86, -6.89 	8.99, 9.00, -7.16 	9.64, 11.49 	13,23,43,318		16.12,2.43	1000,1 	0
2262    	31.00, -15.90, -6.86 	9.01, 9.02, -7.15 	9.64, 11.49 	13,23,43,327		15.40,2.73	1000,1 	0
2271    	30.96, -15.91, -6.86 	9.02, 9.03, -7.15 	9.64, 11.49 	13,23,43,337		5.48,1.59	1000,1 	0
2280    	30.90, -15.99, -6.83 	9.01, 9.02, -7.15 	9.64, 11.49 	13,23,43,347		10.49,1.59	1000,1 	0
2289    	30.87, -16.02, -6.82 	8.99, 9.02, -7.16 	9.64, 11.49 	13,23,43,357		4.79,2.14	1000,1 	0
2297    	30.89, -16.08, -6.84 	8.99, 9.02, -7.15 	9.64, 11.49 	13,23,43,366		8.34,0.00	1000,1 	0
2306    	30.85, -16.05, -6.83 	8.98, 9.02, -7.16 	9.64, 11.49 	13,23,43,376		5.56,1.07	1000,1 	0
2315    	30.88, -16.03, -6.86 	8.98, 8.99, -7.15 	9.64, 11.49 	13,23,43,386		3.99,2.38	1000,1 	0
2323    	30.86, -16.02, -6.87 	8.98, 8.99, -7.15 	9.64, 11.49 	13,23,43,395		2.75,0.00	1000,1 	0
2332    	30.92, -16.02, -6.84 	8.97, 9.00, -7.15 	9.64, 11.49 	13,23,43,405		6.42,1.61	1000,1 	0
2341    	30.91, -16.01, -6.85 	8.96, 8.99, -7.15 	9.64, 11.49 	13,23,43,415		1.60,1.59	1000,1 	0
2349    	30.87, -16.04, -6.84 	8.96, 9.01, -7.15 	9.64, 11.49 	13,23,43,424		6.26,1.34	1000,1 	0
2358    	30.86, -16.06, -6.84 	8.97, 9.00, -7.15 	9.64, 11.49 	13,23,43,434		2.60,1.07	1000,1 	0
2367    	30.91, -16.05, -6.79 	8.95, 9.01, -7.15 	9.64, 11.49 	13,23,43,444		5.48,2.14	1000,1 	0
2375    	30.91, -16.05, -6.79 	8.95, 8.99, -7.14 	9.64, 11.49 	13,23,43,453		0.00,1.34	1000,1 	0
2384    	30.90, -16.04, -6.81 	8.95, 9.01, -7.14 	9.64, 11.49 	13,23,43,463		1.60,1.19	1000,1 	0
2393    	30.90, -16.04, -6.81 	8.94, 9.01, -7.14 	9.64, 11.49 	13,23,43,473		0.00,1.07	1000,1 	0
2401    	30.91, -16.07, -6.83 	8.96, 9.01, -7.14 	9.64, 11.49 	13,23,43,482		4.17,2.41	1000,1 	0
2410    	30.91, -16.07, -6.82 	8.95, 9.01, -7.13 	9.64, 11.49 	13,23,43,492		0.00,1.07	1000,1 	0
2419    	30.97, -16.09, -6.82 	8.96, 9.02, -7.13 	9.64, 11.49 	13,23,43,502		6.84,1.59	1000,1 	0
2427    	30.94, -16.07, -6.82 	8.98, 9.04, -7.13 	9.64, 11.49 	13,23,43,511		4.49,3.57	1000,1 	0
2436    	31.00, -16.10, -6.80 	8.99, 9.08, -7.13 	9.64, 11.49 	13,23,43,521		8.29,4.85	1000,1 	0
2445    	30.97, -16.15, -6.81 	9.01, 9.11, -7.12 	9.64, 11.49 	13,23,43,531		6.39,4.13	1000,1 	0
2454    	30.96, -16.15, -6.81 	9.06, 9.16, -7.12 	9.64, 11.49 	13,23,43,541		1.07,7.93	1000,1 	0
2462    	30.95, -16.12, -6.78 	9.16, 9.24, -7.09 	9.64, 11.49 	13,23,43,550		2.92,16.09	1000,1 	0
2471    	30.94, -16.11, -6.80 	9.27, 9.33, -7.06 	9.64, 11.49 	13,23,43,560		1.60,15.78	1000,1 	0
2480    	30.92, -16.12, -6.82 	9.35, 9.48, -7.02 	9.64, 11.49 	13,23,43,570		2.45,18.59	1000,1 	0
2488    	30.97, -16.13, -6.82 	9.49, 9.65, -7.01 	9.64, 11.49 	13,23,43,579		6.02,27.77	1000,1 	0
2497    	30.95, -16.10, -6.82 	9.69, 9.87, -6.99 	9.64, 11.49 	13,23,43,589		3.19,32.44	1000,1 	0
2506    	30.99, -16.08, -6.82 	9.85, 10.00, -6.97 	9.64, 11.49 	13,23,43,599		4.89,23.67	1000,1 	0
2514    	30.99, -16.09, -6.82 	9.96, 10.09, -6.94 	9.64, 11.49 	13,23,43,608		1.33,16.89	1000,1 	0
2523    	31.07, -16.10, -6.82 	10.06, 10.19, -6.94 	9.64, 11.49 	13,23,43,618		9.71,16.59	1000,1 	0
2532    	31.10, -16.08, -6.81 	10.21, 10.29, -6.94 	9.64, 11.49 	13,23,43,628		3.99,19.14	1000,1 	0
2540    	31.09, -16.05, -6.82 	10.30, 10.37, -6.92 	9.64, 11.49 	13,23,43,637		4.17,15.97	1000,1 	0
2549    	31.05, -16.05, -6.82 	10.35, 10.43, -6.90 	9.64, 11.49 	13,23,43,647		4.28,7.93	1000,1 	0
2558    	31.01, -16.06, -6.80 	10.35, 10.45, -6.85 	9.64, 11.49 	13,23,43,657		4.44,2.38	1000,1 	0
2566    	31.00, -16.07, -6.80 	10.36, 10.50, -6.83 	9.64, 11.49 	13,23,43,666		1.80,6.77	1000,1 	0
2575    	31.04, -16.06, -6.82 	10.37, 10.54, -6.83 	9.64, 11.49 	13,23,43,676		4.44,4.85	1000,1 	0
2584    	31.07, -16.03, -6.83 	10.42, 10.60, -6.84 	9.64, 11.49 	13,23,43,686		4.79,7.93	1000,1 	0
2592    	31.03, -16.09, -6.84 	10.43, 10.66, -6.85 	9.64, 11.49 	13,23,43,695		9.33,8.34	1000,1 	0
2602    	31.04, -16.04, -6.85 	10.42, 10.67, -6.84 	9.64, 11.49 	13,23,43,706		5.41,1.45	1000,1 	0
2610    	31.03, -16.07, -6.85 	10.42, 10.69, -6.85 	9.64, 11.49 	13,23,43,715		4.17,2.67	1000,1 	0
2618    	31.02, -16.07, -6.87 	10.44, 10.72, -6.85 	9.64, 11.49 	13,23,43,724		1.20,4.64	1000,1 	0
2627    	31.03, -16.10, -6.86 	10.45, 10.71, -6.85 	9.64, 11.49 	13,23,43,734		3.71,1.61	1000,1 	0
2636    	31.03, -16.10, -6.82 	10.45, 10.70, -6.83 	9.64, 11.49 	13,23,43,744		0.00,1.19	1000,1 	0
2645    	31.01, -16.09, -6.82 	10.44, 10.72, -6.84 	9.64, 11.49 	13,23,43,754		2.45,2.62	1000,1 	0
2653    	31.05, -16.08, -6.84 	10.45, 10.72, -6.82 	9.64, 11.49 	13,23,43,763		5.00,1.20	1000,1 	0
2662    	30.99, -16.10, -6.84 	10.45, 10.74, -6.84 	9.64, 11.49 	13,23,43,773		6.85,1.19	1000,1 	0
2671    	31.00, -16.06, -6.83 	10.42, 10.76, -6.84 	9.64, 11.49 	13,23,43,783		4.86,4.02	1000,1 	0
2679    	31.06, -16.07, -6.82 	10.44, 10.78, -6.84 	9.64, 11.49 	13,23,43,792		7.35,3.57	1000,1 	0
2688    	31.04, -16.08, -6.82 	10.43, 10.79, -6.84 	9.64, 11.49 	13,23,43,802		2.45,1.61	1000,1 	0
2697    	31.04, -16.11, -6.81 	10.44, 10.79, -6.83 	9.64, 11.49 	13,23,43,812		3.55,1.07	1000,1 	0
2705    	31.03, -16.10, -6.82 	10.44, 10.78, -6.84 	9.64, 11.49 	13,23,43,821		1.79,1.34	1000,1 	0
2714    	31.06, -16.10, -6.86 	10.43, 10.79, -6.84 	9.64, 11.49 	13,23,43,831		3.21,1.61	1000,1 	0
2723    	31.04, -16.09, -6.87 	10.44, 10.80, -6.85 	9.64, 11.49 	13,23,43,841		2.45,1.59	1000,1 	0
2731    	31.05, -16.10, -6.88 	10.43, 10.79, -6.84 	9.64, 11.49 	13,23,43,850		1.80,1.78	1000,1 	0
2740    	31.02, -16.15, -6.87 	10.43, 10.80, -6.85 	9.64, 11.49 	13,23,43,860		5.72,1.19	1000,1 	0
2749    	31.00, -16.14, -6.85 	10.43, 10.79, -6.85 	9.64, 11.49 	13,23,43,870		2.45,1.19	1000,1 	0
2757    	30.95, -16.15, -6.86 	10.42, 10.80, -6.85 	9.64, 11.49 	13,23,43,879		7.35,1.81	1000,1 	0
2766    	30.95, -16.15, -6.86 	10.41, 10.80, -6.85 	9.64, 11.49 	13,23,43,889		0.00,1.07	1000,1 	0
2775    	30.96, -16.15, -6.86 	10.41, 10.80, -6.85 	9.64, 11.49 	13,23,43,899		1.07,0.00	1000,1 	0
2783    	31.02, -16.11, -6.86 	10.40, 10.81, -6.85 	9.64, 11.49 	13,23,43,908		9.33,1.81	1000,1 	0
2793    	31.01, -16.10, -6.87 	10.38, 10.81, -6.85 	9.64, 11.49 	13,23,43,919		1.44,1.92	1000,1 	0
2801    	31.00, -16.11, -6.87 	10.38, 10.81, -6.85 	9.64, 11.49 	13,23,43,928		1.80,0.00	1000,1 	0
2809    	31.05, -16.11, -6.85 	10.38, 10.82, -6.85 	9.64, 11.49 	13,23,43,937		6.02,1.34	1000,1 	0
2818    	31.09, -16.09, -6.83 	10.37, 10.81, -6.85 	9.64, 11.49 	13,23,43,947		4.89,2.43	1000,1 	0
2827    	31.09, -16.10, -6.84 	10.38, 10.82, -6.84 	9.64, 11.49 	13,23,43,957		1.18,1.59	1000,1 	0
2837    	31.10, -16.05, -6.84 	10.35, 10.81, -6.84 	9.64, 11.49 	13,23,43,967		5.41,3.06	1000,1 	0
2845    	31.09, -16.05, -6.84 	10.36, 10.80, -6.83 	9.64, 11.49 	13,23,43,976		1.20,1.81	1000,1 	0
2854    	31.09, -16.05, -6.86 	10.35, 10.84, -6.84 	9.64, 11.49 	13,23,43,986		0.00,4.89	1000,1 	0
2863    	31.14, -16.05, -6.86 	10.33, 10.83, -6.84 	9.64, 11.49 	13,23,43,996		5.35,2.43	1000,1 	0
2871    	31.09, -16.07, -6.85 	10.33, 10.85, -6.85 	9.64, 11.49 	13,23,44,5		6.59,2.67	1000,1 	0
2880    	31.11, -16.04, -6.84 	10.32, 10.85, -6.85 	9.64, 11.49 	13,23,44,15		4.15,1.07	1000,1 	0
2889    	31.17, -16.06, -6.85 	10.30, 10.86, -6.86 	9.64, 11.49 	13,23,44,25		6.84,2.46	1000,1 	0
2897    	31.18, -16.05, -6.85 	10.30, 10.86, -6.86 	9.64, 11.49 	13,23,44,34		1.80,0.00	1000,1 	0
2906    	31.17, -16.06, -6.85 	10.29, 10.87, -6.86 	9.64, 11.49 	13,23,44,44		1.60,1.07	1000,1 	0
2915    	31.18, -16.05, -6.85 	10.28, 10.87, -6.86 	9.64, 11.49 	13,23,44,54		1.60,1.07	1000,1 	0
2923    	31.18, -16.05, -6.80 	10.27, 10.87, -6.86 	9.64, 11.49 	13,23,44,63		0.00,1.20	1000,1 	0
2932    	31.17, -16.04, -6.82 	10.26, 10.88, -6.84 	9.64, 11.49 	13,23,44,73		1.60,1.61	1000,1 	0
2941    	31.13, -16.07, -6.82 	10.25, 10.87, -6.84 	9.64, 11.49 	13,23,44,83		5.56,1.59	1000,1 	0
2949    	31.11, -16.05, -6.83 	10.20, 10.88, -6.86 	9.64, 11.49 	13,23,44,92		3.59,6.18	1000,1 	0
2958    	31.11, -16.05, -6.83 	10.19, 10.88, -6.86 	9.64, 11.49 	13,23,44,102		0.00,1.07	1000,1 	0
2967    	31.09, -16.04, -6.84 	10.16, 10.89, -6.86 	9.64, 11.49 	13,23,44,112		2.45,3.44	1000,1 	0
2975    	31.09, -16.04, -6.84 	10.16, 10.90, -6.87 	9.64, 11.49 	13,23,44,121		0.00,1.34	1000,1 	0
2984    	31.09, -16.04, -6.83 	10.13, 10.90, -6.86 	9.64, 11.49 	13,23,44,131		0.00,3.21	1000,1 	0
2993    	31.05, -16.09, -6.85 	10.12, 10.91, -6.86 	9.64, 11.49 	13,23,44,141		7.31,1.61	1000,1 	0
3001    	31.08, -16.14, -6.82 	10.10, 10.90, -6.86 	9.64, 11.49 	13,23,44,150		6.43,3.83	1000,1 	0
3010    	31.09, -16.14, -6.82 	10.08, 10.89, -6.86 	9.64, 11.49 	13,23,44,160		1.07,2.43	1000,1 	0
3019    	31.07, -16.13, -6.82 	10.08, 10.90, -6.86 	9.64, 11.49 	13,23,44,170		2.45,1.19	1000,1 	0
3027    	31.08, -16.16, -6.81 	10.05, 10.91, -6.86 	0.00, -0.00 	13,23,44,189		3.71,3.44	1000,1 	0
3036    	31.06, -16.11, -6.83 	10.04, 10.91, -6.86 	0.00, -0.00 	13,23,44,199		23.38,4.81	1000,1 	0
3045    	31.05, -16.10, -6.83 	10.02, 10.91, -6.86 	0.00, -0.00 	13,23,44,209		7.18,9.62	1000,1 	0
3053    	31.12, -16.15, -6.82 	10.03, 10.91, -6.86 	0.00, -0.00 	13,23,44,218		79.75,9.62	1000,1 	0
3062    	31.12, -16.13, -6.84 	10.03, 10.92, -6.85 	0.00, -0.00 	13,23,44,228		10.65,5.35	1000,1 	0
3071    	31.08, -16.16, -6.85 	10.03, 10.92, -6.85 	0.00, -0.00 	13,23,44,238		25.04,0.00	1000,1 	0
3079    	31.16, -16.14, -6.82 	10.03, 10.93, -6.87 	0.00, -0.00 	13,23,44,247		79.97,10.69	1000,1 	0
3088    	31.17, -16.15, -6.82 	10.02, 10.93, -6.86 	0.00, -0.00 	13,23,44,257		14.36,9.62	1000,1 	0
3097    	31.16, -16.13, -6.81 	10.03, 10.92, -6.86 	0.00, -0.00 	13,23,44,267		inf,inf	1000,1 	0
3105    	31.14, -16.10, -6.82 	10.03, 10.93, -6.86 	0.00, -0.00 	13,23,44,276		0.00,0.00	1000,1 	0
3114    	31.13, -16.08, -6.83 	10.02, 10.92, -6.86 	0.00, -0.00 	13,23,44,286		23.38,14.28	1000,1 	0
3123    	31.10, -16.14, -6.84 	10.02, 10.93, -6.86 	0.00, -0.00 	13,23,44,296		inf,inf	1000,1 	0
3131    	31.13, -16.10, -6.85 	10.02, 10.92, -6.86 	0.00, -0.00 	13,23,44,305		inf,inf	1000,1 	0
3140    	31.14, -16.04, -6.85 	10.02, 10.93, -6.86 	0.00, -0.00 	13,23,44,315		64.66,10.69	1000,1 	0
3149    	31.14, -16.04, -6.85 	10.02, 10.94, -6.86 	0.00, -0.00 	13,23,44,325		nan,inf	1000,1 	0
3157    	31.12, -16.09, -6.83 	10.01, 10.93, -6.86 	0.00, -0.00 	13,23,44,334		inf,inf	1000,1 	0
3166    	31.13, -16.14, -6.82 	10.01, 10.93, -6.86 	0.00, -0.00 	13,23,44,344		43.69,0.00	1000,1 	0
3175    	31.09, -16.15, -6.83 	10.02, 10.94, -6.86 	0.00, -0.00 	13,23,44,354		inf,inf	1000,1 	0
3183    	31.11, -16.19, -6.82 	10.01, 10.93, -6.86 	0.00, -0.00 	13,23,44,363		inf,inf	1000,1 	0
3192    	31.09, -16.17, -6.80 	10.02, 10.94, -6.86 	0.00, -0.00 	13,23,44,373		28.72,14.28	1000,1 	0
3201    	31.09, -16.15, -6.83 	10.01, 10.93, -6.86 	0.00, -0.00 	13,23,44,383		inf,inf	1000,1 	0
3210    	31.09, -16.15, -6.83 	10.02, 10.93, -6.86 	0.00, -0.00 	13,23,44,393		nan,inf	1000,1 	0
3218    	31.09, -16.15, -6.85 	10.01, 10.93, -6.86 	0.00, -0.00 	13,23,44,402		nan,inf	1000,1 	0
3227    	31.09, -16.15, -6.85 	10.01, 10.93, -6.85 	0.00, -0.00 	13,23,44,412		0.00,0.00	1000,1 	0
3236    	31.09, -16.15, -6.85 	10.01, 10.93, -6.85 	0.00, -0.00 	13,23,44,422		nan,nan	1000,1 	0
3244    	31.09, -16.15, -6.85 	10.01, 10.92, -6.85 	0.00, -0.00 	13,23,44,431		nan,inf	1000,1 	0
3253    	31.15, -16.10, -6.86 	10.02, 10.93, -6.86 	0.00, -0.00 	13,23,44,441		71.84,14.28	1000,1 	0
3262    	31.15, -16.09, -6.86 	10.01, 10.93, -6.86 	0.00, -0.00 	13,23,44,451		inf,inf	1000,1 	0
3270    	31.14, -16.09, -6.84 	10.02, 10.93, -6.86 	0.00, -0.00 	13,23,44,460		0.00,0.00	1000,1 	0
3279    	31.13, -16.16, -6.84 	10.01, 10.93, -6.86 	0.00, -0.00 	13,23,44,470		64.65,9.62	1000,1 	0
3288    	31.16, -16.14, -6.84 	10.01, 10.92, -6.86 	0.00, -0.00 	13,23,44,480		inf,inf	1000,1 	0
3296    	31.14, -16.09, -6.86 	10.01, 10.92, -6.86 	0.00, -0.00 	13,23,44,489		0.00,0.00	1000,1 	0
3305    	31.14, -16.09, -6.86 	10.01, 10.92, -6.85 	0.00, -0.00 	13,23,44,499		0.00,0.00	1000,1 	0
3314    	31.14, -16.10, -6.86 	9.99, 10.92, -6.86 	0.00, -0.00 	13,23,44,509		inf,inf	1000,1 	0
3322    	31.15, -16.11, -6.87 	9.98, 10.92, -6.85 	0.00, -0.00 	13,23,44,518		inf,inf	1000,1 	0
3331    	31.15, -16.11, -6.87 	9.98, 10.93, -6.86 	0.00, -0.00 	13,23,44,528		0.00,10.69	1000,1 	0
3340    	31.16, -16.14, -6.83 	9.98, 10.92, -6.85 	0.00, -0.00 	13,23,44,538		inf,inf	1000,1 	0
3348    	31.16, -16.14, -6.84 	9.98, 10.93, -6.86 	0.00, -0.00 	13,23,44,547		nan,inf	1000,1 	0
3358    	31.16, -16.14, -6.84 	9.98, 10.93, -6.86 	0.00, -0.00 	13,23,44,558		0.00,0.00	1000,1 	0
3366    	31.12, -16.17, -6.84 	9.98, 10.93, -6.85 	0.00, -0.00 	13,23,44,567		0.00,0.00	1000,1 	0
3375    	31.07, -16.18, -6.85 	9.96, 10.93, -6.86 	0.00, -0.00 	13,23,44,577		inf,inf	1000,1 	0
3383    	31.08, -16.19, -6.82 	9.96, 10.92, -6.85 	0.00, -0.00 	13,23,44,586		inf,inf	1000,1 	0
3392    	31.09, -16.19, -6.82 	9.95, 10.92, -6.85 	0.00, -0.00 	13,23,44,596		inf,inf	1000,1 	0
3401    	31.09, -16.19, -6.82 	9.96, 10.93, -6.85 	0.00, -0.00 	13,23,44,606		nan,inf	1000,1 	0
3409    	31.09, -16.20, -6.82 	9.95, 10.94, -6.86 	0.00, -0.00 	13,23,44,615		inf,inf	1000,1 	0
3418    	31.12, -16.16, -6.82 	9.93, 10.94, -6.86 	0.00, -0.00 	13,23,44,625		51.51,19.25	1000,1 	0
3427    	31.09, -16.21, -6.84 	9.94, 10.93, -6.86 	0.00, -0.00 	13,23,44,635		inf,inf	1000,1 	0
3435    	31.07, -16.19, -6.85 	9.94, 10.94, -6.86 	0.00, -0.00 	13,23,44,644		inf,inf	1000,1 	0
3444    	31.08, -16.18, -6.85 	9.92, 10.95, -6.86 	0.00, -0.00 	13,23,44,654		14.37,22.16	1000,1 	0
3453    	31.08, -16.18, -6.85 	9.91, 10.96, -6.86 	0.00, -0.00 	13,23,44,664		nan,inf	1000,1 	0
3461    	31.10, -16.23, -6.81 	9.88, 10.94, -6.85 	0.00, -0.00 	13,23,44,673		0.00,0.00	1000,1 	0
3470    	31.09, -16.21, -6.79 	9.85, 10.93, -6.86 	0.00, -0.00 	13,23,44,683		23.38,39.80	1000,1 	0
3479    	31.10, -16.23, -6.80 	9.81, 10.93, -6.86 	0.00, -0.00 	13,23,44,693		inf,inf	1000,1 	0
3487    	31.13, -16.19, -6.80 	9.81, 10.92, -6.86 	0.00, -0.00 	13,23,44,702		0.00,0.00	1000,1 	0
3496    	31.12, -16.20, -6.80 	9.79, 10.94, -6.85 	0.00, -0.00 	13,23,44,712		14.37,28.99	1000,1 	0
3505    	31.14, -16.14, -6.82 	9.81, 10.91, -6.86 	0.00, -0.00 	13,23,44,722		inf,inf	1000,1 	0
3513    	31.14, -16.15, -6.82 	9.79, 10.94, -6.86 	0.00, -0.00 	13,23,44,731		inf,inf	1000,1 	0
3522    	31.14, -16.14, -6.82 	9.78, 10.95, -6.86 	0.00, -0.00 	13,23,44,741		10.66,14.49	1000,1 	0
3531    	31.13, -16.13, -6.81 	9.76, 10.95, -6.86 	0.00, -0.00 	13,23,44,751		inf,inf	1000,1 	0
3539    	31.14, -16.08, -6.82 	9.78, 10.95, -6.85 	0.00, -0.00 	13,23,44,760		inf,inf	1000,1 	0
3548    	31.15, -16.08, -6.82 	9.78, 10.97, -6.85 	0.00, -0.00 	13,23,44,770		9.63,10.69	1000,1 	0
3557    	31.16, -16.09, -6.83 	9.79, 10.97, -6.86 	0.00, -0.00 	13,23,44,780		3.59,2.41	1000,1 	0
3566    	31.14, -16.07, -6.85 	9.79, 10.97, -6.85 	0.00, -0.00 	13,23,44,790		28.72,0.00	1000,1 	0
3574    	31.14, -16.06, -6.85 	9.78, 10.98, -6.86 	0.00, -0.00 	13,23,44,799		10.65,14.49	1000,1 	0
3583    	31.14, -16.06, -6.85 	9.78, 10.97, -6.85 	0.00, -0.00 	13,23,44,809		0.00,10.69	1000,1 	0
3592    	31.17, -16.03, -6.85 	9.77, 10.97, -6.85 	0.00, -0.00 	13,23,44,819		43.11,9.62	1000,1 	0
3600    	31.14, -16.06, -6.84 	9.78, 10.97, -6.85 	0.00, -0.00 	13,23,44,828		43.11,9.62	1000,1 	0
3609    	31.13, -16.06, -6.84 	9.77, 10.97, -6.85 	0.00, -0.00 	13,23,44,838		4.82,4.81	1000,1 	0
3618    	31.13, -16.06, -6.82 	9.78, 10.97, -6.85 	0.00, -0.00 	13,23,44,848		0.00,9.62	1000,1 	0
3626    	31.13, -16.06, -6.82 	9.76, 10.95, -6.86 	0.00, -0.00 	13,23,44,857		0.00,21.88	1000,1 	0
3635    	31.15, -16.07, -6.81 	9.76, 10.97, -6.85 	0.00, -0.00 	13,23,44,867		11.01,5.35	1000,1 	0
3644    	31.10, -16.09, -6.83 	9.77, 10.97, -6.85 	0.00, -0.00 	13,23,44,877		52.68,9.62	1000,1 	0
3652    	31.10, -16.10, -6.83 	9.76, 10.97, -6.85 	0.00, -0.00 	13,23,44,886		inf,inf	1000,1 	0
3661    	31.13, -16.06, -6.82 	9.75, 10.97, -6.86 	0.00, -0.00 	13,23,44,896		25.75,4.81	1000,1 	0
3670    	31.14, -16.06, -6.83 	9.76, 10.97, -6.86 	0.00, -0.00 	13,23,44,906		9.63,9.62	1000,1 	0
3678    	31.10, -16.09, -6.83 	9.76, 10.98, -6.86 	0.00, -0.00 	13,23,44,915		inf,inf	1000,1 	0
3687    	31.10, -16.09, -6.83 	9.75, 10.98, -6.85 	0.00, -0.00 	13,23,44,925		0.00,4.81	1000,1 	0
3696    	31.14, -16.07, -6.84 	9.76, 10.97, -6.85 	0.00, -0.00 	13,23,44,935		44.05,14.49	1000,1 	0
3704    	31.14, -16.06, -6.82 	9.76, 10.99, -6.86 	0.00, -0.00 	13,23,44,944		10.65,21.38	1000,1 	0
3713    	31.16, -16.03, -6.83 	9.72, 10.98, -6.86 	0.00, -0.00 	13,23,44,954		18.67,19.90	1000,1 	0
3722    	31.16, -16.04, -6.83 	9.75, 10.97, -6.85 	0.00, -0.00 	13,23,44,964		10.66,30.94	1000,1 	0
3731    	31.16, -16.03, -6.82 	9.75, 10.97, -6.86 	0.00, -0.00 	13,23,44,974		10.66,0.00	1000,1 	0
3740    	31.14, -16.08, -6.81 	9.74, 10.98, -6.85 	0.00, -0.00 	13,23,44,984		56.66,14.49	1000,1 	0
3748    	31.14, -16.08, -6.81 	9.73, 10.98, -6.85 	0.00, -0.00 	13,23,44,993		nan,inf	1000,1 	0
3757    	31.14, -16.07, -6.81 	9.73, 11.00, -6.86 	0.00, -0.00 	13,23,45,3		10.66,21.38	1000,1 	0
3765    	31.18, -16.04, -6.80 	9.74, 11.00, -6.85 	0.00, -0.00 	13,23,45,12		50.08,9.62	1000,1 	0
3774    	31.17, -16.03, -6.80 	9.74, 11.00, -6.85 	0.00, -0.00 	13,23,45,22		14.36,0.00	1000,1 	0
3783    	31.18, -16.04, -6.80 	9.73, 10.99, -6.85 	0.00, -0.00 	13,23,45,32		14.36,14.28	1000,1 	0
3791    	31.18, -16.04, -6.80 	9.73, 10.99, -6.85 	0.00, -0.00 	13,23,45,41		0.00,0.00	1000,1 	0
3800    	31.17, -16.03, -6.80 	9.74, 10.99, -6.85 	0.00, -0.00 	13,23,45,51		7.18,4.81	1000,1 	0
3809    	31.18, -16.04, -6.80 	9.72, 10.99, -6.85 	0.00, -0.00 	13,23,45,61		14.36,19.25	1000,1 	0
3817    	31.14, -16.08, -6.81 	9.72, 10.99, -6.85 	0.00, -0.00 	13,23,45,70		57.48,0.00	1000,1 	0
3826    	31.14, -16.07, -6.81 	9.73, 10.99, -6.85 	0.00, -0.00 	13,23,45,80		5.33,4.81	1000,1 	0
3835    	31.14, -16.08, -6.81 	9.72, 10.98, -6.85 	0.00, -0.00 	13,23,45,90		10.66,14.28	1000,1 	0
3843    	31.16, -16.01, -6.82 	9.72, 10.98, -6.85 	0.00, -0.00 	13,23,45,99		inf,nan	1000,1 	0
3852    	31.19, -15.98, -6.82 	9.72, 10.98, -6.85 	0.00, -0.00 	13,23,45,109		21.55,0.00	1000,1 	0
3861    	31.14, -15.98, -6.82 	9.72, 10.98, -6.85 	0.00, -0.00 	13,23,45,119		48.17,0.00	1000,1 	0
3869    	31.19, -15.99, -6.82 	9.71, 10.99, -6.85 	0.00, -0.00 	13,23,45,128		49.33,14.49	1000,1 	0
3878    	31.19, -16.01, -6.83 	9.71, 10.98, -6.85 	0.00, -0.00 	13,23,45,138		10.65,5.35	1000,1 	0
3887    	31.12, -16.07, -6.84 	9.70, 10.98, -6.85 	0.00, -0.00 	13,23,45,148		92.95,9.62	1000,1 	0
3895    	31.14, -16.09, -6.83 	9.70, 10.98, -6.85 	0.00, -0.00 	13,23,45,157		28.72,0.00	1000,1 	0
3904    	31.09, -16.07, -6.82 	9.70, 10.99, -6.85 	0.00, -0.00 	13,23,45,167		26.33,5.35	1000,1 	0
3913    	31.10, -16.10, -6.82 	9.70, 10.98, -6.85 	0.00, -0.00 	13,23,45,177		33.37,10.69	1000,1 	0
3922    	31.10, -16.10, -6.82 	9.70, 10.99, -6.85 	0.00, -0.00 	13,23,45,187		0.00,10.69	1000,1 	0
3930    	31.11, -16.11, -6.80 	9.69, 10.99, -6.85 	0.00, -0.00 	13,23,45,196		14.36,9.62	1000,1 	0
3939    	31.08, -16.15, -6.79 	9.64, 10.99, -6.86 	0.00, -0.00 	13,23,45,206		43.11,48.12	1000,1 	0
3948    	31.06, -16.14, -6.79 	9.54, 10.96, -6.85 	0.00, -0.00 	13,23,45,216		22.01,110.15	1000,1 	0
3956    	31.07, -16.14, -6.80 	9.40, 10.90, -6.86 	0.00, -0.00 	13,23,45,225		9.63,144.20	0,0 	0
3965    	31.10, -16.10, -6.83 	9.15, 10.81, -6.85 	0.00, -0.00 	13,23,45,235		43.11,266.72	0,0 	0
3974    	31.09, -16.09, -6.82 	8.76, 10.62, -6.83 	0.00, -0.00 	13,23,45,245		14.36,436.39	0,0 	0
3982    	31.09, -16.09, -6.82 	8.42, 10.41, -6.81 	0.00, -0.00 	13,23,45,254		0.00,396.23	0,0 	0
3991    	31.10, -16.10, -6.83 	8.25, 10.24, -6.78 	0.00, -0.00 	13,23,45,264		7.18,120.80	0,0 	0
4000    	31.05, -16.10, -6.83 	8.07, 10.08, -6.73 	0.00, -0.00 	13,23,45,274		48.17,241.39	0,0 	0
4008    	31.05, -16.11, -6.81 	7.81, 9.82, -6.69 	0.00, -0.00 	13,23,45,283		10.65,369.95	0,0 	0
4017    	31.06, -16.10, -6.81 	7.50, 9.53, -6.65 	0.00, -0.00 	13,23,45,293		7.18,212.97	0,0 	0
4026    	31.09, -16.09, -6.81 	7.25, 9.24, -6.64 	0.00, -0.00 	13,23,45,303		30.81,379.15	0,0 	0
4034    	31.10, -16.10, -6.81 	7.02, 8.98, -6.63 	0.00, -0.00 	13,23,45,312		inf,inf	0,0 	0
4043    	31.13, -16.07, -6.82 	6.88, 8.69, -6.61 	0.00, -0.00 	13,23,45,322		21.55,160.40	0,0 	0
4052    	31.07, -16.04, -6.81 	6.66, 8.34, -6.61 	0.00, -0.00 	13,23,45,332		66.03,413.66	0,0 	0
4060    	31.09, -16.07, -6.81 	6.37, 7.95, -6.60 	0.00, -0.00 	13,23,45,341		inf,inf	0,0 	0
4069    	31.06, -16.04, -6.81 	6.12, 7.63, -6.63 	0.00, -0.00 	13,23,45,351		21.54,201.90	0,0 	0
4078    	30.99, -16.01, -6.84 	5.89, 7.28, -6.64 	0.00, -0.00 	13,23,45,361		74.61,424.03	0,0 	0
4087    	30.98, -15.98, -6.86 	5.61, 6.89, -6.65 	0.00, -0.00 	13,23,45,371		37.31,472.00	0,0 	0
4095    	31.05, -15.92, -6.84 	5.27, 6.50, -6.66 	0.00, -0.00 	13,23,45,380		93.72,521.89	0,0 	0
4104    	30.95, -15.95, -6.86 	4.90, 6.12, -6.67 	0.00, -0.00 	13,23,45,390		110.70,526.90	0,0 	0
4113    	30.87, -15.89, -6.91 	4.59, 5.79, -6.73 	0.00, -0.00 	13,23,45,400		100.10,455.55	0,0 	0
4121    	30.83, -15.91, -6.93 	4.30, 5.46, -6.78 	0.00, -0.00 	13,23,45,409		44.05,436.25	0,0 	0
4130    	30.67, -15.91, -6.96 	4.00, 5.10, -6.81 	0.00, -0.00 	13,23,45,419		163.77,472.86	0,0 	0
4139    	30.56, -15.82, -7.04 	3.78, 4.75, -6.83 	0.00, -0.00 	13,23,45,429		142.87,413.66	0,0 	0
4147    	30.49, -15.78, -7.07 	3.65, 4.45, -6.90 	0.00, -0.00 	13,23,45,438		74.61,322.70	0,0 	0
4156    	30.43, -15.62, -7.13 	3.57, 4.11, -6.96 	0.00, -0.00 	13,23,45,448		173.42,351.65	0,0 	0
4165    	30.25, -15.66, -7.15 	3.35, 3.73, -6.99 	0.00, -0.00 	13,23,45,458		176.35,441.09	0,0 	0
4173    	30.10, -15.70, -7.12 	3.04, 3.32, -7.01 	0.00, -0.00 	13,23,45,467		159.95,511.88	0,0 	0
4182    	30.01, -15.58, -7.11 	2.82, 3.07, -7.07 	0.00, -0.00 	13,23,45,477		72.87,168.17	0,0 	0
4191    	29.93, -15.57, -7.11 	2.64, 2.86, -7.19 	0.00, -0.00 	13,23,45,487		87.35,279.24	0,0 	0
4199    	29.73, -15.54, -7.16 	2.41, 2.68, -7.24 	0.00, -0.00 	13,23,45,496		195.29,291.74	0,0 	0
4208    	29.60, -15.38, -7.16 	2.08, 2.44, -7.26 	0.00, -0.00 	13,23,45,506		104.52,200.04	0,0 	0
4217    	29.55, -15.20, -7.27 	1.84, 2.25, -7.33 	0.00, -0.00 	13,23,45,516		187.39,305.81	0,0 	0
4225    	29.47, -15.10, -7.32 	1.75, 2.16, -7.40 	0.00, -0.00 	13,23,45,525		inf,inf	0,0 	0
4234    	29.49, -14.89, -7.36 	1.66, 2.08, -7.46 	0.00, -0.00 	13,23,45,535		106.99,56.80	0,0 	0
4243    	29.51, -14.75, -7.44 	1.57, 2.05, -7.49 	0.00, -0.00 	13,23,45,545		139.86,91.91	0,0 	0
4252    	29.47, -14.65, -7.46 	1.43, 2.02, -7.52 	0.00, -0.00 	13,23,45,555		103.32,147.41	0,0 	0
4260    	29.55, -14.59, -7.48 	1.28, 1.99, -7.53 	0.00, -0.00 	13,23,45,564		100.16,147.41	0,0 	0
4269    	29.56, -14.47, -7.52 	1.15, 1.95, -7.55 	0.00, -0.00 	13,23,45,574		117.60,140.74	0,0 	0
4278    	29.54, -14.36, -7.54 	0.97, 1.93, -7.56 	0.00, -0.00 	13,23,45,584		118.76,183.78	0,0 	0
4287    	29.47, -14.27, -7.58 	0.80, 1.94, -7.58 	0.00, -0.00 	13,23,45,594		114.87,164.12	0,0 	0
4295    	29.41, -14.25, -7.59 	0.67, 1.93, -7.58 	0.00, -0.00 	13,23,45,603		inf,inf	0,0 	0
4304    	29.33, -14.23, -7.61 	0.58, 1.90, -7.58 	0.00, -0.00 	13,23,45,613		79.95,91.91	0,0 	0
4312    	29.33, -14.10, -7.61 	0.41, 1.88, -7.55 	0.00, -0.00 	13,23,45,622		127.85,174.23	0,0 	0
4321    	29.22, -14.06, -7.66 	0.33, 1.86, -7.53 	0.00, -0.00 	13,23,45,632		114.19,79.59	0,0 	0
4330    	29.17, -13.97, -7.67 	0.25, 1.82, -7.51 	0.00, -0.00 	13,23,45,642		102.95,96.02	0,0 	0
4338    	29.17, -13.91, -7.69 	0.21, 1.81, -7.51 	0.00, -0.00 	13,23,45,651		63.93,39.80	0,0 	0
4347    	29.15, -13.87, -7.72 	0.22, 1.76, -7.47 	0.00, -0.00 	13,23,45,661		46.76,43.98	0,0 	0
4356    	29.10, -13.91, -7.69 	0.15, 1.74, -7.44 	0.00, -0.00 	13,23,45,671		64.34,70.37	0,0 	0
4364    	29.07, -13.88, -7.70 	0.10, 1.75, -7.44 	0.00, -0.00 	13,23,45,680		43.08,49.45	0,0 	0
4373    	29.08, -13.89, -7.70 	0.15, 1.72, -7.42 	0.00, -0.00 	13,23,45,690		7.18,29.12	0,0 	0
4384    	29.02, -13.90, -7.70 	0.08, 1.71, -7.40 	0.00, -0.00 	13,23,45,702		58.79,68.05	0,0 	0
4391    	28.97, -13.90, -7.69 	0.08, 1.69, -7.37 	0.00, -0.00 	13,23,45,709		0.00,0.00	0,0 	0
4400    	28.95, -13.83, -7.74 	0.07, 1.63, -7.35 	0.00, -0.00 	13,23,45,719		70.14,66.70	0,0 	0
4409    	28.91, -13.82, -7.73 	0.06, 1.62, -7.32 	0.00, -0.00 	13,23,45,729		inf,inf	0,0 	0
4417    	28.94, -13.80, -7.75 	0.08, 1.57, -7.29 	0.00, -0.00 	13,23,45,738		0.00,0.00	0,0 	0
4426    	28.93, -13.77, -7.76 	0.14, 1.52, -7.26 	0.00, -0.00 	13,23,45,748		33.38,86.63	0,0 	0
4435    	28.98, -13.78, -7.76 	0.11, 1.42, -7.21 	0.00, -0.00 	13,23,45,758		inf,inf	0,0 	0
