#Time 	Sensor1         Sensor2         Target          Time            Vel             
#================================================================

17      	29.92, -16.09, -7.11 	-0.50, 1.20, -6.70 	0.00, 25.00 	13,22,32,777		0.00,0.00	0,0 	0
25      	29.93, -16.09, -7.13 	-0.49, 1.21, -6.71 	0.00, 25.00 	13,22,32,787		1.20,1.78	0,0 	0
33      	29.93, -16.09, -7.13 	-0.47, 1.22, -6.71 	0.00, 25.00 	13,22,32,796		0.00,2.73	0,0 	0
42      	29.93, -16.09, -7.13 	-0.50, 1.21, -6.71 	0.00, 25.00 	13,22,32,806		0.00,3.40	0,0 	0
51      	29.94, -16.14, -7.08 	-0.51, 1.24, -6.70 	0.00, 25.00 	13,22,32,816		5.20,2.62	0,0 	0
59      	29.94, -16.14, -7.08 	-0.53, 1.21, -6.69 	0.00, 25.00 	13,22,32,825		0.00,3.57	0,0 	0
68      	29.93, -16.09, -7.11 	-0.54, 1.23, -6.69 	0.00, 25.00 	13,22,32,835		5.20,1.61	0,0 	0
77      	29.94, -16.14, -7.09 	-0.52, 1.20, -6.68 	0.00, 25.00 	13,22,32,845		5.20,3.22	0,0 	0
85      	29.94, -16.14, -7.08 	-0.53, 1.20, -6.68 	0.00, 25.00 	13,22,32,854		0.00,1.20	0,0 	0
94      	29.94, -16.14, -7.08 	-0.52, 1.21, -6.69 	0.00, 25.00 	13,22,32,864		0.00,1.59	0,0 	0
103     	29.98, -16.09, -7.09 	-0.52, 1.21, -6.69 	0.00, 25.00 	13,22,32,874		6.39,0.00	0,0 	0
112     	29.98, -16.09, -7.09 	-0.52, 1.24, -6.70 	0.00, 25.00 	13,22,32,884		0.00,2.38	0,0 	0
120     	29.94, -16.14, -7.10 	-0.51, 1.24, -6.70 	0.00, 25.00 	13,22,32,893		7.18,1.20	0,0 	0
129     	29.94, -16.14, -7.10 	-0.51, 1.26, -6.70 	0.00, 25.00 	13,22,32,903		0.00,2.38	0,0 	0
138     	29.94, -16.14, -7.10 	-0.54, 1.24, -6.71 	0.00, 25.00 	13,22,32,913		0.00,3.96	0,0 	0
147     	29.94, -16.14, -7.10 	-0.54, 1.25, -6.71 	0.00, 25.00 	13,22,32,923		0.00,1.19	0,0 	0
155     	29.94, -16.14, -7.10 	-0.59, 1.25, -6.70 	0.00, 25.00 	13,22,32,932		0.00,6.02	0,0 	0
164     	29.95, -16.17, -7.07 	-0.58, 1.25, -6.70 	0.00, 25.00 	13,22,32,942		3.71,1.07	0,0 	0
172     	29.94, -16.14, -7.09 	-0.56, 1.24, -6.71 	0.00, 25.00 	13,22,32,951		4.66,2.77	0,0 	0
181     	29.97, -16.10, -7.09 	-0.56, 1.24, -6.69 	0.00, 25.00 	13,22,32,961		5.56,0.00	0,0 	0
190     	29.96, -16.08, -7.11 	-0.57, 1.26, -6.69 	0.00, 25.00 	13,22,32,971		2.60,2.62	0,0 	0
198     	29.96, -16.09, -7.11 	-0.59, 1.26, -6.70 	0.00, 25.00 	13,22,32,980		1.33,2.41	0,0 	0
207     	29.93, -16.14, -7.11 	-0.56, 1.26, -6.70 	0.00, 25.00 	13,22,32,990		6.39,3.21	0,0 	0
216     	29.96, -16.09, -7.11 	-0.56, 1.23, -6.69 	0.00, 25.00 	13,22,33,0		6.39,3.56	0,0 	0
224     	29.96, -16.08, -7.11 	-0.55, 1.25, -6.70 	0.00, 25.00 	13,22,33,9		1.33,2.91	0,0 	0
233     	29.96, -16.10, -7.12 	-0.56, 1.24, -6.70 	0.00, 25.00 	13,22,33,19		2.37,1.59	0,0 	0
242     	29.96, -16.10, -7.11 	-0.55, 1.24, -6.68 	0.00, 25.00 	13,22,33,29		0.00,1.07	0,0 	0
250     	29.95, -16.09, -7.10 	-0.59, 1.24, -6.66 	0.00, 25.00 	13,22,33,38		1.80,4.81	0,0 	0
259     	29.95, -16.09, -7.10 	-0.61, 1.26, -6.69 	0.00, 25.00 	13,22,33,48		0.00,3.22	0,0 	0
268     	29.95, -16.09, -7.10 	-0.60, 1.27, -6.69 	0.00, 25.00 	13,22,33,58		0.00,1.59	0,0 	0
277     	29.94, -16.08, -7.08 	-0.59, 1.24, -6.68 	0.00, 25.00 	13,22,33,68		1.60,3.74	0,0 	0
285     	29.94, -16.06, -7.08 	-0.60, 1.25, -6.68 	0.00, 25.00 	13,22,33,77		2.92,1.81	0,0 	0
294     	29.98, -16.04, -7.08 	-0.59, 1.26, -6.69 	0.00, 25.00 	13,22,33,87		5.85,1.59	0,0 	0
303     	29.98, -16.04, -7.08 	-0.59, 1.27, -6.68 	0.00, 25.00 	13,22,33,97		0.00,1.19	0,0 	0
311     	29.99, -16.04, -7.05 	-0.59, 1.27, -6.68 	0.00, 25.00 	13,22,33,106		1.20,0.00	0,0 	0
320     	29.99, -16.04, -7.05 	-0.58, 1.27, -6.67 	0.00, 25.00 	13,22,33,116		0.00,1.07	0,0 	0
329     	29.94, -16.07, -7.06 	-0.57, 1.25, -6.68 	0.00, 25.00 	13,22,33,126		6.43,2.62	0,0 	0
338     	29.99, -16.04, -7.05 	-0.61, 1.26, -6.68 	0.00, 25.00 	13,22,33,136		6.43,4.46	0,0 	0
346     	29.99, -16.04, -7.05 	-0.63, 1.26, -6.68 	0.00, 25.00 	13,22,33,145		0.00,2.41	0,0 	0
355     	29.97, -16.03, -7.08 	-0.66, 1.26, -6.66 	0.00, 25.00 	13,22,33,155		2.45,4.28	0,0 	0
364     	29.97, -16.03, -7.08 	-0.64, 1.27, -6.67 	0.00, 25.00 	13,22,33,165		0.00,2.43	0,0 	0
372     	29.94, -16.07, -7.08 	-0.62, 1.26, -6.66 	0.00, 25.00 	13,22,33,174		6.44,3.87	0,0 	0
381     	29.94, -16.08, -7.08 	-0.62, 1.26, -6.65 	0.00, 25.00 	13,22,33,184		1.18,0.00	0,0 	0
389     	29.93, -16.06, -7.07 	-0.62, 1.26, -6.65 	0.00, 25.00 	13,22,33,193		3.59,0.00	0,0 	0
398     	29.93, -16.07, -7.07 	-0.61, 1.24, -6.66 	0.00, 25.00 	13,22,33,203		1.18,2.62	0,0 	0
407     	29.94, -16.06, -7.07 	-0.61, 1.24, -6.65 	0.00, 25.00 	13,22,33,213		1.60,0.00	0,0 	0
415     	29.94, -16.06, -7.06 	-0.59, 1.25, -6.64 	0.00, 25.00 	13,22,33,222		0.00,2.73	0,0 	0
424     	29.94, -16.08, -7.08 	-0.59, 1.24, -6.66 	0.00, 25.00 	13,22,33,232		2.37,1.19	0,0 	0
433     	29.93, -16.08, -7.08 	-0.61, 1.24, -6.66 	0.00, 25.00 	13,22,33,242		1.07,2.14	0,0 	0
441     	29.94, -16.08, -7.08 	-0.59, 1.25, -6.67 	0.00, 25.00 	13,22,33,251		1.20,2.73	0,0 	0
450     	29.93, -16.08, -7.08 	-0.61, 1.25, -6.68 	0.00, 25.00 	13,22,33,261		1.07,2.14	0,0 	0
459     	29.94, -16.09, -7.08 	-0.58, 1.27, -6.68 	0.00, 25.00 	13,22,33,271		1.60,3.96	0,0 	0
468     	29.94, -16.10, -7.08 	-0.60, 1.27, -6.68 	0.00, 25.00 	13,22,33,281		1.18,2.14	0,0 	0
476     	29.94, -16.10, -7.08 	-0.60, 1.28, -6.68 	0.00, 25.00 	13,22,33,290		0.00,1.34	0,0 	0
485     	29.94, -16.11, -7.08 	-0.60, 1.26, -6.67 	0.00, 25.00 	13,22,33,300		1.18,2.38	0,0 	0
494     	29.94, -16.12, -7.06 	-0.61, 1.28, -6.68 	0.00, 25.00 	13,22,33,310		1.60,2.62	0,0 	0
502     	29.94, -16.09, -7.08 	-0.61, 1.28, -6.67 	0.00, 25.00 	13,22,33,319		4.17,0.00	0,0 	0
511     	29.94, -16.10, -7.09 	-0.60, 1.29, -6.66 	0.00, 25.00 	13,22,33,329		1.18,1.59	0,0 	0
520     	29.89, -16.10, -7.09 	-0.60, 1.28, -6.66 	0.00, 25.00 	13,22,33,339		5.35,1.19	0,0 	0
529     	29.90, -16.11, -7.08 	-0.60, 1.27, -6.65 	0.00, 25.00 	13,22,33,349		1.60,1.19	0,0 	0
537     	29.90, -16.12, -7.08 	-0.61, 1.27, -6.66 	0.00, 25.00 	13,22,33,358		1.33,1.20	0,0 	0
546     	29.89, -16.10, -7.09 	-0.61, 1.27, -6.66 	0.00, 25.00 	13,22,33,368		2.60,0.00	0,0 	0
554     	29.88, -16.09, -7.09 	-0.60, 1.28, -6.67 	0.00, 25.00 	13,22,33,377		1.79,1.78	0,0 	0
563     	29.89, -16.10, -7.09 	-0.60, 1.28, -6.68 	0.00, 25.00 	13,22,33,387		1.60,0.00	0,0 	0
572     	29.88, -16.09, -7.07 	-0.60, 1.28, -6.68 	0.00, 25.00 	13,22,33,397		1.60,0.00	0,0 	0
580     	29.88, -16.09, -7.07 	-0.60, 1.29, -6.68 	0.00, 25.00 	13,22,33,406		0.00,1.34	0,0 	0
589     	29.88, -16.09, -7.07 	-0.60, 1.28, -6.67 	0.00, 25.00 	13,22,33,416		0.00,1.19	0,0 	0
598     	29.89, -16.12, -7.05 	-0.61, 1.31, -6.69 	0.00, 25.00 	13,22,33,426		3.71,3.74	0,0 	0
606     	29.90, -16.14, -7.04 	-0.61, 1.30, -6.68 	0.00, 25.00 	13,22,33,435		1.79,1.34	0,0 	0
615     	29.90, -16.14, -7.04 	-0.64, 1.31, -6.68 	0.00, 25.00 	13,22,33,445		0.00,4.46	0,0 	0
624     	29.90, -16.14, -7.04 	-0.64, 1.32, -6.68 	0.00, 25.00 	13,22,33,455		0.00,1.19	0,0 	0
632     	29.91, -16.16, -7.05 	-0.64, 1.32, -6.68 	0.00, 25.00 	13,22,33,464		2.92,0.00	0,0 	0
641     	29.90, -16.16, -7.05 	-0.64, 1.29, -6.66 	0.00, 25.00 	13,22,33,474		1.07,3.56	0,0 	0
650     	29.91, -16.16, -7.05 	-0.64, 1.30, -6.67 	0.00, 25.00 	13,22,33,484		1.07,1.19	0,0 	0
658     	29.94, -16.09, -7.04 	-0.63, 1.29, -6.66 	0.00, 25.00 	13,22,33,493		8.77,1.81	0,0 	0
667     	29.94, -16.09, -7.04 	-0.63, 1.30, -6.65 	0.00, 25.00 	13,22,33,503		0.00,1.59	0,0 	0
676     	29.94, -16.09, -7.04 	-0.63, 1.30, -6.65 	0.00, 25.00 	13,22,33,513		0.00,0.00	0,0 	0
685     	29.94, -16.12, -7.05 	-0.63, 1.29, -6.65 	0.00, 25.00 	13,22,33,523		3.55,1.59	0,0 	0
693     	29.94, -16.10, -7.01 	-0.67, 1.29, -6.65 	0.00, 25.00 	13,22,33,532		2.66,4.81	0,0 	0
702     	29.90, -16.10, -7.01 	-0.66, 1.29, -6.64 	0.00, 25.00 	13,22,33,542		4.28,1.07	0,0 	0
711     	29.90, -16.10, -7.01 	-0.67, 1.29, -6.64 	0.00, 25.00 	13,22,33,552		0.00,1.07	0,0 	0
720     	29.90, -16.11, -7.02 	-0.67, 1.29, -6.65 	0.00, 25.00 	13,22,33,562		1.18,0.00	0,0 	0
728     	29.89, -16.12, -7.02 	-0.66, 1.30, -6.65 	0.00, 25.00 	13,22,33,571		1.80,1.78	0,0 	0
737     	29.94, -16.10, -7.03 	-0.66, 1.30, -6.64 	0.00, 25.00 	13,22,33,581		5.85,0.00	0,0 	0
745     	29.97, -16.10, -7.04 	-0.66, 1.30, -6.64 	0.00, 25.00 	13,22,33,590		4.82,0.00	0,0 	0
754     	29.96, -16.10, -7.04 	-0.66, 1.29, -6.65 	0.00, 25.00 	13,22,33,600		1.07,1.19	0,0 	0
763     	29.96, -16.10, -7.04 	-0.66, 1.29, -6.64 	0.00, 25.00 	13,22,33,610		0.00,0.00	0,0 	0
771     	29.96, -16.10, -7.04 	-0.66, 1.29, -6.65 	0.00, 25.00 	13,22,33,619		0.00,0.00	0,0 	0
780     	29.96, -16.10, -7.04 	-0.66, 1.29, -6.65 	0.00, 25.00 	13,22,33,629		0.00,0.00	0,0 	0
789     	29.96, -16.11, -7.05 	-0.65, 1.30, -6.65 	0.00, 25.00 	13,22,33,639		1.18,1.59	0,0 	0
797     	29.96, -16.11, -7.05 	-0.64, 1.28, -6.64 	0.00, 25.00 	13,22,33,648		0.00,2.95	0,0 	0
806     	29.96, -16.11, -7.05 	-0.64, 1.28, -6.64 	0.00, 25.00 	13,22,33,658		0.00,0.00	0,0 	0
815     	29.96, -16.11, -7.05 	-0.64, 1.29, -6.64 	0.00, 25.00 	13,22,33,668		0.00,1.19	0,0 	0
824     	29.95, -16.09, -7.06 	-0.65, 1.30, -6.65 	0.00, 25.00 	13,22,33,678		2.60,1.61	0,0 	0
832     	29.95, -16.10, -7.06 	-0.65, 1.30, -6.65 	0.00, 25.00 	13,22,33,687		1.33,0.00	0,0 	0
841     	29.95, -16.09, -7.06 	-0.65, 1.30, -6.65 	0.00, 25.00 	13,22,33,697		1.18,0.00	0,0 	0
850     	29.94, -16.08, -7.05 	-0.65, 1.30, -6.65 	0.00, 25.00 	13,22,33,707		2.45,0.00	0,0 	0
858     	29.95, -16.11, -7.03 	-0.65, 1.30, -6.65 	0.00, 25.00 	13,22,33,716		4.66,0.00	0,0 	0
867     	29.95, -16.11, -7.03 	-0.64, 1.29, -6.65 	0.00, 25.00 	13,22,33,726		0.00,1.61	0,0 	0
876     	29.95, -16.11, -7.03 	-0.65, 1.30, -6.64 	0.00, 25.00 	13,22,33,736		0.00,1.61	0,0 	0
884     	29.97, -16.12, -7.00 	-0.64, 1.31, -6.66 	0.00, 25.00 	13,22,33,745		2.75,1.78	0,0 	0
893     	29.96, -16.12, -7.00 	-0.64, 1.31, -6.66 	0.00, 25.00 	13,22,33,755		1.07,0.00	0,0 	0
902     	29.92, -16.15, -7.02 	-0.64, 1.31, -6.66 	0.00, 25.00 	13,22,33,765		5.85,0.00	0,0 	0
911     	29.93, -16.16, -7.03 	-0.63, 1.30, -6.65 	0.00, 25.00 	13,22,33,775		1.60,1.61	0,0 	0
919     	29.96, -16.16, -7.03 	-0.64, 1.31, -6.65 	0.00, 25.00 	13,22,33,784		4.82,1.34	0,0 	0
928     	29.96, -16.15, -7.02 	-0.63, 1.30, -6.65 	0.00, 25.00 	13,22,33,794		1.18,1.19	0,0 	0
936     	29.93, -16.19, -7.03 	-0.63, 1.30, -6.65 	0.00, 25.00 	13,22,33,803		7.18,0.00	0,0 	0
945     	29.93, -16.22, -7.01 	-0.63, 1.30, -6.64 	0.00, 25.00 	13,22,33,813		3.71,1.07	0,0 	0
954     	29.94, -16.22, -7.01 	-0.63, 1.32, -6.66 	0.00, 25.00 	13,22,33,823		1.07,2.38	0,0 	0
962     	29.93, -16.22, -7.01 	-0.64, 1.33, -6.66 	0.00, 25.00 	13,22,33,832		1.20,1.81	0,0 	0
971     	29.94, -16.22, -7.01 	-0.63, 1.33, -6.66 	0.00, 25.00 	13,22,33,842		1.07,1.07	0,0 	0
980     	29.93, -16.22, -7.01 	-0.65, 1.31, -6.65 	0.00, 25.00 	13,22,33,852		1.07,3.96	0,0 	0
988     	29.94, -16.23, -7.00 	-0.65, 1.31, -6.65 	0.00, 25.00 	13,22,33,861		1.80,0.00	0,0 	0
997     	29.94, -16.22, -7.02 	-0.65, 1.31, -6.65 	0.00, 25.00 	13,22,33,871		1.18,0.00	0,0 	0
1006    	29.94, -16.22, -7.02 	-0.67, 1.32, -6.66 	0.00, 25.00 	13,22,33,881		0.00,2.46	1000,1 	0
1015    	29.93, -16.18, -7.03 	-0.66, 1.32, -6.65 	0.00, 25.00 	13,22,33,891		5.20,1.07	1000,1 	0
1023    	29.93, -16.19, -7.03 	-0.66, 1.32, -6.65 	0.00, 25.00 	13,22,33,900		1.33,0.00	1000,1 	0
1032    	29.95, -16.22, -7.00 	-0.63, 1.33, -6.65 	0.00, 25.00 	13,22,33,910		4.79,4.42	1000,1 	0
1041    	29.95, -16.22, -7.00 	-0.66, 1.33, -6.67 	0.00, 25.00 	13,22,33,920		0.00,4.28	1000,1 	0
1049    	29.95, -16.22, -7.00 	-0.66, 1.33, -6.67 	0.00, 25.00 	13,22,33,929		0.00,0.00	1000,1 	0
1058    	29.94, -16.22, -7.03 	-0.66, 1.32, -6.67 	0.00, 25.00 	13,22,33,939		1.07,1.19	1000,1 	0
1067    	29.94, -16.22, -7.03 	-0.67, 1.32, -6.67 	0.00, 25.00 	13,22,33,949		0.00,1.07	1000,1 	0
1075    	29.93, -16.28, -7.02 	-0.66, 1.33, -6.68 	0.00, 25.00 	13,22,33,958		8.35,1.78	1000,1 	0
1084    	29.92, -16.27, -7.01 	-0.66, 1.33, -6.68 	0.00, 25.00 	13,22,33,968		1.60,0.00	1000,1 	0
1093    	29.88, -16.29, -7.00 	-0.66, 1.33, -6.68 	0.00, 25.00 	13,22,33,978		4.89,0.00	1000,1 	0
1102    	29.88, -16.28, -7.02 	-0.67, 1.32, -6.68 	0.00, 25.00 	13,22,33,988		1.18,1.59	1000,1 	0
1110    	29.86, -16.26, -7.04 	-0.67, 1.32, -6.67 	0.00, 25.00 	13,22,33,997		3.59,0.00	1000,1 	0
1119    	29.87, -16.28, -7.02 	-0.66, 1.32, -6.67 	0.00, 25.00 	13,22,34,7		2.60,1.07	1000,1 	0
1127    	29.89, -16.31, -7.01 	-0.66, 1.32, -6.67 	0.00, 25.00 	13,22,34,16		3.59,0.00	1000,1 	0
1136    	29.85, -16.34, -7.02 	-0.66, 1.32, -6.67 	0.00, 25.00 	13,22,34,26		5.56,0.00	1000,1 	0
1145    	29.85, -16.33, -7.01 	-0.66, 1.32, -6.68 	0.00, 25.00 	13,22,34,36		1.18,0.00	1000,1 	0
1153    	29.85, -16.32, -7.00 	-0.66, 1.32, -6.68 	0.00, 25.00 	13,22,34,45		1.33,0.00	1000,1 	0
1162    	29.85, -16.32, -7.01 	-0.67, 1.32, -6.67 	0.00, 25.00 	13,22,34,55		0.00,1.07	1000,1 	0
1171    	29.82, -16.35, -7.00 	-0.67, 1.32, -6.67 	0.00, 25.00 	13,22,34,65		4.79,0.00	1000,1 	0
1179    	29.81, -16.36, -7.00 	-0.67, 1.32, -6.67 	0.00, 25.00 	13,22,34,74		1.80,0.00	1000,1 	0
1188    	29.82, -16.36, -7.02 	-0.68, 1.33, -6.67 	0.00, 25.00 	13,22,34,84		1.07,1.61	1000,1 	0
1197    	29.81, -16.36, -7.00 	-0.64, 1.33, -6.67 	0.00, 25.00 	13,22,34,94		1.07,4.28	1000,1 	0
1206    	29.80, -16.35, -7.03 	-0.64, 1.32, -6.67 	0.00, 25.00 	13,22,34,104		1.60,1.19	1000,1 	0
1214    	29.83, -16.36, -7.05 	-0.64, 1.33, -6.67 	0.00, 25.00 	13,22,34,113		3.85,1.78	1000,1 	0
1223    	29.78, -16.38, -7.03 	-0.64, 1.33, -6.66 	0.00, 25.00 	13,22,34,123		5.85,1.07	1000,1 	0
1232    	29.79, -16.39, -7.01 	-0.64, 1.34, -6.68 	0.00, 25.00 	13,22,34,133		1.60,1.19	1000,1 	0
1240    	29.80, -16.39, -7.01 	-0.64, 1.34, -6.68 	0.00, 25.00 	13,22,34,142		1.20,0.00	1000,1 	0
1249    	29.76, -16.41, -7.01 	-0.64, 1.34, -6.68 	0.00, 25.00 	13,22,34,152		4.89,0.00	1000,1 	0
1258    	29.77, -16.43, -7.01 	-0.65, 1.37, -6.67 	0.00, 25.00 	13,22,34,162		2.60,2.38	1000,1 	0
1266    	29.77, -16.43, -7.01 	-0.65, 1.37, -6.69 	0.00, 25.00 	13,22,34,171		0.00,0.00	1000,1 	0
1275    	29.73, -16.41, -7.00 	-0.65, 1.37, -6.68 	0.00, 25.00 	13,22,34,181		4.89,0.00	1000,1 	0
1284    	29.73, -16.41, -7.00 	-0.64, 1.35, -6.67 	0.00, 25.00 	13,22,34,191		0.00,1.61	1000,1 	0
1293    	29.74, -16.42, -6.99 	-0.65, 1.37, -6.67 	0.00, 25.00 	13,22,34,201		1.60,1.61	1000,1 	0
1301    	29.73, -16.42, -7.02 	-0.65, 1.38, -6.66 	0.00, 25.00 	13,22,34,210		1.20,1.81	1000,1 	0
1310    	29.76, -16.38, -7.00 	-0.66, 1.37, -6.66 	0.00, 25.00 	13,22,34,220		5.72,1.59	1000,1 	0
1318    	29.78, -16.38, -6.97 	-0.62, 1.37, -6.66 	0.00, 25.00 	13,22,34,229		2.41,6.02	1000,1 	0
1327    	29.73, -16.40, -6.97 	-0.64, 1.37, -6.67 	0.00, 25.00 	13,22,34,239		5.85,2.14	1000,1 	0
1336    	29.70, -16.41, -6.99 	-0.65, 1.37, -6.66 	0.00, 25.00 	13,22,34,249		3.42,2.14	1000,1 	0
1344    	29.70, -16.41, -6.99 	-0.65, 1.37, -6.66 	0.00, 25.00 	13,22,34,258		0.00,1.20	1000,1 	0
1353    	29.71, -16.44, -6.97 	-0.62, 1.39, -6.67 	0.00, 25.00 	13,22,34,268		3.71,3.96	1000,1 	0
1362    	29.68, -16.48, -6.94 	-0.66, 1.41, -6.69 	0.00, 25.00 	13,22,34,278		4.79,5.88	1000,1 	0
1370    	29.67, -16.47, -6.97 	-0.67, 1.40, -6.67 	0.00, 25.00 	13,22,34,287		1.79,1.78	1000,1 	0
1379    	29.67, -16.48, -6.98 	-0.66, 1.40, -6.66 	0.00, 25.00 	13,22,34,297		1.18,1.07	1000,1 	0
1388    	29.67, -16.48, -6.97 	-0.64, 1.39, -6.66 	0.00, 25.00 	13,22,34,307		0.00,3.44	1000,1 	0
1397    	29.67, -16.47, -6.97 	-0.64, 1.41, -6.68 	0.00, 25.00 	13,22,34,317		1.18,2.38	1000,1 	0
1405    	29.67, -16.47, -6.97 	-0.64, 1.42, -6.67 	0.00, 25.00 	13,22,34,326		0.00,1.34	1000,1 	0
1414    	29.67, -16.47, -6.97 	-0.64, 1.40, -6.68 	0.00, 25.00 	13,22,34,336		0.00,2.38	1000,1 	0
1423    	29.67, -16.47, -6.97 	-0.63, 1.41, -6.67 	0.00, 25.00 	13,22,34,346		0.00,1.59	1000,1 	0
1431    	29.71, -16.44, -6.97 	-0.64, 1.41, -6.66 	0.00, 25.00 	13,22,34,355		5.51,1.20	1000,1 	0
1440    	29.71, -16.44, -6.97 	-0.65, 1.41, -6.68 	0.00, 25.00 	13,22,34,365		0.00,2.14	1000,1 	0
1449    	29.71, -16.44, -6.97 	-0.66, 1.41, -6.67 	0.00, 25.00 	13,22,34,375		0.00,1.07	1000,1 	0
1457    	29.70, -16.41, -6.99 	-0.66, 1.42, -6.66 	0.00, 25.00 	13,22,34,384		4.17,1.34	1000,1 	0
1466    	29.74, -16.37, -6.99 	-0.66, 1.41, -6.66 	0.00, 25.00 	13,22,34,394		6.39,1.19	1000,1 	0
1475    	29.74, -16.38, -6.99 	-0.66, 1.41, -6.66 	0.00, 25.00 	13,22,34,404		1.18,0.00	1000,1 	0
1484    	29.74, -16.37, -6.99 	-0.65, 1.41, -6.66 	0.00, 25.00 	13,22,34,414		1.18,2.14	1000,1 	0
1492    	29.74, -16.38, -6.99 	-0.65, 1.41, -6.66 	0.00, 25.00 	13,22,34,423		1.33,0.00	1000,1 	0
1501    	29.79, -16.36, -7.00 	-0.65, 1.41, -6.66 	0.00, 25.00 	13,22,34,433		5.85,0.00	1000,1 	0
1509    	29.79, -16.36, -7.00 	-0.65, 1.41, -6.66 	0.00, 25.00 	13,22,34,442		0.00,0.00	1000,1 	0
1518    	29.74, -16.37, -6.99 	-0.65, 1.41, -6.66 	0.00, 25.00 	13,22,34,452		5.48,0.00	1000,1 	0
1527    	29.75, -16.40, -6.98 	-0.65, 1.43, -6.66 	0.00, 25.00 	13,22,34,462		3.71,2.38	1000,1 	0
1535    	29.76, -16.39, -6.98 	-0.65, 1.43, -6.66 	0.00, 25.00 	13,22,34,471		1.80,0.00	1000,1 	0
1544    	29.66, -16.40, -6.97 	-0.65, 1.43, -6.66 	0.00, 25.00 	13,22,34,481		10.77,0.00	1000,1 	0
1553    	29.71, -16.40, -6.97 	-0.64, 1.42, -6.65 	0.00, 25.00 	13,22,34,491		5.35,1.61	1000,1 	0
1561    	29.71, -16.41, -6.97 	-0.66, 1.43, -6.65 	0.00, 25.00 	13,22,34,500		1.33,2.77	1000,1 	0
1570    	29.70, -16.40, -6.99 	-0.66, 1.45, -6.65 	0.00, 25.00 	13,22,34,510		1.60,2.62	1000,1 	0
1579    	29.71, -16.40, -7.00 	-0.65, 1.44, -6.65 	0.00, 25.00 	13,22,34,520		1.07,2.46	1000,1 	0
1588    	29.71, -16.40, -6.99 	-0.66, 1.44, -6.65 	0.00, 25.00 	13,22,34,530		0.00,1.07	1000,1 	0
1596    	29.72, -16.41, -6.97 	-0.71, 1.44, -6.64 	0.00, 25.00 	13,22,34,539		1.79,7.22	1000,1 	0
1605    	29.68, -16.43, -7.01 	-0.69, 1.47, -6.64 	0.00, 25.00 	13,22,34,548		4.89,4.13	1000,1 	0
1614    	29.69, -16.43, -7.01 	-0.73, 1.52, -6.65 	0.00, 25.00 	13,22,34,558		1.07,6.44	1000,1 	0
1622    	29.66, -16.47, -6.99 	-0.79, 1.55, -6.63 	0.00, 25.00 	13,22,34,567		6.26,8.31	1000,1 	0
1631    	29.69, -16.47, -7.00 	-0.79, 1.69, -6.63 	0.00, 25.00 	13,22,34,577		4.28,15.44	1000,1 	0
1640    	29.67, -16.41, -7.01 	-0.82, 1.77, -6.63 	0.00, 25.00 	13,22,34,587		6.29,10.08	1000,1 	0
1648    	29.68, -16.44, -7.03 	-0.83, 1.93, -6.67 	0.00, 25.00 	13,22,34,596		4.17,20.10	1000,1 	0
1657    	29.68, -16.42, -7.04 	-0.79, 2.06, -6.70 	0.00, 25.00 	13,22,34,606		2.37,14.82	1000,1 	0
1666    	29.67, -16.39, -7.05 	-0.73, 2.16, -6.70 	0.00, 25.00 	13,22,34,616		4.15,12.96	1000,1 	0
1674    	29.63, -16.33, -7.10 	-0.73, 2.24, -6.68 	0.00, 25.00 	13,22,34,625		9.33,10.69	1000,1 	0
1683    	29.68, -16.29, -7.11 	-0.78, 2.33, -6.67 	0.00, 25.00 	13,22,34,635		7.34,10.98	1000,1 	0
1692    	29.66, -16.25, -7.16 	-0.79, 2.37, -6.67 	0.00, 25.00 	13,22,34,645		5.72,4.89	1000,1 	0
1700    	29.66, -16.22, -7.17 	-0.84, 2.47, -6.68 	0.00, 25.00 	13,22,34,654		4.00,13.53	1000,1 	0
1709    	29.48, -16.18, -7.25 	-0.85, 2.55, -6.69 	0.00, 25.00 	13,22,34,664		19.84,9.58	1000,1 	0
1718    	29.54, -16.11, -7.32 	-0.85, 2.67, -6.70 	0.00, 25.00 	13,22,34,674		9.58,13.07	1000,1 	0
1726    	29.47, -16.06, -7.41 	-0.82, 2.78, -6.71 	0.00, 25.00 	13,22,34,684		10.74,13.79	1000,1 	0
1735    	29.49, -15.85, -7.51 	-0.76, 2.90, -6.75 	0.00, 25.00 	13,22,34,693		23.77,14.47	1000,1 	0
1744    	29.54, -15.62, -7.62 	-0.71, 3.06, -6.77 	0.00, 25.00 	13,22,34,703		25.43,18.53	1000,1 	0
1753    	29.60, -15.35, -7.76 	-0.63, 3.20, -6.78 	0.00, 25.00 	13,22,34,713		31.45,19.09	1000,1 	0
1761    	29.59, -15.18, -7.86 	-0.56, 3.33, -6.80 	0.00, 25.00 	13,22,34,722		21.34,18.00	1000,1 	0
1770    	29.52, -15.01, -7.93 	-0.51, 3.46, -6.80 	0.00, 25.00 	13,22,34,732		20.36,15.54	1000,1 	0
1779    	29.39, -14.89, -8.03 	-0.44, 3.65, -6.83 	0.00, 25.00 	13,22,34,742		19.85,22.55	1000,1 	0
1787    	29.22, -14.75, -8.12 	-0.42, 3.85, -6.89 	0.00, 25.00 	13,22,34,751		26.80,25.47	1000,1 	0
1796    	29.12, -14.64, -8.22 	-0.35, 4.11, -6.94 	0.00, 25.00 	13,22,34,761		16.69,29.64	1000,1 	0
1805    	29.04, -14.43, -8.35 	-0.23, 4.39, -6.98 	0.00, 25.00 	13,22,34,771		25.17,33.27	1000,1 	0
1813    	28.99, -14.15, -8.40 	-0.05, 4.75, -7.04 	0.00, 25.00 	13,22,34,780		35.14,50.55	1000,1 	0
1822    	28.94, -13.88, -8.53 	0.05, 5.08, -7.04 	0.00, 25.00 	13,22,34,790		31.44,38.49	1000,1 	0
1831    	28.83, -13.71, -8.64 	0.11, 5.40, -7.01 	0.00, 25.00 	13,22,34,800		22.30,36.12	1000,1 	0
1839    	28.98, -13.41, -8.71 	0.14, 5.62, -7.02 	0.00, 25.00 	13,22,34,809		41.45,28.40	1000,1 	0
1848    	29.02, -13.17, -8.85 	0.15, 5.90, -7.05 	0.00, 25.00 	13,22,34,819		26.59,30.89	1000,1 	0
1857    	28.94, -12.94, -8.94 	0.14, 6.20, -7.10 	0.00, 25.00 	13,22,34,829		27.76,33.30	1000,1 	0
1866    	28.81, -12.70, -9.02 	0.08, 6.48, -7.15 	0.00, 25.00 	13,22,34,839		29.52,31.64	1000,1 	0
1874    	28.73, -12.46, -9.15 	0.03, 6.73, -7.21 	0.00, 25.00 	13,22,34,848		32.49,31.41	1000,1 	0
1883    	28.54, -12.32, -9.22 	0.04, 6.98, -7.27 	0.00, 25.00 	13,22,34,858		25.50,28.51	1000,1 	0
1892    	28.49, -12.11, -9.33 	0.02, 7.23, -7.35 	0.00, 25.00 	13,22,34,868		24.53,27.44	1000,1 	0
1900    	28.31, -11.97, -9.38 	-0.03, 7.41, -7.42 	0.00, 25.00 	13,22,34,877		27.73,23.59	1000,1 	0
1909    	28.23, -11.86, -9.49 	-0.11, 7.55, -7.48 	0.00, 25.00 	13,22,34,887		15.26,17.77	1000,1 	0
1917    	28.23, -11.73, -9.58 	-0.19, 7.72, -7.58 	0.00, 25.00 	13,22,34,896		15.98,23.58	1000,1 	0
1926    	28.34, -11.54, -9.67 	-0.23, 7.88, -7.69 	0.00, 25.00 	13,22,34,906		24.89,18.39	1000,1 	0
1935    	28.28, -11.47, -9.66 	-0.29, 8.04, -7.81 	0.00, 25.00 	13,22,34,916		10.48,19.03	1000,1 	0
1943    	28.25, -11.29, -9.68 	-0.39, 8.14, -7.90 	0.00, 25.00 	13,22,34,925		23.14,18.02	1000,1 	0
1952    	28.17, -11.15, -9.70 	-0.56, 8.21, -7.96 	0.00, 25.00 	13,22,34,935		17.61,19.63	1000,1 	0
1961    	28.06, -11.01, -9.69 	-0.74, 8.28, -8.02 	0.00, 25.00 	13,22,34,945		19.37,22.07	1000,1 	0
1970    	27.90, -10.98, -9.73 	-0.90, 8.41, -8.12 	0.00, 25.00 	13,22,34,955		18.54,22.44	1000,1 	0
1978    	27.75, -10.91, -9.74 	-1.02, 8.60, -8.28 	0.00, 25.00 	13,22,34,964		20.85,27.78	1000,1 	0
1987    	27.55, -10.75, -9.78 	-1.21, 8.83, -8.44 	0.00, 25.00 	13,22,34,974		27.80,33.35	1000,1 	0
1996    	27.52, -10.57, -9.81 	-1.37, 9.06, -8.57 	0.00, 25.00 	13,22,34,984		20.38,31.09	1000,1 	0
2004    	27.55, -10.38, -9.83 	-1.47, 9.26, -8.67 	0.00, 25.00 	13,22,34,993		24.25,28.26	1000,1 	0
2013    	27.51, -10.21, -9.83 	-1.52, 9.48, -8.75 	0.00, 25.00 	13,22,35,3		19.42,24.43	1000,1 	0
2022    	27.49, -10.12, -9.79 	-1.56, 9.73, -8.82 	0.00, 25.00 	13,22,35,13		10.00,28.89	1000,1 	0
2030    	27.44, -9.95, -9.85 	-1.64, 9.99, -8.89 	0.00, 25.00 	13,22,35,22		22.14,33.63	1000,1 	0
2039    	27.43, -9.83, -9.79 	-1.72, 10.25, -8.96 	0.00, 25.00 	13,22,35,32		14.25,29.89	1000,1 	0
2048    	27.29, -9.63, -9.77 	-1.84, 10.45, -8.99 	0.00, 25.00 	13,22,35,42		26.04,26.69	1000,1 	0
2056    	27.14, -9.55, -9.71 	-1.94, 10.71, -9.02 	0.00, 25.00 	13,22,35,51		22.01,34.43	1000,1 	0
2065    	26.95, -9.43, -9.65 	-2.03, 10.97, -9.04 	0.00, 25.00 	13,22,35,61		25.05,30.23	1000,1 	0
2074    	26.79, -9.35, -9.59 	-2.14, 11.26, -9.07 	0.00, 25.00 	13,22,35,71		19.56,34.33	1000,1 	0
2083    	26.76, -9.14, -9.54 	-2.12, 11.54, -9.07 	0.00, 25.00 	13,22,35,81		22.89,32.11	1000,1 	0
2091    	26.66, -8.93, -9.50 	-2.12, 11.85, -9.08 	0.00, 25.00 	13,22,35,90		29.22,38.76	1000,1 	0
2100    	26.60, -8.72, -9.45 	-2.14, 12.18, -9.07 	0.00, 25.00 	13,22,35,100		24.53,35.74	1000,1 	0
2108    	26.60, -8.53, -9.43 	-2.18, 12.53, -9.05 	0.00, 25.00 	13,22,35,109		23.97,44.31	1000,1 	0
2117    	26.55, -8.36, -9.41 	-2.22, 12.91, -9.05 	0.00, 25.00 	13,22,35,119		19.68,43.04	1000,1 	0
2126    	26.53, -8.22, -9.33 	-2.24, 13.30, -9.03 	0.00, 25.00 	13,22,35,129		15.72,42.85	1000,1 	0
2135    	26.40, -8.14, -9.29 	-2.27, 13.67, -9.01 	0.00, 25.00 	13,22,35,139		16.19,41.75	1000,1 	0
2143    	26.27, -8.04, -9.22 	-2.28, 14.07, -9.00 	0.00, 25.00 	13,22,35,148		20.55,49.48	1000,1 	0
2152    	26.17, -7.96, -9.19 	-2.28, 14.46, -8.97 	0.00, 25.00 	13,22,35,158		14.39,43.95	1000,1 	0
2161    	26.14, -7.85, -9.15 	-2.21, 14.82, -8.93 	0.00, 25.00 	13,22,35,168		12.26,39.80	1000,1 	0
2169    	26.00, -7.77, -9.13 	-2.20, 15.09, -8.88 	0.00, 25.00 	13,22,35,177		20.96,34.75	1000,1 	0
2178    	25.85, -7.75, -9.10 	-2.17, 15.37, -8.81 	0.00, 25.00 	13,22,35,187		16.23,31.12	1000,1 	0
2187    	25.76, -7.68, -9.08 	-2.15, 15.69, -8.76 	0.00, 25.00 	13,22,35,197		12.84,35.67	1000,1 	0
2195    	25.83, -7.57, -9.07 	-2.07, 15.98, -8.70 	0.00, 25.00 	13,22,35,206		17.54,37.20	1000,1 	0
2204    	25.79, -7.51, -9.04 	-1.99, 16.25, -8.61 	0.00, 25.00 	13,22,35,216		7.30,31.08	1000,1 	0
2213    	25.81, -7.45, -9.03 	-1.89, 16.47, -8.51 	0.00, 25.00 	13,22,35,226		7.42,27.42	1000,1 	0
2221    	25.82, -7.40, -9.02 	-1.77, 16.64, -8.39 	0.00, 25.00 	13,22,35,235		6.77,25.62	1000,1 	0
2230    	25.78, -7.36, -9.01 	-1.62, 16.80, -8.30 	0.00, 25.00 	13,22,35,245		5.56,24.52	1000,1 	0
2239    	25.77, -7.33, -9.02 	-1.47, 16.92, -8.17 	0.00, 25.00 	13,22,35,255		4.15,20.53	1000,1 	0
2247    	25.75, -7.28, -9.02 	-1.31, 17.00, -8.06 	0.00, 25.00 	13,22,35,264		7.08,22.93	1000,1 	0
2256    	25.70, -7.28, -9.00 	-1.16, 17.12, -7.98 	0.00, 25.00 	13,22,35,274		5.35,21.37	1000,1 	0
2265    	25.74, -7.28, -9.01 	-1.01, 17.24, -7.92 	0.00, 25.00 	13,22,35,284		4.28,22.10	1000,1 	0
2273    	25.74, -7.27, -9.02 	-0.86, 17.38, -7.89 	0.00, 25.00 	13,22,35,293		1.33,24.86	1000,1 	0
2282    	25.76, -7.24, -9.00 	-0.74, 17.48, -7.85 	0.00, 25.00 	13,22,35,303		4.15,17.41	1000,1 	0
2291    	25.78, -7.20, -9.01 	-0.64, 17.58, -7.82 	0.00, 25.00 	13,22,35,313		4.79,15.86	1000,1 	0
2299    	25.77, -7.21, -9.01 	-0.54, 17.72, -7.82 	0.00, 25.00 	13,22,35,322		2.75,21.68	1000,1 	0
2308    	25.77, -7.23, -9.00 	-0.45, 17.87, -7.84 	0.00, 25.00 	13,22,35,332		1.60,19.09	1000,1 	0
2317    	25.78, -7.25, -8.99 	-0.33, 18.00, -7.86 	0.00, 25.00 	13,22,35,342		2.60,19.76	1000,1 	0
2326    	25.81, -7.26, -8.98 	-0.27, 18.10, -7.85 	0.00, 25.00 	13,22,35,352		3.42,13.42	1000,1 	0
2334    	25.77, -7.24, -9.00 	-0.20, 18.22, -7.85 	0.00, 25.00 	13,22,35,361		5.50,16.83	1000,1 	0
2343    	25.77, -7.24, -9.01 	-0.10, 18.37, -7.87 	0.00, 25.00 	13,22,35,371		0.00,20.22	1000,1 	0
2352    	25.79, -7.24, -9.00 	0.03, 18.57, -7.90 	0.00, 25.00 	13,22,35,381		2.14,26.89	1000,1 	0
2360    	25.79, -7.29, -8.98 	0.18, 18.78, -7.91 	0.00, 25.00 	13,22,35,390		6.66,32.02	1000,1 	0
2369    	25.83, -7.20, -8.97 	0.29, 18.95, -7.92 	0.00, 25.00 	13,22,35,400		10.40,22.77	1000,1 	0
2378    	25.83, -7.20, -8.97 	0.40, 19.11, -7.92 	0.00, 25.00 	13,22,35,410		0.00,21.20	1000,1 	0
2386    	25.82, -7.19, -8.98 	0.51, 19.29, -7.91 	0.00, 25.00 	13,22,35,419		1.79,26.73	1000,1 	0
2395    	25.85, -7.21, -8.95 	0.64, 19.52, -7.91 	0.00, 25.00 	13,22,35,429		3.99,28.90	1000,1 	0
2404    	25.86, -7.21, -8.95 	0.74, 19.75, -7.92 	0.00, 25.00 	13,22,35,439		1.07,28.09	1000,1 	0
2412    	25.84, -7.21, -8.95 	0.82, 19.99, -7.93 	0.00, 25.00 	13,22,35,448		2.41,31.18	1000,1 	0
2421    	25.83, -7.21, -8.95 	0.87, 20.20, -7.94 	0.00, 25.00 	13,22,35,458		1.07,24.27	1000,1 	0
2430    	25.79, -7.21, -8.95 	0.93, 20.39, -7.95 	0.00, 25.00 	13,22,35,468		4.28,22.23	1000,1 	0
2438    	25.81, -7.19, -8.94 	0.97, 20.60, -7.95 	0.00, 25.00 	13,22,35,477		3.59,26.01	1000,1 	0
2447    	25.70, -7.20, -8.94 	0.98, 20.79, -7.95 	0.00, 25.00 	13,22,35,487		12.90,21.39	1000,1 	0
2456    	25.75, -7.12, -8.95 	0.98, 20.98, -7.95 	0.00, 25.00 	13,22,35,497		10.88,21.38	1000,1 	0
2464    	25.74, -7.04, -8.93 	0.99, 21.17, -7.96 	0.00, 25.00 	13,22,35,506		9.40,24.07	1000,1 	0
2473    	25.76, -6.97, -8.93 	0.99, 21.37, -7.96 	0.00, 25.00 	13,22,35,516		8.56,21.38	1000,1 	0
2482    	25.72, -6.88, -8.96 	0.97, 21.53, -7.95 	0.00, 25.00 	13,22,35,526		10.39,17.98	1000,1 	0
2491    	25.73, -6.77, -8.91 	0.93, 21.69, -7.95 	0.00, 25.00 	13,22,35,536		13.07,18.39	1000,1 	0
2499    	25.71, -6.67, -8.90 	0.87, 21.85, -7.95 	0.00, 25.00 	13,22,35,545		12.22,21.41	1000,1 	0
2508    	25.66, -6.58, -8.90 	0.83, 22.00, -7.95 	0.00, 25.00 	13,22,35,555		11.92,17.24	1000,1 	0
2517    	25.65, -6.51, -8.90 	0.75, 22.10, -7.93 	0.00, 25.00 	13,22,35,565		7.18,14.74	1000,1 	0
2525    	25.62, -6.47, -8.89 	0.66, 22.20, -7.91 	0.00, 25.00 	13,22,35,574		6.43,16.30	1000,1 	0
2534    	25.58, -6.37, -8.89 	0.58, 22.31, -7.90 	0.00, 25.00 	13,22,35,584		11.48,15.40	1000,1 	0
2543    	25.54, -6.30, -8.89 	0.51, 22.42, -7.88 	0.00, 25.00 	13,22,35,594		9.32,14.14	1000,1 	0
2551    	25.48, -6.15, -8.93 	0.42, 22.51, -7.87 	0.00, 25.00 	13,22,35,603		20.46,16.30	1000,1 	0
2560    	25.50, -6.01, -8.91 	0.30, 22.59, -7.84 	0.00, 25.00 	13,22,35,613		15.54,15.40	1000,1 	0
2569    	25.40, -5.89, -8.96 	0.19, 22.65, -7.80 	0.00, 25.00 	13,22,35,623		16.85,14.77	1000,1 	0
2577    	25.40, -5.73, -8.94 	0.09, 22.73, -7.77 	0.00, 25.00 	13,22,35,632		19.98,15.35	1000,1 	0
2586    	25.40, -5.66, -8.93 	0.01, 22.78, -7.73 	0.00, 25.00 	13,22,35,642		8.29,10.49	1000,1 	0
2595    	25.30, -5.58, -8.92 	-0.06, 22.83, -7.69 	0.00, 25.00 	13,22,35,652		13.53,9.85	1000,1 	0
2603    	25.21, -5.60, -8.89 	-0.14, 22.87, -7.66 	0.00, 25.00 	13,22,35,661		12.12,11.08	1000,1 	0
2612    	25.16, -5.51, -8.90 	-0.22, 22.91, -7.60 	0.00, 25.00 	13,22,35,671		10.88,9.85	1000,1 	0
2621    	25.10, -5.45, -8.92 	-0.28, 22.98, -7.55 	0.00, 25.00 	13,22,35,681		9.57,9.66	1000,1 	0
2629    	25.01, -5.35, -8.93 	-0.31, 23.03, -7.48 	0.00, 25.00 	13,22,35,690		16.98,8.29	1000,1 	0
2638    	24.95, -5.30, -8.93 	-0.35, 23.07, -7.40 	0.00, 25.00 	13,22,35,700		8.73,5.61	1000,1 	0
2647    	24.85, -5.24, -8.93 	-0.37, 23.10, -7.32 	0.00, 25.00 	13,22,35,710		12.23,4.18	1000,1 	0
2655    	24.84, -5.19, -8.93 	-0.38, 23.14, -7.26 	0.00, 25.00 	13,22,35,719		6.77,5.50	1000,1 	0
2664    	24.82, -5.16, -8.92 	-0.36, 23.20, -7.21 	0.00, 25.00 	13,22,35,729		4.15,7.41	1000,1 	0
2673    	24.77, -5.17, -8.92 	-0.35, 23.25, -7.15 	0.00, 25.00 	13,22,35,739		6.53,4.85	1000,1 	0
2682    	24.75, -5.15, -8.89 	-0.35, 23.31, -7.11 	0.00, 25.00 	13,22,35,749		3.19,7.19	1000,1 	0
2690    	24.69, -5.21, -8.90 	-0.34, 23.39, -7.08 	0.00, 25.00 	13,22,35,758		10.78,9.41	1000,1 	0
2699    	24.70, -5.22, -8.90 	-0.31, 23.48, -7.08 	0.00, 25.00 	13,22,35,768		1.60,11.12	1000,1 	0
2708    	24.66, -5.23, -8.90 	-0.29, 23.59, -7.08 	0.00, 25.00 	13,22,35,778		4.44,12.04	1000,1 	0
2716    	24.61, -5.24, -8.89 	-0.28, 23.71, -7.08 	0.00, 25.00 	13,22,35,787		6.17,14.73	1000,1 	0
2725    	24.61, -5.21, -8.89 	-0.25, 23.87, -7.08 	0.00, 25.00 	13,22,35,797		3.55,18.06	1000,1 	0
2734    	24.58, -5.19, -8.91 	-0.21, 24.03, -7.07 	0.00, 25.00 	13,22,35,807		3.99,18.53	1000,1 	0
2742    	24.56, -5.17, -8.91 	-0.17, 24.15, -7.08 	0.00, 25.00 	13,22,35,816		3.59,16.67	1000,1 	0
2751    	24.55, -5.19, -8.91 	-0.08, 24.26, -7.06 	0.00, 25.00 	13,22,35,826		2.60,15.17	1000,1 	0
2760    	24.52, -5.20, -8.89 	-0.05, 24.38, -7.05 	0.00, 25.00 	13,22,35,836		4.44,13.41	1000,1 	0
2768    	24.53, -5.17, -8.91 	0.00, 24.44, -7.04 	0.00, 25.00 	13,22,35,845		4.17,10.71	1000,1 	0
2777    	24.53, -5.18, -8.91 	0.02, 24.51, -7.03 	0.00, 25.00 	13,22,35,855		1.18,7.41	1000,1 	0
2786    	24.51, -5.18, -8.91 	0.05, 24.56, -7.02 	0.00, 25.00 	13,22,35,865		2.14,6.71	1000,1 	0
2794    	24.53, -5.17, -8.90 	0.07, 24.59, -7.02 	0.00, 25.00 	13,22,35,874		2.75,4.64	1000,1 	0
2803    	24.53, -5.17, -8.90 	0.08, 24.65, -7.02 	0.00, 25.00 	13,22,35,884		0.00,7.19	1000,1 	0
2812    	24.51, -5.19, -8.90 	0.12, 24.66, -7.02 	0.00, 25.00 	13,22,35,894		3.19,4.42	1000,1 	0
2821    	24.52, -5.17, -8.89 	0.14, 24.69, -7.02 	0.00, 25.00 	13,22,35,904		2.60,3.17	1000,1 	0
2829    	24.48, -5.18, -8.89 	0.15, 24.68, -7.02 	0.00, 25.00 	13,22,35,913		5.00,1.81	1000,1 	0
2838    	24.52, -5.17, -8.89 	0.16, 24.68, -7.02 	0.00, 25.00 	13,22,35,923		4.44,1.07	1000,1 	0
2847    	24.51, -5.16, -8.90 	0.16, 24.69, -7.02 	0.00, 25.00 	13,22,35,933		1.60,1.19	1000,1 	0
2855    	24.50, -5.18, -8.89 	0.14, 24.70, -7.02 	0.00, 25.00 	13,22,35,942		2.92,2.77	1000,1 	0
2864    	24.52, -5.17, -8.89 	0.15, 24.70, -7.03 	0.00, 25.00 	13,22,35,952		2.45,1.07	1000,1 	0
2873    	24.53, -5.17, -8.88 	0.13, 24.71, -7.03 	0.00, 25.00 	13,22,35,962		2.14,2.46	1000,1 	0
2881    	24.48, -5.17, -8.89 	0.13, 24.71, -7.03 	0.00, 25.00 	13,22,35,971		7.23,0.00	1000,1 	0
2890    	24.49, -5.18, -8.88 	0.11, 24.73, -7.03 	0.00, 25.00 	13,22,35,981		1.60,3.22	1000,1 	0
2899    	24.46, -5.15, -8.89 	0.06, 24.74, -7.03 	0.00, 25.00 	13,22,35,991		4.79,5.49	1000,1 	0
2907    	24.46, -5.15, -8.89 	-0.01, 24.79, -7.04 	0.00, 25.00 	13,22,36,0		0.00,10.83	1000,1 	0
2916    	24.42, -5.15, -8.89 	-0.08, 24.86, -7.04 	0.00, 25.00 	13,22,36,10		4.28,10.41	1000,1 	0
2925    	24.39, -5.13, -8.90 	-0.10, 24.89, -7.04 	0.00, 25.00 	13,22,36,20		3.99,4.18	1000,1 	0
2933    	24.43, -5.13, -8.88 	-0.10, 24.89, -7.04 	0.00, 25.00 	13,22,36,29		4.82,0.00	1000,1 	0
2942    	24.42, -5.12, -8.88 	-0.11, 24.91, -7.04 	0.00, 25.00 	13,22,36,39		1.60,2.62	1000,1 	0
2951    	24.41, -5.13, -8.88 	-0.13, 24.91, -7.03 	0.00, 25.00 	13,22,36,49		1.60,3.21	1000,1 	0
2959    	24.37, -5.08, -8.89 	-0.15, 24.91, -7.03 	0.00, 25.00 	13,22,36,58		7.18,2.41	1000,1 	0
2968    	24.35, -5.09, -8.88 	-0.16, 24.92, -7.03 	0.00, 25.00 	13,22,36,68		2.45,1.61	1000,1 	0
2977    	24.34, -5.07, -8.89 	-0.16, 24.91, -7.02 	0.00, 25.00 	13,22,36,78		2.60,1.19	1000,1 	0
2985    	24.34, -5.07, -8.87 	-0.16, 24.92, -7.03 	0.00, 25.00 	13,22,36,87		0.00,1.34	1000,1 	0
2994    	24.34, -5.09, -8.85 	-0.15, 24.93, -7.03 	0.00, 25.00 	13,22,36,97		2.37,1.59	1000,1 	0
3003    	24.32, -5.07, -8.87 	-0.15, 24.93, -7.03 	0.00, 25.00 	13,22,36,107		3.19,0.00	1000,1 	0
3011    	24.28, -5.09, -8.88 	-0.16, 24.93, -7.03 	0.00, 25.00 	13,22,36,116		5.51,1.20	1000,1 	0
3020    	24.28, -5.10, -8.89 	-0.15, 24.93, -7.02 	0.00, 25.00 	13,22,36,126		1.18,1.07	1000,1 	0
3029    	24.27, -5.12, -8.89 	-0.15, 24.92, -7.03 	0.00, 25.00 	13,22,36,136		1.60,1.19	1000,1 	0
3038    	24.28, -5.12, -8.89 	-0.15, 24.93, -7.03 	0.00, 25.00 	13,22,36,146		1.07,1.19	1000,1 	0
3046    	24.27, -5.14, -8.89 	-0.16, 24.93, -7.03 	0.00, 25.00 	13,22,36,155		2.92,1.20	1000,1 	0
3055    	24.30, -5.13, -8.88 	-0.15, 24.93, -7.03 	0.00, 25.00 	13,22,36,165		3.42,1.07	1000,1 	0
3064    	24.28, -5.13, -8.86 	-0.15, 24.93, -7.03 	0.00, 25.00 	13,22,36,175		2.14,0.00	1000,1 	0
3072    	24.26, -5.14, -8.87 	-0.14, 24.92, -7.03 	0.00, 25.00 	13,22,36,184		3.85,1.81	1000,1 	0
3081    	24.26, -5.15, -8.89 	-0.16, 24.93, -7.03 	0.00, 25.00 	13,22,36,194		1.18,2.46	1000,1 	0
3090    	24.20, -5.16, -8.89 	-0.15, 24.93, -7.03 	0.00, 25.00 	13,22,36,204		6.53,1.07	1000,1 	0
3098    	24.19, -5.12, -8.89 	-0.16, 24.92, -7.02 	0.00, 25.00 	13,22,36,213		5.46,1.78	1000,1 	0
3107    	24.18, -5.12, -8.88 	-0.15, 24.93, -7.03 	0.00, 25.00 	13,22,36,223		1.07,1.59	1000,1 	0
3116    	24.19, -5.13, -8.88 	-0.16, 24.92, -7.03 	0.00, 25.00 	13,22,36,233		1.60,1.59	1000,1 	0
3124    	24.23, -5.13, -8.87 	-0.16, 24.91, -7.03 	0.00, 25.00 	13,22,36,242		4.82,1.34	1000,1 	0
3133    	24.23, -5.10, -8.90 	-0.15, 24.92, -7.03 	0.00, 25.00 	13,22,36,252		2.37,1.59	1000,1 	0
3142    	24.22, -5.13, -8.89 	-0.14, 24.92, -7.03 	0.00, 25.00 	13,22,36,262		2.60,1.07	1000,1 	0
3150    	24.25, -5.13, -8.89 	-0.15, 24.92, -7.03 	0.00, 25.00 	13,22,36,271		3.61,1.20	1000,1 	0
3159    	24.24, -5.15, -8.89 	-0.15, 24.91, -7.02 	0.00, 25.00 	13,22,36,281		2.60,1.19	1000,1 	0
3168    	24.20, -5.13, -8.89 	-0.15, 24.91, -7.02 	0.00, 25.00 	13,22,36,291		4.89,0.00	1000,1 	0
3176    	24.17, -5.14, -8.88 	-0.15, 24.91, -7.02 	0.00, 25.00 	13,22,36,300		3.85,0.00	1000,1 	0
3185    	24.15, -5.14, -8.89 	-0.15, 24.90, -7.01 	0.00, 25.00 	13,22,36,310		2.14,1.19	1000,1 	0
3194    	24.15, -5.16, -8.90 	-0.15, 24.90, -7.02 	0.00, 25.00 	13,22,36,320		2.37,0.00	1000,1 	0
3203    	24.15, -5.16, -8.90 	-0.14, 24.90, -7.02 	0.00, 25.00 	13,22,36,330		0.00,1.07	1000,1 	0
3211    	24.15, -5.15, -8.90 	-0.14, 24.91, -7.02 	0.00, 25.00 	13,22,36,339		1.33,1.34	1000,1 	0
3221    	24.15, -5.17, -8.90 	-0.13, 24.91, -7.02 	0.00, -0.00 	13,22,36,360		2.37,1.07	1000,1 	0
3228    	24.13, -5.21, -8.91 	-0.13, 24.91, -7.01 	0.00, -0.00 	13,22,36,368		9.36,1.92	1000,1 	0
3237    	24.14, -5.24, -8.92 	-0.13, 24.91, -7.02 	0.00, -0.00 	13,22,36,378		5.56,0.00	1000,1 	0
3246    	24.11, -5.25, -8.91 	-0.12, 24.92, -7.02 	0.00, -0.00 	13,22,36,388		5.14,2.38	1000,1 	0
3254    	24.09, -5.25, -8.90 	-0.13, 24.91, -7.02 	0.00, -0.00 	13,22,36,397		3.21,2.38	1000,1 	0
3263    	24.08, -5.25, -8.92 	-0.11, 24.92, -7.02 	0.00, -0.00 	13,22,36,407		1.61,3.65	1000,1 	0
3272    	24.10, -5.23, -8.92 	-0.12, 24.92, -7.02 	0.00, -0.00 	13,22,36,417		4.79,1.60	1000,1 	0
3280    	24.13, -5.23, -8.91 	-0.11, 24.92, -7.02 	0.00, -0.00 	13,22,36,426		4.82,1.60	1000,1 	0
3289    	24.14, -5.23, -8.91 	-0.10, 24.92, -7.02 	0.00, -0.00 	13,22,36,436		1.38,1.37	1000,1 	0
3298    	24.15, -5.22, -8.92 	-0.11, 24.92, -7.02 	0.00, -0.00 	13,22,36,446		2.40,1.60	1000,1 	0
3306    	24.13, -5.22, -8.91 	-0.11, 24.92, -7.02 	0.00, -0.00 	13,22,36,455		3.21,0.00	1000,1 	0
3315    	24.13, -5.21, -8.92 	-0.11, 24.92, -7.02 	0.00, -0.00 	13,22,36,465		1.52,0.00	1000,1 	0
3324    	24.18, -5.19, -8.90 	-0.11, 24.92, -7.02 	0.00, -0.00 	13,22,36,475		8.78,0.00	1000,1 	0
3332    	24.14, -5.19, -8.90 	-0.09, 24.92, -7.02 	0.00, -0.00 	13,22,36,484		6.42,3.21	1000,1 	0
3341    	24.13, -5.19, -8.92 	-0.10, 24.92, -7.03 	0.00, -0.00 	13,22,36,494		1.38,1.37	1000,1 	0
3350    	24.10, -5.21, -8.92 	-0.09, 24.93, -7.02 	0.00, -0.00 	13,22,36,504		5.99,2.38	1000,1 	0
3358    	24.11, -5.21, -8.92 	-0.10, 24.92, -7.02 	0.00, -0.00 	13,22,36,513		1.38,2.04	1000,1 	0
3367    	24.12, -5.22, -8.91 	-0.09, 24.93, -7.02 	0.00, -0.00 	13,22,36,523		2.05,2.04	1000,1 	0
3376    	24.09, -5.23, -8.92 	-0.09, 24.93, -7.02 	0.00, -0.00 	13,22,36,533		5.13,0.00	1000,1 	0
3386    	24.12, -5.22, -8.92 	-0.09, 24.92, -7.03 	0.00, -0.00 	13,22,36,544		5.13,1.78	1000,1 	0
3393    	24.12, -5.24, -8.91 	-0.09, 24.93, -7.03 	0.00, -0.00 	13,22,36,552		4.26,2.14	1000,1 	0
3402    	24.09, -5.26, -8.90 	-0.09, 24.93, -7.02 	0.00, -0.00 	13,22,36,562		5.99,0.00	1000,1 	0
3411    	24.08, -5.25, -8.92 	-0.09, 24.93, -7.02 	0.00, -0.00 	13,22,36,572		2.39,0.00	1000,1 	0
3419    	24.08, -5.27, -8.89 	-0.09, 24.93, -7.02 	0.00, -0.00 	13,22,36,581		3.55,0.00	1000,1 	0
3428    	24.06, -5.30, -8.89 	-0.08, 24.92, -7.02 	0.00, -0.00 	13,22,36,591		4.79,2.42	1000,1 	0
3437    	24.07, -5.29, -8.89 	-0.09, 24.93, -7.02 	0.00, -0.00 	13,22,36,601		2.39,2.42	1000,1 	0
3445    	24.06, -5.31, -8.91 	-0.09, 24.93, -7.02 	0.00, -0.00 	13,22,36,610		3.90,0.00	1000,1 	0
3454    	24.07, -5.31, -8.91 	-0.10, 24.93, -7.02 	0.00, -0.00 	13,22,36,620		1.38,1.37	1000,1 	0
3463    	24.06, -5.33, -8.92 	-0.09, 24.94, -7.02 	0.00, -0.00 	13,22,36,630		3.90,2.38	1000,1 	0
3471    	24.07, -5.32, -8.92 	-0.10, 24.94, -7.02 	0.00, -0.00 	13,22,36,639		2.39,1.60	1000,1 	0
3480    	24.06, -5.33, -8.92 	-0.09, 24.94, -7.02 	0.00, -0.00 	13,22,36,649		2.05,1.37	1000,1 	0
3489    	24.06, -5.33, -8.90 	-0.08, 24.94, -7.02 	0.00, -0.00 	13,22,36,659		0.00,1.37	1000,1 	0
3497    	24.06, -5.35, -8.90 	-0.08, 24.94, -7.02 	0.00, -0.00 	13,22,36,668		3.04,0.00	1000,1 	0
3506    	24.06, -5.37, -8.89 	-0.07, 24.96, -7.03 	0.00, -0.00 	13,22,36,678		3.04,2.04	1000,1 	0
3515    	24.06, -5.36, -8.89 	-0.08, 24.94, -7.02 	0.00, -0.00 	13,22,36,688		1.52,2.04	1000,1 	0
3523    	24.02, -5.36, -8.90 	-0.09, 24.94, -7.02 	0.00, -0.00 	13,22,36,697		5.50,1.37	1000,1 	0
3532    	24.02, -5.35, -8.91 	-0.09, 24.94, -7.02 	0.00, -0.00 	13,22,36,707		1.52,0.00	1000,1 	0
3541    	24.02, -5.38, -8.90 	-0.09, 24.94, -7.02 	0.00, -0.00 	13,22,36,717		4.00,0.00	1000,1 	0
3549    	24.01, -5.37, -8.92 	-0.08, 24.96, -7.03 	0.00, -0.00 	13,22,36,726		2.05,2.04	1000,1 	0
3558    	24.01, -5.36, -8.91 	-0.09, 24.94, -7.02 	0.00, -0.00 	13,22,36,736		1.52,2.04	1000,1 	0
3567    	24.00, -5.37, -8.91 	-0.08, 24.94, -7.02 	0.00, -0.00 	13,22,36,746		3.15,1.37	1000,1 	0
3577    	24.00, -5.38, -8.92 	-0.08, 24.96, -7.02 	0.00, -0.00 	13,22,36,757		1.52,1.53	1000,1 	0
3584    	24.03, -5.38, -8.91 	-0.08, 24.96, -7.02 	0.00, -0.00 	13,22,36,765		7.71,0.00	1000,1 	0
3593    	24.00, -5.38, -8.92 	-0.08, 24.96, -7.02 	0.00, -0.00 	13,22,36,775		4.13,0.00	1000,1 	0
3602    	24.00, -5.40, -8.92 	-0.08, 24.96, -7.02 	0.00, -0.00 	13,22,36,785		3.34,0.00	1000,1 	0
3610    	24.02, -5.38, -8.92 	-0.08, 24.97, -7.02 	0.00, -0.00 	13,22,36,794		5.13,1.53	1000,1 	0
3619    	24.03, -5.39, -8.91 	-0.07, 24.97, -7.02 	0.00, -0.00 	13,22,36,804		2.05,1.37	1000,1 	0
3628    	24.03, -5.39, -8.91 	-0.07, 24.97, -7.02 	0.00, -0.00 	13,22,36,814		0.00,0.00	1000,1 	0
3636    	24.02, -5.40, -8.92 	-0.07, 24.97, -7.03 	0.00, -0.00 	13,22,36,823		2.05,0.00	1000,1 	0
3645    	24.02, -5.40, -8.91 	-0.08, 24.96, -7.02 	0.00, -0.00 	13,22,36,833		0.00,2.04	1000,1 	0
3654    	24.02, -5.40, -8.92 	-0.07, 24.97, -7.03 	0.00, -0.00 	13,22,36,843		0.00,2.04	1000,1 	0
3662    	24.04, -5.39, -8.93 	-0.07, 24.97, -7.03 	0.00, -0.00 	13,22,36,852		3.15,0.00	1000,1 	0
3671    	24.04, -5.40, -8.92 	-0.07, 24.97, -7.03 	0.00, -0.00 	13,22,36,862		1.52,0.00	1000,1 	0
3682    	24.04, -5.41, -8.90 	-0.07, 24.97, -7.03 	0.00, -0.00 	13,22,36,873		1.52,0.00	1000,1 	0
3689    	24.05, -5.40, -8.90 	-0.07, 24.98, -7.03 	0.00, -0.00 	13,22,36,881		2.87,2.14	1000,1 	0
3698    	24.03, -5.42, -8.92 	-0.07, 24.97, -7.03 	0.00, -0.00 	13,22,36,891		4.79,1.78	1000,1 	0
3707    	24.02, -5.43, -8.91 	-0.06, 24.97, -7.03 	0.00, -0.00 	13,22,36,901		2.39,1.60	1000,1 	0
3715    	24.04, -5.40, -8.91 	-0.06, 24.97, -7.02 	0.00, -0.00 	13,22,36,910		6.22,0.00	1000,1 	0
3724    	24.04, -5.39, -8.92 	-0.06, 24.98, -7.03 	0.00, -0.00 	13,22,36,920		1.78,1.78	1000,1 	0
3733    	24.03, -5.40, -8.92 	-0.06, 24.97, -7.02 	0.00, -0.00 	13,22,36,930		2.05,1.53	1000,1 	0
3741    	24.04, -5.42, -8.91 	-0.06, 24.97, -7.02 	0.00, -0.00 	13,22,36,939		3.90,0.00	1000,1 	0
3750    	24.04, -5.42, -8.91 	-0.06, 24.96, -7.02 	0.00, -0.00 	13,22,36,949		0.00,1.78	1000,1 	0
3759    	24.03, -5.40, -8.92 	-0.06, 24.97, -7.02 	0.00, -0.00 	13,22,36,959		3.90,1.78	1000,1 	0
3768    	24.03, -5.41, -8.92 	-0.06, 24.97, -7.02 	0.00, -0.00 	13,22,36,969		1.78,0.00	1000,1 	0
3776    	24.01, -5.42, -8.92 	-0.07, 24.97, -7.02 	0.00, -0.00 	13,22,36,978		4.40,1.92	1000,1 	0
3785    	24.03, -5.42, -8.91 	-0.06, 24.97, -7.02 	0.00, -0.00 	13,22,36,988		3.21,1.60	1000,1 	0
3795    	24.02, -5.41, -8.92 	-0.07, 24.97, -7.02 	0.00, -0.00 	13,22,36,999		2.39,1.60	1000,1 	0
3802    	24.00, -5.42, -8.91 	-0.07, 24.96, -7.02 	0.00, -0.00 	13,22,37,7		5.51,2.67	1000,1 	0
3811    	24.01, -5.42, -8.91 	-0.06, 24.96, -7.02 	0.00, -0.00 	13,22,37,17		1.61,1.60	1000,1 	0
3820    	24.01, -5.43, -8.91 	-0.06, 24.96, -7.02 	0.00, -0.00 	13,22,37,27		1.78,0.00	1000,1 	0
3828    	24.00, -5.45, -8.91 	-0.07, 24.96, -7.02 	0.00, -0.00 	13,22,37,36		2.40,1.60	1000,1 	0
3837    	23.99, -5.43, -8.91 	-0.06, 24.97, -7.01 	0.00, -0.00 	13,22,37,46		2.39,2.38	1000,1 	0
3846    	24.01, -5.45, -8.91 	-0.07, 24.96, -7.02 	0.00, -0.00 	13,22,37,56		3.67,2.38	1000,1 	0
3854    	24.00, -5.45, -8.92 	-0.07, 24.96, -7.02 	0.00, -0.00 	13,22,37,65		1.61,0.00	1000,1 	0
3863    	24.01, -5.45, -8.92 	-0.07, 24.97, -7.02 	0.00, -0.00 	13,22,37,75		1.61,1.78	1000,1 	0
3872    	23.99, -5.46, -8.93 	-0.07, 24.96, -7.02 	0.00, -0.00 	13,22,37,85		3.67,1.78	1000,1 	0
3880    	24.00, -5.46, -8.92 	-0.07, 24.96, -7.02 	0.00, -0.00 	13,22,37,94		1.61,0.00	1000,1 	0
3889    	24.00, -5.46, -8.93 	-0.08, 24.96, -7.02 	0.00, -0.00 	13,22,37,104		0.00,1.60	1000,1 	0
3898    	24.01, -5.45, -8.92 	-0.07, 24.97, -7.02 	0.00, -0.00 	13,22,37,114		2.39,2.38	1000,1 	0
3906    	24.01, -5.45, -8.92 	-0.07, 24.97, -7.02 	0.00, -0.00 	13,22,37,123		0.00,0.00	1000,1 	0
3915    	24.01, -5.45, -8.92 	-0.06, 24.97, -7.02 	0.00, -0.00 	13,22,37,133		0.00,1.60	1000,1 	0
3924    	24.04, -5.45, -8.91 	-0.06, 24.98, -7.02 	0.00, -0.00 	13,22,37,143		4.82,1.78	1000,1 	0
3933    	24.04, -5.45, -8.90 	-0.06, 24.97, -7.02 	0.00, -0.00 	13,22,37,153		0.00,1.78	1000,1 	0
3941    	24.04, -5.45, -8.90 	-0.05, 24.97, -7.02 	0.00, -0.00 	13,22,37,162		0.00,1.92	1000,1 	0
3950    	24.05, -5.46, -8.91 	-0.06, 24.98, -7.02 	0.00, -0.00 	13,22,37,172		1.80,1.81	1000,1 	0
3960    	24.07, -5.43, -8.90 	-0.05, 24.98, -7.02 	0.00, -0.00 	13,22,37,183		4.11,1.37	0,0 	0
3967    	24.06, -5.46, -8.90 	-0.05, 24.98, -7.02 	0.00, -0.00 	13,22,37,191		4.68,0.00	0,0 	0
3976    	24.05, -5.46, -8.91 	-0.06, 24.98, -7.02 	0.00, -0.00 	13,22,37,201		1.38,1.37	0,0 	0
3985    	24.00, -5.47, -8.91 	-0.06, 24.99, -7.02 	0.00, -0.00 	13,22,37,211		7.05,1.53	0,0 	0
3993    	23.99, -5.48, -8.91 	-0.06, 24.99, -7.02 	0.00, -0.00 	13,22,37,220		2.05,0.00	0,0 	0
4002    	23.99, -5.48, -8.92 	-0.05, 24.99, -7.03 	0.00, -0.00 	13,22,37,230		1.38,1.37	0,0 	0
4011    	23.99, -5.49, -8.90 	-0.04, 24.98, -7.03 	0.00, -0.00 	13,22,37,240		2.05,2.07	0,0 	0
4019    	24.00, -5.48, -8.91 	-0.04, 24.98, -7.02 	0.00, -0.00 	13,22,37,249		2.05,0.00	0,0 	0
4028    	24.00, -5.48, -8.91 	-0.05, 24.99, -7.02 	0.00, -0.00 	13,22,37,259		0.00,2.07	0,0 	0
4037    	24.00, -5.48, -8.91 	-0.04, 24.99, -7.02 	0.00, -0.00 	13,22,37,269		0.00,1.37	0,0 	0
4045    	24.00, -5.49, -8.91 	-0.04, 24.99, -7.03 	0.00, -0.00 	13,22,37,278		1.52,0.00	0,0 	0
4054    	24.00, -5.49, -8.91 	-0.02, 24.99, -7.02 	0.00, -0.00 	13,22,37,288		0.00,2.75	0,0 	0
4063    	24.01, -5.49, -8.90 	-0.03, 24.99, -7.03 	0.00, -0.00 	13,22,37,298		1.38,1.37	0,0 	0
4071    	24.00, -5.49, -8.90 	-0.03, 25.00, -7.02 	0.00, -0.00 	13,22,37,307		1.38,1.53	0,0 	0
4080    	24.03, -5.48, -8.91 	-0.03, 25.00, -7.03 	0.00, -0.00 	13,22,37,317		4.40,0.00	0,0 	0
4089    	24.02, -5.48, -8.92 	-0.02, 25.00, -7.02 	0.00, -0.00 	13,22,37,327		1.38,1.37	0,0 	0
4097    	24.02, -5.48, -8.91 	-0.00, 24.99, -7.03 	0.00, -0.00 	13,22,37,336		0.00,3.17	0,0 	0
4106    	24.00, -5.51, -8.91 	-0.00, 25.00, -7.02 	0.00, -0.00 	13,22,37,346		5.33,1.53	0,0 	0
4115    	24.01, -5.50, -8.92 	0.01, 25.00, -7.03 	0.00, -0.00 	13,22,37,356		1.80,1.20	0,0 	0
4124    	24.02, -5.52, -8.91 	0.03, 24.99, -7.02 	0.00, -0.00 	13,22,37,366		3.34,3.17	0,0 	0
4132    	24.02, -5.52, -8.91 	0.03, 24.99, -7.02 	0.00, -0.00 	13,22,37,375		0.00,0.00	0,0 	0
4141    	24.01, -5.53, -8.89 	0.04, 24.99, -7.02 	0.00, -0.00 	13,22,37,385		2.05,1.37	0,0 	0
4151    	24.01, -5.51, -8.90 	0.04, 24.99, -7.02 	0.00, -0.00 	13,22,37,396		3.04,0.00	0,0 	0
4158    	24.00, -5.49, -8.92 	0.04, 24.99, -7.02 	0.00, -0.00 	13,22,37,404		3.90,0.00	0,0 	0
4167    	23.99, -5.50, -8.91 	0.04, 24.98, -7.02 	0.00, -0.00 	13,22,37,414		2.05,1.53	0,0 	0
4176    	23.98, -5.52, -8.92 	0.05, 24.98, -7.02 	0.00, -0.00 	13,22,37,424		4.11,1.37	0,0 	0
4184    	23.98, -5.52, -8.91 	0.06, 24.98, -7.03 	0.00, -0.00 	13,22,37,433		0.00,1.37	0,0 	0
4193    	23.99, -5.53, -8.91 	0.07, 24.98, -7.03 	0.00, -0.00 	13,22,37,443		2.05,1.37	0,0 	0
4202    	24.01, -5.53, -8.90 	0.08, 24.98, -7.03 	0.00, -0.00 	13,22,37,453		4.13,1.37	0,0 	0
4210    	24.01, -5.54, -8.89 	0.10, 24.95, -7.02 	0.00, -0.00 	13,22,37,462		1.52,4.14	0,0 	0
4219    	24.04, -5.52, -8.90 	0.11, 24.93, -7.02 	0.00, -0.00 	13,22,37,472		5.13,3.37	0,0 	0
4228    	24.04, -5.52, -8.90 	0.11, 24.93, -7.02 	0.00, -0.00 	13,22,37,482		0.00,0.00	0,0 	0
4236    	24.03, -5.51, -8.90 	0.12, 24.90, -7.02 	0.00, -0.00 	13,22,37,491		2.05,4.80	0,0 	0
4245    	24.01, -5.55, -8.90 	0.13, 24.88, -7.01 	0.00, -0.00 	13,22,37,501		6.68,3.37	0,0 	0
4254    	24.03, -5.54, -8.90 	0.14, 24.85, -7.00 	0.00, -0.00 	13,22,37,511		3.15,5.38	0,0 	0
4262    	24.00, -5.59, -8.90 	0.16, 24.82, -7.00 	0.00, -0.00 	13,22,37,520		8.66,4.14	0,0 	0
4271    	24.02, -5.56, -8.91 	0.18, 24.78, -7.00 	0.00, -0.00 	13,22,37,530		5.33,6.74	0,0 	0
4280    	24.02, -5.56, -8.92 	0.20, 24.72, -7.00 	0.00, -0.00 	13,22,37,540		0.00,9.61	0,0 	0
4288    	24.00, -5.61, -8.91 	0.22, 24.64, -6.99 	0.00, -0.00 	13,22,37,549		6.68,11.08	0,0 	0
4297    	24.00, -5.61, -8.90 	0.26, 24.57, -6.99 	0.00, -0.00 	13,22,37,559		0.00,12.10	0,0 	0
4306    	24.05, -5.59, -8.93 	0.27, 24.45, -6.97 	0.00, -0.00 	13,22,37,569		6.17,14.77	0,0 	0
4315    	24.11, -5.58, -8.91 	0.29, 24.36, -6.97 	0.00, -0.00 	13,22,37,579		8.40,12.57	0,0 	0
4323    	24.10, -5.63, -8.91 	0.31, 24.24, -6.97 	0.00, -0.00 	13,22,37,588		7.28,21.67	0,0 	0
4332    	24.12, -5.67, -8.89 	0.33, 24.11, -6.96 	0.00, -0.00 	13,22,37,598		6.68,18.57	0,0 	0
4342    	24.12, -5.76, -8.90 	0.34, 23.99, -6.95 	0.00, -0.00 	13,22,37,609		13.70,16.88	0,0 	0
4349    	24.19, -5.77, -8.91 	0.38, 23.85, -6.93 	0.00, -0.00 	13,22,37,617		11.24,24.13	0,0 	0
4358    	24.29, -5.80, -8.91 	0.42, 23.67, -6.92 	0.00, -0.00 	13,22,37,627		15.81,26.62	0,0 	0
4367    	24.32, -5.90, -8.91 	0.46, 23.48, -6.91 	0.00, -0.00 	13,22,37,637		15.77,28.12	0,0 	0
4375    	24.39, -5.96, -8.89 	0.47, 23.26, -6.89 	0.00, -0.00 	13,22,37,646		12.27,30.60	0,0 	0
4384    	24.48, -6.10, -8.89 	0.52, 23.05, -6.88 	0.00, -0.00 	13,22,37,656		23.34,31.41	0,0 	0
4393    	24.67, -6.27, -8.85 	0.56, 22.83, -6.87 	0.00, -0.00 	13,22,37,666		36.74,31.12	0,0 	0
4401    	24.77, -6.51, -8.83 	0.62, 22.62, -6.87 	0.00, -0.00 	13,22,37,675		38.13,31.76	0,0 	0
4410    	24.90, -6.80, -8.78 	0.65, 22.36, -6.85 	0.00, -0.00 	13,22,37,685		44.81,36.95	0,0 	0
4419    	24.97, -7.05, -8.77 	0.67, 22.07, -6.82 	0.00, -0.00 	13,22,37,695		37.77,41.37	0,0 	0
4427    	25.15, -7.18, -8.76 	0.71, 21.77, -6.80 	0.00, -0.00 	13,22,37,704		31.89,43.20	0,0 	0
4436    	25.25, -7.29, -8.74 	0.76, 21.47, -6.80 	0.00, -0.00 	13,22,37,714		21.46,43.20	0,0 	0
4445    	25.41, -7.34, -8.73 	0.77, 21.11, -6.78 	0.00, -0.00 	13,22,37,724		23.29,51.97	0,0 	0
4453    	25.52, -7.42, -8.73 	0.78, 20.75, -6.78 	0.00, -0.00 	13,22,37,733		19.65,51.97	0,0 	0
4462    	25.69, -7.52, -8.73 	0.79, 20.42, -6.79 	0.00, -0.00 	13,22,37,743		27.90,47.39	0,0 	0
4471    	25.84, -7.66, -8.72 	0.84, 20.07, -6.77 	0.00, -0.00 	13,22,37,753		29.59,49.46	0,0 	0
4479    	26.00, -7.81, -8.70 	0.89, 19.71, -6.76 	0.00, -0.00 	13,22,37,762		30.63,52.49	0,0 	0
4488    	26.09, -7.94, -8.68 	0.93, 19.34, -6.74 	0.00, -0.00 	13,22,37,772		22.86,52.30	0,0 	0
4497    	26.11, -8.08, -8.67 	0.94, 18.96, -6.74 	0.00, -0.00 	13,22,37,782		17.48,48.11	0,0 	0
4506    	26.19, -8.17, -8.65 	0.97, 18.57, -6.74 	0.00, -0.00 	13,22,37,792		17.57,55.20	0,0 	0
4514    	26.26, -8.26, -8.61 	1.01, 18.23, -6.77 	0.00, -0.00 	13,22,37,801		18.11,57.48	0,0 	0
4523    	26.28, -8.37, -8.63 	1.05, 17.90, -6.80 	0.00, -0.00 	13,22,37,811		15.77,47.75	0,0 	0
4533    	26.37, -8.41, -8.64 	1.04, 17.57, -6.83 	0.00, -0.00 	13,22,37,822		13.80,47.35	0,0 	0
4540    	26.47, -8.42, -8.69 	1.02, 17.24, -6.88 	0.00, -0.00 	13,22,37,830		16.15,55.38	0,0 	0
4549    	26.59, -8.47, -8.68 	1.03, 16.93, -6.92 	0.00, -0.00 	13,22,37,840		19.44,44.34	0,0 	0
4558    	26.73, -8.56, -8.70 	1.07, 16.62, -6.97 	0.00, -0.00 	13,22,37,850		22.79,44.72	0,0 	0
4566    	26.93, -8.59, -8.67 	1.06, 16.28, -7.01 	0.00, -0.00 	13,22,37,859		29.26,48.87	0,0 	0
4576    	27.04, -8.62, -8.70 	1.00, 15.90, -7.02 	0.00, -0.00 	13,22,37,869		15.81,54.17	0,0 	0
4585    	27.18, -8.62, -8.71 	0.99, 15.54, -7.04 	0.00, -0.00 	13,22,37,879		24.08,60.58	0,0 	0
4593    	27.35, -8.72, -8.69 	0.95, 15.21, -7.08 	0.00, -0.00 	13,22,37,888		33.02,55.51	0,0 	0
4602    	27.44, -8.77, -8.69 	0.95, 14.90, -7.12 	0.00, -0.00 	13,22,37,898		16.95,51.68	0,0 	0
4611    	27.52, -8.96, -8.68 	0.98, 14.57, -7.17 	0.00, -0.00 	13,22,37,908		34.44,55.38	0,0 	0
4619    	27.56, -9.03, -8.71 	0.95, 14.18, -7.18 	0.00, -0.00 	13,22,37,917		13.34,64.26	0,0 	0
4628    	27.62, -9.09, -8.71 	0.96, 13.83, -7.19 	0.00, -0.00 	13,22,37,927		14.36,58.85	0,0 	0
4637    	27.74, -9.20, -8.71 	0.98, 13.44, -7.20 	0.00, -0.00 	13,22,37,937		26.19,64.28	0,0 	0
4645    	27.90, -9.37, -8.71 	1.00, 13.03, -7.19 	0.00, -0.00 	13,22,37,946		39.38,69.54	0,0 	0
4654    	28.00, -9.47, -8.73 	0.98, 12.58, -7.21 	0.00, -0.00 	13,22,37,956		23.93,74.86	0,0 	0
4663    	28.15, -9.61, -8.75 	0.98, 12.16, -7.18 	0.00, -0.00 	13,22,37,966		34.53,69.50	0,0 	0
4672    	28.32, -9.77, -8.72 	1.03, 11.75, -7.16 	0.00, -0.00 	13,22,37,976		38.13,68.31	0,0 	0
4680    	28.41, -9.91, -8.75 	1.09, 11.38, -7.14 	0.00, -0.00 	13,22,37,985		33.73,75.90	0,0 	0
4689    	28.51, -10.11, -8.69 	1.16, 11.01, -7.16 	0.00, -0.00 	13,22,37,995		37.35,61.78	0,0 	0
4698    	28.58, -10.27, -8.67 	1.19, 10.64, -7.19 	0.00, -0.00 	13,22,38,5		29.56,62.50	0,0 	0
4706    	28.66, -10.47, -8.68 	1.24, 10.27, -7.20 	0.00, -0.00 	13,22,38,14		41.33,75.60	0,0 	0
4715    	28.68, -10.59, -8.68 	1.26, 9.87, -7.22 	0.00, -0.00 	13,22,38,24		21.55,66.06	0,0 	0
4725    	28.75, -10.80, -8.66 	1.25, 9.49, -7.19 	0.00, -0.00 	13,22,38,35		35.55,64.15	0,0 	0
4732    	28.90, -10.84, -8.67 	1.29, 9.14, -7.16 	0.00, -0.00 	13,22,38,43		31.98,68.97	0,0 	0
4741    	29.06, -10.94, -8.66 	1.38, 8.82, -7.19 	0.00, -0.00 	13,22,38,53		31.62,55.58	0,0 	0
4750    	29.24, -11.10, -8.64 	1.49, 8.44, -7.19 	0.00, -0.00 	13,22,38,63		39.29,66.79	0,0 	0
4758    	29.32, -11.30, -8.57 	1.57, 8.04, -7.15 	0.00, -0.00 	13,22,38,72		36.69,67.36	0,0 	0
4767    	29.36, -11.40, -8.63 	1.53, 7.59, -7.06 	0.00, -0.00 	13,22,38,82		18.88,75.15	0,0 	0
4776    	29.45, -11.47, -8.59 	1.57, 7.15, -6.98 	0.00, -0.00 	13,22,38,92		17.95,73.44	0,0 	0
4784    	29.60, -11.56, -8.53 	1.54, 6.75, -6.93 	0.00, -0.00 	13,22,38,101		30.25,67.81	0,0 	0
4793    	29.60, -11.67, -8.56 	1.49, 6.33, -6.92 	0.00, -0.00 	13,22,38,111		17.76,70.01	0,0 	0
4802    	29.62, -11.77, -8.54 	1.47, 6.00, -6.94 	0.00, -0.00 	13,22,38,121		16.30,55.28	0,0 	0
4810    	29.61, -11.81, -8.60 	1.46, 5.76, -7.01 	0.00, -0.00 	13,22,38,130		7.28,39.21	0,0 	0
4819    	29.81, -11.81, -8.60 	1.53, 5.44, -7.03 	0.00, -0.00 	13,22,38,140		32.11,54.79	0,0 	0
4828    	29.87, -11.88, -8.61 	1.64, 5.14, -7.07 	0.00, -0.00 	13,22,38,150		16.75,53.17	0,0 	0
4836    	30.00, -11.99, -8.57 	1.70, 4.88, -7.09 	0.00, -0.00 	13,22,38,159		27.39,43.98	0,0 	0
4845    	30.00, -12.05, -8.57 	1.67, 4.63, -7.08 	0.00, -0.00 	13,22,38,169		10.65,42.96	0,0 	0
4854    	30.08, -12.14, -8.52 	1.67, 4.39, -7.08 	0.00, -0.00 	13,22,38,179		20.26,39.20	0,0 	0
4863    	30.15, -12.17, -8.48 	1.66, 4.16, -7.11 	0.00, -0.00 	13,22,38,189		12.43,39.21	0,0 	0
4871    	30.13, -12.25, -8.51 	1.72, 3.94, -7.15 	0.00, -0.00 	13,22,38,198		15.41,44.47	0,0 	0
4880    	30.21, -12.27, -8.49 	1.64, 3.70, -7.16 	0.00, -0.00 	13,22,38,208		11.42,37.07	0,0 	0
4889    	30.21, -12.32, -8.52 	1.56, 3.46, -7.16 	0.00, -0.00 	13,22,38,218		8.88,41.06	0,0 	0
4897    	30.26, -12.41, -8.48 	1.46, 3.24, -7.18 	0.00, -0.00 	13,22,38,227		16.31,41.13	0,0 	0
4906    	30.22, -12.49, -8.49 	1.40, 3.03, -7.19 	0.00, -0.00 	13,22,38,237		15.59,36.77	0,0 	0
4916    	30.22, -12.56, -8.48 	1.35, 2.85, -7.20 	0.00, -0.00 	13,22,38,248		10.65,31.65	0,0 	0
4923    	30.18, -12.57, -8.49 	1.30, 2.67, -7.25 	0.00, -0.00 	13,22,38,256		8.00,35.40	0,0 	0
4932    	30.32, -12.51, -8.51 	1.30, 2.49, -7.29 	0.00, -0.00 	13,22,38,266		24.17,30.29	0,0 	0
4941    	30.33, -12.53, -8.52 	1.37, 2.34, -7.34 	0.00, -0.00 	13,22,38,276		4.79,27.51	0,0 	0
4949    	30.33, -12.58, -8.50 	1.42, 2.21, -7.40 	0.00, -0.00 	13,22,38,285		7.10,22.95	0,0 	0
4958    	30.35, -12.58, -8.48 	1.32, 1.99, -7.41 	0.00, -0.00 	13,22,38,295		3.21,40.49	0,0 	0
4967    	30.36, -12.64, -8.46 	1.19, 1.81, -7.42 	0.00, -0.00 	13,22,38,305		10.77,37.43	0,0 	0
4975    	30.32, -12.75, -8.46 	1.08, 1.65, -7.43 	0.00, -0.00 	13,22,38,314		19.49,32.70	0,0 	0
4984    	30.36, -12.78, -8.48 	0.99, 1.53, -7.49 	0.00, -0.00 	13,22,38,324		9.63,24.17	0,0 	0
4993    	30.32, -12.79, -8.49 	0.92, 1.43, -7.51 	0.00, -0.00 	13,22,38,334		6.66,20.92	0,0 	0
5002    	30.33, -12.79, -8.50 	0.87, 1.36, -7.58 	0.00, -0.00 	13,22,38,344		1.61,14.28	0,0 	0
5010    	30.37, -12.82, -8.49 	0.78, 1.32, -7.64 	0.00, -0.00 	13,22,38,353		10.01,19.20	0,0 	0
5019    	30.38, -12.86, -8.49 	0.75, 1.30, -7.69 	0.00, -0.00 	13,22,38,363		7.28,5.94	0,0 	0
5028    	30.32, -12.90, -8.49 	0.67, 1.30, -7.73 	0.00, -0.00 	13,22,38,373		11.01,12.83	0,0 	0
5036    	30.32, -12.89, -8.48 	0.65, 1.29, -7.75 	0.00, -0.00 	13,22,38,382		2.13,6.13	0,0 	0
5045    	30.33, -12.92, -8.46 	0.54, 1.27, -7.75 	0.00, -0.00 	13,22,38,392		4.77,15.38	0,0 	0
