#Time 	Sensor1         Sensor2         Target          Time            Vel             
#================================================================

10      	29.93, -14.82, -7.29 	-0.16, 0.59, -6.61 	-12.99, 7.50 	13,23,46,979		0.00,0.00	0,0 	0
15      	29.94, -14.86, -7.28 	-0.21, 0.58, -6.61 	-12.99, 7.50 	13,23,46,989		6.68,9.83	0,0 	0
24      	29.90, -14.87, -7.26 	-0.19, 0.57, -6.60 	-12.99, 7.50 	13,23,46,999		4.44,2.46	0,0 	0
32      	29.90, -14.86, -7.25 	-0.19, 0.58, -6.60 	-12.99, 7.50 	13,23,47,8		1.33,1.34	0,0 	0
41      	29.87, -14.89, -7.26 	-0.17, 0.59, -6.61 	-12.99, 7.50 	13,23,47,18		4.79,2.43	0,0 	0
50      	29.87, -14.89, -7.26 	-0.15, 0.59, -6.61 	-12.99, 7.50 	13,23,47,28		0.00,2.14	0,0 	0
59      	29.83, -14.92, -7.25 	-0.19, 0.58, -6.59 	-12.99, 7.50 	13,23,47,38		5.56,4.42	0,0 	0
67      	29.83, -14.90, -7.26 	-0.17, 0.60, -6.61 	-12.99, 7.50 	13,23,47,47		2.66,3.57	0,0 	0
76      	29.86, -14.90, -7.28 	-0.19, 0.59, -6.60 	-12.99, 7.50 	13,23,47,57		3.21,2.43	0,0 	0
85      	29.91, -14.88, -7.28 	-0.20, 0.60, -6.61 	-12.99, 7.50 	13,23,47,67		5.85,1.61	0,0 	0
93      	29.90, -14.89, -7.28 	-0.19, 0.61, -6.61 	-12.99, 7.50 	13,23,47,76		1.80,1.78	0,0 	0
102     	29.95, -14.90, -7.26 	-0.20, 0.62, -6.60 	-12.99, 7.50 	13,23,47,86		5.48,1.61	0,0 	0
111     	29.93, -14.93, -7.25 	-0.23, 0.61, -6.60 	-12.99, 7.50 	13,23,47,96		4.15,3.40	0,0 	0
119     	29.89, -14.95, -7.26 	-0.21, 0.59, -6.61 	-12.99, 7.50 	13,23,47,105		5.51,3.62	0,0 	0
128     	29.88, -14.94, -7.27 	-0.22, 0.59, -6.60 	-12.99, 7.50 	13,23,47,115		1.60,1.07	0,0 	0
137     	29.88, -14.95, -7.27 	-0.21, 0.59, -6.62 	-12.99, 7.50 	13,23,47,125		1.18,1.07	0,0 	0
145     	29.90, -14.98, -7.23 	-0.25, 0.61, -6.61 	-12.99, 7.50 	13,23,47,134		4.66,5.54	0,0 	0
154     	29.89, -14.96, -7.25 	-0.25, 0.61, -6.60 	-12.99, 7.50 	13,23,47,144		2.60,0.00	0,0 	0
163     	29.89, -14.96, -7.24 	-0.24, 0.62, -6.63 	-12.99, 7.50 	13,23,47,154		0.00,1.59	0,0 	0
171     	29.94, -14.96, -7.25 	-0.23, 0.63, -6.62 	-12.99, 7.50 	13,23,47,163		6.02,1.78	0,0 	0
180     	29.97, -14.94, -7.25 	-0.25, 0.65, -6.64 	-12.99, 7.50 	13,23,47,173		3.99,2.46	0,0 	0
189     	29.95, -14.91, -7.24 	-0.23, 0.66, -6.63 	-12.99, 7.50 	13,23,47,183		4.15,2.43	0,0 	0
197     	29.98, -14.89, -7.24 	-0.23, 0.66, -6.64 	-12.99, 7.50 	13,23,47,192		4.49,0.00	0,0 	0
206     	29.98, -14.94, -7.25 	-0.21, 0.67, -6.63 	-12.99, 7.50 	13,23,47,201		5.92,2.43	0,0 	0
215     	30.01, -14.91, -7.29 	-0.24, 0.66, -6.63 	-12.99, 7.50 	13,23,47,211		5.56,3.40	0,0 	0
223     	30.02, -14.89, -7.28 	-0.25, 0.68, -6.61 	-12.99, 7.50 	13,23,47,220		2.92,2.95	0,0 	0
232     	30.02, -14.90, -7.28 	-0.24, 0.66, -6.62 	-12.99, 7.50 	13,23,47,230		1.18,2.62	0,0 	0
241     	29.98, -14.92, -7.27 	-0.24, 0.66, -6.61 	-12.99, 7.50 	13,23,47,240		5.85,0.00	0,0 	0
250     	29.98, -14.92, -7.29 	-0.23, 0.65, -6.61 	-12.99, 7.50 	13,23,47,250		0.00,1.61	0,0 	0
258     	29.97, -14.92, -7.29 	-0.25, 0.67, -6.62 	-12.99, 7.50 	13,23,47,259		1.20,3.62	0,0 	0
267     	29.96, -14.88, -7.30 	-0.26, 0.69, -6.63 	-12.99, 7.50 	13,23,47,269		4.85,2.62	0,0 	0
276     	29.96, -14.88, -7.29 	-0.26, 0.71, -6.62 	-12.99, 7.50 	13,23,47,279		0.00,2.38	0,0 	0
284     	29.99, -14.85, -7.30 	-0.24, 0.70, -6.64 	-12.99, 7.50 	13,23,47,288		6.26,2.77	0,0 	0
293     	29.99, -14.85, -7.28 	-0.24, 0.72, -6.65 	-12.99, 7.50 	13,23,47,298		0.00,2.38	0,0 	0
302     	29.99, -14.84, -7.28 	-0.27, 0.69, -6.64 	-12.99, 7.50 	13,23,47,308		1.18,4.76	0,0 	0
310     	30.00, -14.88, -7.24 	-0.29, 0.71, -6.63 	-12.99, 7.50 	13,23,47,317		5.46,4.52	0,0 	0
319     	30.02, -14.89, -7.27 	-0.33, 0.71, -6.64 	-12.99, 7.50 	13,23,47,327		2.45,4.28	0,0 	0
328     	30.02, -14.90, -7.27 	-0.32, 0.69, -6.62 	-12.99, 7.50 	13,23,47,337		1.18,2.62	0,0 	0
336     	29.97, -14.88, -7.29 	-0.30, 0.70, -6.60 	-12.99, 7.50 	13,23,47,346		7.70,2.73	0,0 	0
345     	29.95, -14.86, -7.27 	-0.32, 0.72, -6.61 	-12.99, 7.50 	13,23,47,356		3.19,3.22	0,0 	0
354     	29.98, -14.85, -7.28 	-0.31, 0.74, -6.64 	-12.99, 7.50 	13,23,47,366		4.44,2.59	0,0 	0
362     	29.99, -14.86, -7.30 	-0.32, 0.75, -6.62 	-12.99, 7.50 	13,23,47,375		1.80,1.81	0,0 	0
371     	30.02, -14.80, -7.31 	-0.31, 0.76, -6.63 	-12.99, 7.50 	13,23,47,385		6.74,1.59	0,0 	0
380     	30.08, -14.80, -7.28 	-0.32, 0.75, -6.63 	-12.99, 7.50 	13,23,47,395		6.42,1.59	0,0 	0
388     	30.07, -14.80, -7.28 	-0.31, 0.76, -6.64 	-12.99, 7.50 	13,23,47,404		1.20,1.78	0,0 	0
397     	30.08, -14.81, -7.28 	-0.30, 0.76, -6.62 	-12.99, 7.50 	13,23,47,414		1.60,1.07	0,0 	0
406     	30.08, -14.85, -7.26 	-0.33, 0.76, -6.63 	-12.99, 7.50 	13,23,47,424		3.55,3.21	0,0 	0
414     	30.06, -14.91, -7.24 	-0.33, 0.75, -6.61 	-12.99, 7.50 	13,23,47,433		8.35,1.34	0,0 	0
423     	30.06, -14.91, -7.24 	-0.38, 0.78, -6.62 	-12.99, 7.50 	13,23,47,443		0.00,5.88	0,0 	0
432     	30.06, -14.90, -7.24 	-0.38, 0.78, -6.62 	-12.99, 7.50 	13,23,47,453		1.18,0.00	0,0 	0
441     	30.06, -14.91, -7.24 	-0.37, 0.78, -6.61 	-12.99, 7.50 	13,23,47,463		1.18,1.07	0,0 	0
449     	30.05, -14.89, -7.26 	-0.37, 0.76, -6.60 	-12.99, 7.50 	13,23,47,472		2.92,1.34	0,0 	0
458     	30.14, -14.88, -7.26 	-0.36, 0.76, -6.60 	-12.99, 7.50 	13,23,47,482		9.71,1.07	0,0 	0
467     	30.18, -14.85, -7.26 	-0.38, 0.79, -6.60 	-12.99, 7.50 	13,23,47,492		5.56,3.22	0,0 	0
475     	30.22, -14.86, -7.26 	-0.37, 0.79, -6.60 	-12.99, 7.50 	13,23,47,501		5.00,1.20	0,0 	0
484     	30.22, -14.86, -7.26 	-0.39, 0.78, -6.60 	-12.99, 7.50 	13,23,47,511		0.00,2.43	0,0 	0
493     	30.22, -14.86, -7.26 	-0.39, 0.79, -6.61 	-12.99, 7.50 	13,23,47,521		0.00,1.19	0,0 	0
501     	30.21, -14.85, -7.27 	-0.39, 0.78, -6.59 	-12.99, 7.50 	13,23,47,530		1.80,1.34	0,0 	0
510     	30.21, -14.84, -7.27 	-0.40, 0.80, -6.60 	-12.99, 7.50 	13,23,47,540		1.18,2.62	0,0 	0
519     	30.21, -14.85, -7.27 	-0.39, 0.79, -6.60 	-12.99, 7.50 	13,23,47,550		1.18,1.61	0,0 	0
527     	30.21, -14.84, -7.27 	-0.40, 0.80, -6.61 	-12.99, 7.50 	13,23,47,559		1.33,1.81	0,0 	0
536     	30.20, -14.81, -7.29 	-0.41, 0.82, -6.62 	-12.99, 7.50 	13,23,47,569		2.60,2.62	0,0 	0
545     	30.19, -14.79, -7.30 	-0.41, 0.82, -6.61 	-12.99, 7.50 	13,23,47,579		2.60,0.00	0,0 	0
553     	30.20, -14.82, -7.28 	-0.41, 0.81, -6.60 	-12.99, 7.50 	13,23,47,588		4.17,1.34	0,0 	0
562     	30.20, -14.82, -7.29 	-0.41, 0.82, -6.61 	-12.99, 7.50 	13,23,47,598		0.00,1.19	0,0 	0
571     	30.17, -14.86, -7.28 	-0.44, 0.81, -6.60 	-12.99, 7.50 	13,23,47,608		4.79,3.40	0,0 	0
579     	30.13, -14.89, -7.29 	-0.45, 0.83, -6.60 	-12.99, 7.50 	13,23,47,617		6.26,2.95	0,0 	0
588     	30.13, -14.89, -7.29 	-0.43, 0.84, -6.61 	-12.99, 7.50 	13,23,47,627		0.00,2.43	0,0 	0
597     	30.13, -14.89, -7.29 	-0.44, 0.85, -6.63 	-12.99, 7.50 	13,23,47,637		0.00,1.61	0,0 	0
605     	30.17, -14.86, -7.28 	-0.44, 0.84, -6.62 	-12.99, 7.50 	13,23,47,646		6.26,1.34	0,0 	0
614     	30.13, -14.88, -7.28 	-0.44, 0.86, -6.62 	-12.99, 7.50 	13,23,47,656		4.89,2.38	0,0 	0
623     	30.13, -14.89, -7.29 	-0.44, 0.85, -6.62 	-12.99, 7.50 	13,23,47,666		1.18,1.19	0,0 	0
632     	30.12, -14.88, -7.28 	-0.45, 0.86, -6.60 	-12.99, 7.50 	13,23,47,676		1.60,1.61	0,0 	0
640     	30.17, -14.87, -7.29 	-0.44, 0.88, -6.60 	-12.99, 7.50 	13,23,47,685		6.17,2.91	0,0 	0
649     	30.17, -14.87, -7.29 	-0.45, 0.88, -6.61 	-12.99, 7.50 	13,23,47,695		0.00,1.07	0,0 	0
658     	30.13, -14.90, -7.29 	-0.45, 0.88, -6.63 	-12.99, 7.50 	13,23,47,705		5.56,0.00	0,0 	0
666     	30.13, -14.89, -7.29 	-0.46, 0.89, -6.62 	-12.99, 7.50 	13,23,47,714		1.33,1.81	0,0 	0
675     	30.13, -14.90, -7.29 	-0.45, 0.89, -6.61 	-12.99, 7.50 	13,23,47,724		1.18,1.07	0,0 	0
684     	30.13, -14.90, -7.29 	-0.50, 0.92, -6.61 	-12.99, 7.50 	13,23,47,734		0.00,5.88	0,0 	0
692     	30.10, -14.92, -7.29 	-0.50, 0.94, -6.62 	-12.99, 7.50 	13,23,47,743		4.49,2.67	0,0 	0
701     	30.09, -14.91, -7.30 	-0.49, 0.92, -6.62 	-12.99, 7.50 	13,23,47,753		1.60,2.62	0,0 	0
710     	30.02, -14.97, -7.31 	-0.48, 0.91, -6.61 	-12.99, 7.50 	13,23,47,763		10.33,1.07	0,0 	0
718     	30.02, -14.96, -7.30 	-0.49, 0.94, -6.63 	-12.99, 7.50 	13,23,47,772		1.33,2.95	0,0 	0
727     	30.01, -14.96, -7.30 	-0.47, 0.94, -6.62 	-12.99, 7.50 	13,23,47,782		1.07,2.14	0,0 	0
736     	30.08, -14.91, -7.29 	-0.48, 0.93, -6.62 	-12.99, 7.50 	13,23,47,792		9.55,1.59	0,0 	0
744     	30.08, -14.92, -7.30 	-0.47, 0.95, -6.63 	-12.99, 7.50 	13,23,47,801		1.33,2.91	0,0 	0
753     	30.08, -14.92, -7.30 	-0.51, 0.95, -6.62 	-12.99, 7.50 	13,23,47,811		0.00,4.28	0,0 	0
762     	30.10, -14.95, -7.27 	-0.53, 0.94, -6.61 	-12.99, 7.50 	13,23,47,821		4.15,2.43	0,0 	0
770     	30.11, -14.97, -7.26 	-0.57, 0.97, -6.62 	-12.99, 7.50 	13,23,47,830		2.92,7.28	0,0 	0
779     	30.12, -14.97, -7.26 	-0.56, 0.99, -6.63 	-12.99, 7.50 	13,23,47,840		1.07,3.17	0,0 	0
788     	30.12, -14.98, -7.26 	-0.56, 1.00, -6.62 	-12.99, 7.50 	13,23,47,850		1.18,1.19	0,0 	0
796     	30.11, -14.97, -7.26 	-0.58, 1.00, -6.62 	-12.99, 7.50 	13,23,47,859		1.79,2.41	0,0 	0
805     	30.08, -14.91, -7.30 	-0.58, 1.01, -6.62 	-12.99, 7.50 	13,23,47,869		7.79,1.19	0,0 	0
814     	30.08, -14.91, -7.29 	-0.61, 1.03, -6.63 	-12.99, 7.50 	13,23,47,879		0.00,4.92	0,0 	0
823     	30.09, -14.91, -7.28 	-0.62, 1.06, -6.62 	-12.99, 7.50 	13,23,47,889		1.07,2.62	0,0 	0
831     	30.09, -14.92, -7.29 	-0.62, 1.08, -6.61 	-12.99, 7.50 	13,23,47,898		1.33,2.67	0,0 	0
840     	30.08, -14.90, -7.30 	-0.64, 1.10, -6.61 	-12.99, 7.50 	13,23,47,908		2.60,3.22	0,0 	0
849     	30.03, -14.89, -7.30 	-0.66, 1.11, -6.61 	-12.99, 7.50 	13,23,47,918		5.48,2.46	0,0 	0
857     	30.03, -14.89, -7.30 	-0.69, 1.12, -6.60 	-12.99, 7.50 	13,23,47,927		0.00,3.87	0,0 	0
866     	30.05, -14.90, -7.29 	-0.74, 1.15, -6.61 	-12.99, 7.50 	13,23,47,937		2.45,6.47	0,0 	0
875     	30.08, -14.87, -7.29 	-0.76, 1.18, -6.61 	-12.99, 7.50 	13,23,47,947		4.79,4.18	0,0 	0
883     	30.03, -14.84, -7.30 	-0.76, 1.21, -6.61 	-12.99, 7.50 	13,23,47,956		7.22,2.67	0,0 	0
892     	30.04, -14.86, -7.32 	-0.78, 1.23, -6.62 	-12.99, 7.50 	13,23,47,966		2.60,3.22	0,0 	0
901     	30.04, -14.86, -7.33 	-0.80, 1.24, -6.63 	-12.99, 7.50 	13,23,47,976		0.00,2.46	0,0 	0
909     	30.08, -14.84, -7.33 	-0.80, 1.26, -6.62 	-12.99, 7.50 	13,23,47,985		5.51,2.67	0,0 	0
918     	30.06, -14.82, -7.32 	-0.82, 1.26, -6.62 	-12.99, 7.50 	13,23,47,995		2.45,2.14	0,0 	0
927     	30.06, -14.82, -7.32 	-0.82, 1.25, -6.62 	-12.99, 7.50 	13,23,48,5		0.00,1.19	0,0 	0
935     	30.07, -14.84, -7.30 	-0.81, 1.28, -6.61 	-12.99, 7.50 	13,23,48,14		1.80,4.17	0,0 	0
944     	30.07, -14.85, -7.30 	-0.84, 1.28, -6.60 	-12.99, 7.50 	13,23,48,24		1.18,3.21	0,0 	0
953     	30.08, -14.85, -7.31 	-0.88, 1.27, -6.60 	-12.99, 7.50 	13,23,48,34		1.07,4.42	0,0 	0
961     	30.08, -14.85, -7.31 	-0.89, 1.29, -6.60 	-12.99, 7.50 	13,23,48,43		0.00,2.95	0,0 	0
970     	30.03, -14.84, -7.31 	-0.89, 1.31, -6.61 	-12.99, 7.50 	13,23,48,53		5.48,2.62	0,0 	0
979     	30.03, -14.82, -7.32 	-0.91, 1.28, -6.60 	-12.99, 7.50 	13,23,48,63		1.18,4.13	0,0 	0
987     	30.03, -14.82, -7.32 	-0.92, 1.30, -6.60 	-12.99, 7.50 	13,23,48,72		0.00,2.95	0,0 	0
996     	30.03, -14.82, -7.32 	-0.94, 1.29, -6.61 	-12.99, 7.50 	13,23,48,82		0.00,2.43	0,0 	0
1005    	30.01, -14.79, -7.33 	-0.95, 1.33, -6.61 	-12.99, 7.50 	13,23,48,92		4.15,3.74	1000,1 	0
1014    	30.02, -14.79, -7.33 	-0.95, 1.33, -6.61 	-12.99, 7.50 	13,23,48,102		1.07,0.00	1000,1 	0
1022    	30.02, -14.80, -7.32 	-0.95, 1.31, -6.61 	-12.99, 7.50 	13,23,48,111		1.33,1.34	1000,1 	0
1031    	30.02, -14.82, -7.33 	-0.98, 1.34, -6.62 	-12.99, 7.50 	13,23,48,121		2.37,4.02	1000,1 	0
1040    	30.03, -14.82, -7.33 	-0.99, 1.35, -6.61 	-12.99, 7.50 	13,23,48,131		1.07,1.61	1000,1 	0
1048    	30.00, -14.86, -7.31 	-0.98, 1.34, -6.62 	-12.99, 7.50 	13,23,48,140		5.39,1.81	1000,1 	0
1057    	29.99, -14.82, -7.36 	-0.96, 1.36, -6.63 	-12.99, 7.50 	13,23,48,150		3.71,3.17	1000,1 	0
1066    	30.00, -14.84, -7.36 	-0.96, 1.36, -6.63 	-12.99, 7.50 	13,23,48,160		1.60,0.00	1000,1 	0
1074    	30.00, -14.85, -7.35 	-0.98, 1.37, -6.62 	-12.99, 7.50 	13,23,48,169		1.33,2.77	1000,1 	0
1083    	30.00, -14.87, -7.36 	-0.99, 1.38, -6.61 	-12.99, 7.50 	13,23,48,179		2.37,1.61	1000,1 	0
1092    	30.01, -14.86, -7.36 	-0.97, 1.38, -6.61 	-12.99, 7.50 	13,23,48,189		1.60,2.14	1000,1 	0
1100    	29.97, -14.86, -7.36 	-0.98, 1.39, -6.61 	-12.99, 7.50 	13,23,48,198		6.02,1.81	1000,1 	0
1109    	29.97, -14.88, -7.37 	-0.99, 1.40, -6.61 	-12.99, 7.50 	13,23,48,208		2.37,1.61	1000,1 	0
1118    	29.97, -14.88, -7.37 	-0.99, 1.40, -6.61 	-12.99, 7.50 	13,23,48,218		0.00,0.00	1000,1 	0
1126    	29.98, -14.90, -7.37 	-0.99, 1.40, -6.60 	-12.99, 7.50 	13,23,48,227		2.92,0.00	1000,1 	0
1135    	29.94, -14.89, -7.36 	-1.02, 1.40, -6.60 	-12.99, 7.50 	13,23,48,237		4.44,3.21	1000,1 	0
1144    	29.94, -14.89, -7.37 	-1.03, 1.41, -6.60 	-12.99, 7.50 	13,23,48,247		0.00,1.61	1000,1 	0
1152    	29.94, -14.89, -7.37 	-1.01, 1.42, -6.61 	-12.99, 7.50 	13,23,48,256		0.00,2.73	1000,1 	0
1161    	29.92, -14.86, -7.38 	-1.06, 1.43, -6.61 	-12.99, 7.50 	13,23,48,266		4.15,5.49	1000,1 	0
1170    	29.94, -14.87, -7.36 	-1.05, 1.42, -6.62 	-12.99, 7.50 	13,23,48,276		2.45,1.61	1000,1 	0
1178    	29.93, -14.86, -7.38 	-1.05, 1.43, -6.61 	-12.99, 7.50 	13,23,48,285		1.80,1.34	1000,1 	0
1187    	29.92, -14.86, -7.38 	-1.06, 1.44, -6.61 	-12.99, 7.50 	13,23,48,295		1.07,1.61	1000,1 	0
1196    	29.92, -14.86, -7.38 	-1.06, 1.44, -6.61 	-12.99, 7.50 	13,23,48,305		0.00,0.00	1000,1 	0
1205    	29.93, -14.87, -7.39 	-1.06, 1.44, -6.61 	-12.99, 7.50 	13,23,48,315		1.60,0.00	1000,1 	0
1213    	29.97, -14.84, -7.37 	-1.07, 1.48, -6.61 	-12.99, 7.50 	13,23,48,324		6.26,4.20	1000,1 	0
1222    	29.94, -14.84, -7.35 	-1.05, 1.48, -6.63 	-12.99, 7.50 	13,23,48,334		3.21,2.14	1000,1 	0
1231    	29.94, -14.84, -7.36 	-1.09, 1.45, -6.63 	-12.99, 7.50 	13,23,48,344		0.00,4.86	1000,1 	0
1239    	29.90, -14.84, -7.36 	-1.09, 1.49, -6.63 	-12.99, 7.50 	13,23,48,353		4.82,4.01	1000,1 	0
1248    	29.91, -14.86, -7.35 	-1.09, 1.49, -6.62 	-12.99, 7.50 	13,23,48,363		2.60,0.00	1000,1 	0
1257    	29.87, -14.86, -7.36 	-1.09, 1.49, -6.62 	-12.99, 7.50 	13,23,48,373		4.28,0.00	1000,1 	0
1265    	29.85, -14.82, -7.37 	-1.10, 1.50, -6.64 	-12.99, 7.50 	13,23,48,382		4.66,1.81	1000,1 	0
1274    	29.86, -14.80, -7.36 	-1.11, 1.50, -6.64 	-12.99, 7.50 	13,23,48,392		2.60,1.07	1000,1 	0
1283    	29.86, -14.77, -7.37 	-1.11, 1.49, -6.63 	-12.99, 7.50 	13,23,48,402		3.55,1.19	1000,1 	0
1291    	29.83, -14.74, -7.40 	-1.11, 1.50, -6.65 	-12.99, 7.50 	13,23,48,411		5.38,1.34	1000,1 	0
1300    	29.83, -14.74, -7.40 	-1.10, 1.52, -6.63 	-12.99, 7.50 	13,23,48,421		0.00,2.59	1000,1 	0
1309    	29.88, -14.72, -7.38 	-1.14, 1.52, -6.63 	-12.99, 7.50 	13,23,48,431		5.85,4.28	1000,1 	0
1317    	29.81, -14.75, -7.38 	-1.15, 1.51, -6.62 	-12.99, 7.50 	13,23,48,440		9.33,1.78	1000,1 	0
1326    	29.77, -14.75, -7.40 	-1.15, 1.53, -6.63 	-12.99, 7.50 	13,23,48,450		4.28,2.38	1000,1 	0
1335    	29.79, -14.74, -7.40 	-1.13, 1.51, -6.63 	-12.99, 7.50 	13,23,48,460		2.45,3.22	1000,1 	0
1343    	29.70, -14.72, -7.43 	-1.16, 1.50, -6.64 	-12.99, 7.50 	13,23,48,469		12.33,3.83	1000,1 	0
1352    	29.70, -14.64, -7.45 	-1.22, 1.50, -6.63 	-12.99, 7.50 	13,23,48,479		8.29,7.49	1000,1 	0
1361    	29.70, -14.60, -7.49 	-1.23, 1.52, -6.64 	-12.99, 7.50 	13,23,48,489		4.74,2.62	1000,1 	0
1369    	29.61, -14.53, -7.52 	-1.26, 1.49, -6.63 	-12.99, 7.50 	13,23,48,498		14.29,5.35	1000,1 	0
1378    	29.65, -14.42, -7.54 	-1.36, 1.50, -6.64 	-12.99, 7.50 	13,23,48,508		12.59,10.78	1000,1 	0
1387    	29.63, -14.33, -7.58 	-1.42, 1.48, -6.63 	-12.99, 7.50 	13,23,48,518		9.71,6.81	1000,1 	0
1396    	29.52, -14.29, -7.59 	-1.56, 1.45, -6.62 	-12.99, 7.50 	13,23,48,528		12.69,16.38	1000,1 	0
1404    	29.50, -14.24, -7.65 	-1.67, 1.37, -6.58 	-12.99, 7.50 	13,23,48,537		7.08,16.09	1000,1 	0
1413    	29.39, -14.19, -7.67 	-1.83, 1.28, -6.56 	-12.99, 7.50 	13,23,48,547		14.14,20.95	1000,1 	0
1422    	29.25, -14.14, -7.69 	-1.94, 1.23, -6.53 	-12.99, 7.50 	13,23,48,557		15.71,14.06	1000,1 	0
1430    	29.21, -14.10, -7.75 	-2.06, 1.16, -6.53 	-12.99, 7.50 	13,23,48,566		8.04,16.41	1000,1 	0
1439    	29.07, -13.95, -7.85 	-2.13, 1.12, -6.57 	-12.99, 7.50 	13,23,48,576		22.34,8.81	1000,1 	0
1448    	29.14, -13.72, -7.91 	-2.15, 1.00, -6.57 	-12.99, 7.50 	13,23,48,586		27.11,13.41	1000,1 	0
1456    	28.98, -13.53, -7.99 	-2.23, 0.89, -6.56 	-12.99, 7.50 	13,23,48,595		29.72,17.45	1000,1 	0
1465    	28.90, -13.28, -8.04 	-2.32, 0.79, -6.53 	-12.99, 7.50 	13,23,48,605		29.99,14.28	1000,1 	0
1474    	28.85, -13.07, -8.08 	-2.38, 0.68, -6.53 	-12.99, 7.50 	13,23,48,615		24.27,13.94	1000,1 	0
1482    	28.76, -12.91, -8.13 	-2.45, 0.65, -6.54 	-12.99, 7.50 	13,23,48,624		22.72,9.27	1000,1 	0
1491    	28.69, -12.82, -8.18 	-2.47, 0.54, -6.52 	-12.99, 7.50 	13,23,48,634		12.76,13.21	1000,1 	0
1500    	28.51, -12.68, -8.21 	-2.55, 0.45, -6.50 	-12.99, 7.50 	13,23,48,644		24.65,13.42	1000,1 	0
1508    	28.35, -12.60, -8.28 	-2.62, 0.33, -6.49 	-12.99, 7.50 	13,23,48,653		23.07,16.83	1000,1 	0
1517    	28.22, -12.46, -8.33 	-2.73, 0.22, -6.49 	-12.99, 7.50 	13,23,48,663		21.47,17.45	1000,1 	0
1526    	28.12, -12.37, -8.38 	-2.82, 0.14, -6.51 	-12.99, 7.50 	13,23,48,673		14.29,13.45	1000,1 	0
1534    	28.09, -12.31, -8.38 	-2.90, 0.04, -6.55 	-12.99, 7.50 	13,23,48,682		8.77,16.35	1000,1 	0
1543    	28.00, -12.26, -8.36 	-2.97, -0.01, -6.59 	-12.99, 7.50 	13,23,48,692		11.30,9.72	1000,1 	0
1552    	27.99, -12.26, -8.40 	-3.05, -0.05, -6.64 	-12.99, 7.50 	13,23,48,702		1.07,9.72	1000,1 	0
1560    	27.99, -12.26, -8.37 	-3.14, -0.09, -6.68 	-12.99, 7.50 	13,23,48,711		0.00,12.00	1000,1 	0
1569    	27.98, -12.19, -8.39 	-3.17, -0.12, -6.71 	-12.99, 7.50 	13,23,48,721		7.18,4.76	1000,1 	0
1578    	27.96, -12.19, -8.38 	-3.21, -0.16, -6.75 	-12.99, 7.50 	13,23,48,731		3.21,7.10	1000,1 	0
1587    	27.96, -12.13, -8.38 	-3.21, -0.22, -6.75 	-12.99, 7.50 	13,23,48,741		7.10,5.94	1000,1 	0
1595    	27.89, -12.15, -8.41 	-3.24, -0.27, -6.79 	-12.99, 7.50 	13,23,48,750		8.84,7.55	1000,1 	0
1604    	27.86, -12.14, -8.43 	-3.24, -0.26, -6.81 	-12.99, 7.50 	13,23,48,760		3.42,1.19	1000,1 	0
1613    	27.75, -12.13, -8.44 	-3.22, -0.25, -6.79 	-12.99, 7.50 	13,23,48,770		11.83,2.43	1000,1 	0
1621    	27.78, -12.02, -8.46 	-3.28, -0.26, -6.81 	-12.99, 7.50 	13,23,48,779		13.80,7.32	1000,1 	0
1630    	27.73, -11.99, -8.49 	-3.24, -0.28, -6.84 	-12.99, 7.50 	13,23,48,789		6.42,4.92	1000,1 	0
1639    	27.74, -11.96, -8.48 	-3.30, -0.26, -6.85 	-12.99, 7.50 	13,23,48,799		3.71,6.88	1000,1 	0
1647    	27.73, -11.91, -8.53 	-3.32, -0.25, -6.86 	-12.99, 7.50 	13,23,48,808		5.46,2.77	1000,1 	0
1656    	27.76, -11.84, -8.51 	-3.28, -0.24, -6.86 	-12.99, 7.50 	13,23,48,818		8.89,4.42	1000,1 	0
1665    	27.68, -11.79, -8.51 	-3.34, -0.21, -6.87 	-12.99, 7.50 	13,23,48,828		11.30,7.39	1000,1 	0
1673    	27.64, -11.72, -8.56 	-3.34, -0.19, -6.87 	-12.99, 7.50 	13,23,48,837		9.33,1.34	1000,1 	0
1682    	27.53, -11.74, -8.59 	-3.37, -0.21, -6.87 	-12.99, 7.50 	13,23,48,847		12.01,3.40	1000,1 	0
1691    	27.50, -11.72, -8.57 	-3.38, -0.18, -6.89 	-12.99, 7.50 	13,23,48,857		3.99,2.62	1000,1 	0
1699    	27.33, -11.69, -8.62 	-3.42, -0.13, -6.90 	-12.99, 7.50 	13,23,48,866		22.04,8.29	1000,1 	0
1708    	27.22, -11.57, -8.68 	-3.45, -0.08, -6.93 	-12.99, 7.50 	13,23,48,876		17.55,7.37	1000,1 	0
1717    	27.11, -11.33, -8.75 	-3.51, -0.04, -6.95 	-12.99, 7.50 	13,23,48,886		30.10,7.39	1000,1 	0
1725    	26.95, -11.07, -8.86 	-3.58, 0.03, -6.94 	-12.99, 7.50 	13,23,48,895		37.95,12.68	1000,1 	0
1734    	26.71, -10.80, -8.93 	-3.76, 0.12, -6.98 	-12.99, 7.50 	13,23,48,905		40.08,22.56	1000,1 	0
1743    	26.53, -10.57, -8.99 	-3.96, 0.23, -7.04 	-12.99, 7.50 	13,23,48,915		32.11,24.62	1000,1 	0
1751    	26.26, -10.28, -8.99 	-4.18, 0.35, -7.11 	-12.99, 7.50 	13,23,48,924		49.28,31.53	1000,1 	0
1760    	25.99, -9.99, -9.02 	-4.48, 0.46, -7.15 	-12.99, 7.50 	13,23,48,934		44.67,35.38	1000,1 	0
1769    	25.65, -9.71, -9.02 	-4.83, 0.52, -7.20 	-12.99, 7.50 	13,23,48,944		49.30,40.31	1000,1 	0
1778    	25.29, -9.43, -9.10 	-5.21, 0.58, -7.26 	-12.99, 7.50 	13,23,48,954		50.14,42.21	1000,1 	0
1786    	25.04, -9.14, -9.23 	-5.50, 0.58, -7.35 	-12.99, 7.50 	13,23,48,963		47.66,36.09	1000,1 	0
1795    	24.82, -8.83, -9.25 	-5.88, 0.61, -7.46 	-12.99, 7.50 	13,23,48,973		42.23,42.88	1000,1 	0
1804    	24.60, -8.59, -9.27 	-6.17, 0.62, -7.60 	-12.99, 7.50 	13,23,48,983		36.70,32.12	1000,1 	0
1812    	24.49, -8.28, -9.27 	-6.61, 0.68, -7.75 	-12.99, 7.50 	13,23,48,992		40.82,54.65	1000,1 	0
1821    	24.39, -8.02, -9.29 	-7.01, 0.75, -7.92 	-12.99, 7.50 	13,23,49,2		30.75,45.80	1000,1 	0
1830    	24.31, -7.76, -9.31 	-7.55, 0.71, -8.00 	-12.99, 7.50 	13,23,49,12		30.80,60.09	1000,1 	0
1838    	24.14, -7.59, -9.27 	-8.01, 0.71, -8.10 	-12.99, 7.50 	13,23,49,21		30.39,57.74	1000,1 	0
1847    	23.87, -7.50, -9.23 	-8.40, 0.66, -8.17 	-12.99, 7.50 	13,23,49,31		31.43,43.09	1000,1 	0
1856    	23.55, -7.50, -9.19 	-8.63, 0.64, -8.24 	-12.99, 7.50 	13,23,49,41		35.32,25.74	1000,1 	0
1864    	23.25, -7.47, -9.16 	-8.90, 0.71, -8.34 	-12.99, 7.50 	13,23,49,50		37.54,34.74	1000,1 	0
1873    	23.06, -7.34, -9.15 	-9.09, 0.71, -8.45 	-12.99, 7.50 	13,23,49,60		25.68,21.39	1000,1 	0
1882    	22.82, -7.23, -9.13 	-9.36, 0.68, -8.47 	-12.99, 7.50 	13,23,49,70		29.25,30.10	1000,1 	0
1890    	22.58, -7.07, -9.16 	-9.64, 0.67, -8.55 	-12.99, 7.50 	13,23,49,79		36.12,34.89	1000,1 	0
1899    	22.41, -6.89, -9.18 	-9.91, 0.65, -8.58 	-12.99, 7.50 	13,23,49,89		27.12,30.00	1000,1 	0
1908    	22.25, -6.72, -9.19 	-10.12, 0.67, -8.64 	-12.99, 7.50 	13,23,49,99		26.26,23.68	1000,1 	0
1916    	22.16, -6.64, -9.15 	-10.29, 0.61, -8.64 	-12.99, 7.50 	13,23,49,108		15.19,22.98	1000,1 	0
1925    	21.98, -6.58, -9.13 	-10.47, 0.61, -8.64 	-12.99, 7.50 	13,23,49,118		21.18,19.25	1000,1 	0
1934    	21.84, -6.58, -9.10 	-10.56, 0.59, -8.64 	-12.99, 7.50 	13,23,49,128		16.06,10.92	1000,1 	0
1942    	21.65, -6.57, -9.09 	-10.65, 0.59, -8.69 	-12.99, 7.50 	13,23,49,137		22.92,10.83	1000,1 	0
1951    	21.52, -6.49, -9.08 	-10.72, 0.59, -8.70 	-12.99, 7.50 	13,23,49,147		17.72,8.55	1000,1 	0
1960    	21.37, -6.41, -9.06 	-10.80, 0.59, -8.71 	-12.99, 7.50 	13,23,49,157		18.06,8.55	1000,1 	0
1969    	21.20, -6.31, -9.06 	-10.85, 0.62, -8.69 	-12.99, 7.50 	13,23,49,167		22.61,5.88	1000,1 	0
1977    	21.07, -6.21, -9.12 	-10.92, 0.62, -8.69 	-12.99, 7.50 	13,23,49,176		20.68,8.42	1000,1 	0
1986    	21.03, -6.13, -9.11 	-11.00, 0.60, -8.69 	-12.99, 7.50 	13,23,49,186		10.39,9.88	1000,1 	0
1995    	20.99, -6.08, -9.10 	-11.02, 0.58, -8.68 	-12.99, 7.50 	13,23,49,196		6.38,2.43	1000,1 	0
2003    	20.94, -6.05, -9.09 	-11.00, 0.64, -8.69 	-12.99, 7.50 	13,23,49,205		7.22,7.07	1000,1 	0
2012    	20.93, -6.04, -9.08 	-11.06, 0.65, -8.68 	-12.99, 7.50 	13,23,49,215		1.60,6.54	1000,1 	0
2021    	20.90, -6.04, -9.09 	-11.06, 0.67, -8.66 	-12.99, 7.50 	13,23,49,225		3.21,2.38	1000,1 	0
2029    	20.87, -6.07, -9.07 	-11.04, 0.65, -8.64 	-12.99, 7.50 	13,23,49,234		5.39,3.62	1000,1 	0
2038    	20.83, -6.09, -9.07 	-11.10, 0.63, -8.64 	-12.99, 7.50 	13,23,49,244		4.89,6.81	1000,1 	0
2047    	20.79, -6.08, -9.07 	-11.08, 0.66, -8.64 	-12.99, 7.50 	13,23,49,254		5.48,4.13	1000,1 	0
2055    	20.74, -6.11, -9.05 	-11.06, 0.66, -8.64 	-12.99, 7.50 	13,23,49,263		7.23,2.41	1000,1 	0
2064    	20.70, -6.09, -9.04 	-11.06, 0.69, -8.63 	-12.99, 7.50 	13,23,49,273		4.89,3.56	1000,1 	0
2073    	20.68, -6.03, -9.05 	-11.11, 0.74, -8.62 	-12.99, 7.50 	13,23,49,283		7.42,7.21	1000,1 	0
2081    	20.64, -6.00, -9.07 	-11.10, 0.77, -8.61 	-12.99, 7.50 	13,23,49,292		6.26,4.17	1000,1 	0
2090    	20.65, -5.98, -9.07 	-11.10, 0.79, -8.60 	-12.99, 7.50 	13,23,49,302		2.60,2.38	1000,1 	0
2099    	20.65, -5.92, -9.10 	-11.09, 0.83, -8.60 	-12.99, 7.50 	13,23,49,312		5.92,4.85	1000,1 	0
2107    	20.66, -5.90, -9.10 	-11.13, 0.87, -8.56 	-12.99, 7.50 	13,23,49,321		2.92,7.25	1000,1 	0
2116    	20.62, -5.88, -9.10 	-11.24, 0.96, -8.53 	-12.99, 7.50 	13,23,49,331		4.89,15.23	1000,1 	0
2125    	20.61, -5.89, -9.07 	-11.22, 1.05, -8.54 	-12.99, 7.50 	13,23,49,341		1.60,9.71	1000,1 	0
2133    	20.56, -5.90, -9.06 	-11.29, 1.15, -8.54 	-12.99, 7.50 	13,23,49,350		6.17,15.90	1000,1 	0
2142    	20.51, -5.90, -9.05 	-11.28, 1.26, -8.53 	-12.99, 7.50 	13,23,49,360		6.42,11.91	1000,1 	0
2151    	20.48, -5.86, -9.06 	-11.37, 1.36, -8.52 	-12.99, 7.50 	13,23,49,370		5.72,14.49	1000,1 	0
2160    	20.39, -5.75, -9.07 	-11.43, 1.51, -8.54 	-12.99, 7.50 	13,23,49,380		15.26,18.34	1000,1 	0
2168    	20.32, -5.66, -9.07 	-11.47, 1.64, -8.53 	-12.99, 7.50 	13,23,49,389		14.65,16.81	1000,1 	0
2177    	20.28, -5.52, -9.11 	-11.55, 1.80, -8.55 	-12.99, 7.50 	13,23,49,399		16.29,19.88	1000,1 	0
2186    	20.22, -5.44, -9.09 	-11.69, 1.94, -8.55 	-12.99, 7.50 	13,23,49,409		10.48,21.67	1000,1 	0
2194    	20.16, -5.39, -9.07 	-11.78, 2.14, -8.57 	-12.99, 7.50 	13,23,49,418		9.82,28.26	1000,1 	0
2203    	20.08, -5.28, -9.08 	-11.90, 2.32, -8.58 	-12.99, 7.50 	13,23,49,428		14.61,24.09	1000,1 	0
2212    	20.03, -5.21, -9.09 	-12.03, 2.59, -8.63 	-12.99, 7.50 	13,23,49,438		10.48,32.98	1000,1 	0
2220    	19.98, -5.09, -9.06 	-12.19, 2.86, -8.65 	-12.99, 7.50 	13,23,49,447		15.83,39.44	1000,1 	0
2229    	19.94, -5.01, -9.06 	-12.39, 3.15, -8.68 	-12.99, 7.50 	13,23,49,457		10.39,38.82	1000,1 	0
2238    	19.87, -4.92, -9.05 	-12.56, 3.47, -8.67 	-12.99, 7.50 	13,23,49,467		12.07,40.76	1000,1 	0
2246    	19.81, -4.85, -9.05 	-12.71, 3.80, -8.70 	-12.99, 7.50 	13,23,49,476		11.79,44.22	1000,1 	0
2255    	19.79, -4.72, -9.05 	-12.80, 4.16, -8.75 	-12.99, 7.50 	13,23,49,486		14.56,41.66	1000,1 	0
2264    	19.79, -4.63, -9.06 	-12.87, 4.45, -8.72 	-12.99, 7.50 	13,23,49,496		9.47,33.05	1000,1 	0
2272    	19.79, -4.53, -9.04 	-13.00, 4.76, -8.70 	-12.99, 7.50 	13,23,49,505		13.32,42.01	1000,1 	0
2281    	19.76, -4.49, -9.04 	-13.01, 5.08, -8.71 	-12.99, 7.50 	13,23,49,515		4.79,35.67	1000,1 	0
2290    	19.76, -4.43, -9.00 	-12.95, 5.43, -8.71 	-12.99, 7.50 	13,23,49,525		7.10,39.63	1000,1 	0
2298    	19.77, -4.38, -9.00 	-12.83, 5.78, -8.71 	-12.99, 7.50 	13,23,49,534		6.77,46.57	1000,1 	0
2307    	19.72, -4.35, -8.98 	-12.86, 6.12, -8.67 	-12.99, 7.50 	13,23,49,544		6.42,37.01	1000,1 	0
2316    	19.69, -4.32, -8.98 	-12.83, 6.44, -8.61 	-12.99, 7.50 	13,23,49,554		3.99,35.73	1000,1 	0
2324    	19.68, -4.30, -8.96 	-12.81, 6.76, -8.55 	-12.99, 7.50 	13,23,49,563		2.92,40.20	1000,1 	0
2333    	19.67, -4.25, -8.95 	-12.69, 7.10, -8.50 	-12.99, 7.50 	13,23,49,573		6.01,39.94	1000,1 	0
2342    	19.68, -4.19, -8.96 	-12.63, 7.42, -8.38 	-12.99, 7.50 	13,23,49,583		7.18,36.31	1000,1 	0
2351    	19.72, -4.12, -8.97 	-12.59, 7.66, -8.25 	-12.99, 7.50 	13,23,49,593		8.30,27.59	1000,1 	0
2359    	19.70, -4.10, -8.97 	-12.47, 7.90, -8.19 	-12.99, 7.50 	13,23,49,602		3.59,33.09	1000,1 	0
2368    	19.74, -4.05, -8.99 	-12.29, 8.04, -8.10 	-12.99, 7.50 	13,23,49,612		7.31,25.33	1000,1 	0
2377    	19.78, -4.05, -8.98 	-12.15, 8.13, -7.99 	-12.99, 7.50 	13,23,49,622		4.28,18.26	1000,1 	0
2385    	19.86, -4.02, -8.96 	-12.06, 8.19, -7.89 	-12.99, 7.50 	13,23,49,631		11.55,14.36	1000,1 	0
2394    	19.83, -4.03, -8.96 	-12.06, 8.25, -7.77 	-12.99, 7.50 	13,23,49,641		4.44,5.94	1000,1 	0
2404    	19.84, -4.02, -8.95 	-12.11, 8.34, -7.70 	-12.99, 7.50 	13,23,49,652		2.20,10.82	1000,1 	0
2411    	19.85, -4.07, -8.93 	-12.09, 8.40, -7.67 	-12.99, 7.50 	13,23,49,660		7.73,8.08	1000,1 	0
2421    	19.82, -4.08, -8.94 	-12.09, 8.49, -7.65 	-12.99, 7.50 	13,23,49,671		4.00,9.62	1000,1 	0
2430    	19.82, -4.08, -8.95 	-12.05, 8.53, -7.64 	-12.99, 7.50 	13,23,49,681		0.00,5.53	1000,1 	0
2438    	19.78, -4.06, -8.96 	-12.01, 8.58, -7.64 	-12.99, 7.50 	13,23,49,690		5.50,8.18	1000,1 	0
2447    	19.79, -4.05, -8.95 	-12.00, 8.61, -7.65 	-12.99, 7.50 	13,23,49,700		1.60,3.71	1000,1 	0
2456    	19.80, -4.05, -8.95 	-11.98, 8.58, -7.64 	-12.99, 7.50 	13,23,49,710		1.07,4.18	1000,1 	0
2464    	19.81, -4.05, -8.96 	-11.98, 8.54, -7.62 	-12.99, 7.50 	13,23,49,719		1.20,5.35	1000,1 	0
2473    	19.79, -4.06, -8.95 	-11.97, 8.50, -7.61 	-12.99, 7.50 	13,23,49,729		2.45,3.74	1000,1 	0
2482    	19.79, -4.06, -8.95 	-12.00, 8.51, -7.61 	-12.99, 7.50 	13,23,49,739		0.00,3.44	1000,1 	0
2490    	19.76, -4.08, -8.95 	-11.99, 8.50, -7.61 	-12.99, 7.50 	13,23,49,748		4.49,1.81	1000,1 	0
2499    	19.77, -4.08, -8.94 	-11.99, 8.49, -7.61 	-12.99, 7.50 	13,23,49,758		1.07,1.19	1000,1 	0
2508    	19.77, -4.08, -8.95 	-12.03, 8.50, -7.60 	-12.99, 7.50 	13,23,49,768		0.00,4.46	1000,1 	0
2516    	19.77, -4.08, -8.95 	-12.03, 8.47, -7.60 	-12.99, 7.50 	13,23,49,777		0.00,4.01	1000,1 	0
2525    	19.76, -4.08, -8.94 	-12.07, 8.45, -7.60 	-12.99, 7.50 	13,23,49,787		1.07,4.86	1000,1 	0
2534    	19.75, -4.07, -8.95 	-12.10, 8.38, -7.57 	-12.99, 7.50 	13,23,49,797		1.60,8.87	1000,1 	0
2543    	19.75, -4.07, -8.95 	-12.17, 8.24, -7.52 	-12.99, 7.50 	13,23,49,807		0.00,17.54	1000,1 	0
2551    	19.75, -4.08, -8.95 	-12.29, 8.07, -7.47 	-12.99, 7.50 	13,23,49,816		1.33,25.62	1000,1 	0
2560    	19.73, -4.07, -8.94 	-12.42, 7.89, -7.41 	-12.99, 7.50 	13,23,49,826		2.45,24.96	1000,1 	0
2569    	19.72, -4.05, -8.94 	-12.51, 7.70, -7.34 	-12.99, 7.50 	13,23,49,836		2.60,23.32	1000,1 	0
2577    	19.73, -4.07, -8.94 	-12.61, 7.58, -7.26 	-12.99, 7.50 	13,23,49,845		2.92,19.63	1000,1 	0
2586    	19.73, -4.08, -8.93 	-12.74, 7.54, -7.20 	-12.99, 7.50 	13,23,49,855		1.18,14.62	1000,1 	0
2595    	19.71, -4.07, -8.93 	-12.73, 7.49, -7.18 	-12.99, 7.50 	13,23,49,865		2.45,4.89	1000,1 	0
2603    	19.70, -4.06, -8.93 	-12.75, 7.44, -7.14 	-12.99, 7.50 	13,23,49,874		1.80,7.07	1000,1 	0
2612    	19.68, -4.08, -8.94 	-12.74, 7.44, -7.11 	-12.99, 7.50 	13,23,49,884		3.19,1.07	1000,1 	0
2621    	19.66, -4.07, -8.94 	-12.74, 7.40, -7.06 	-12.99, 7.50 	13,23,49,894		2.45,4.75	1000,1 	0
2629    	19.65, -4.09, -8.95 	-12.72, 7.39, -7.03 	-12.99, 7.50 	13,23,49,903		2.92,2.77	1000,1 	0
2638    	19.64, -4.11, -8.94 	-12.71, 7.34, -6.98 	-12.99, 7.50 	13,23,49,913		2.60,4.89	1000,1 	0
2647    	19.60, -4.11, -8.93 	-12.70, 7.31, -6.94 	-12.99, 7.50 	13,23,49,923		4.28,3.74	1000,1 	0
2655    	19.60, -4.11, -8.93 	-12.70, 7.27, -6.87 	-12.99, 7.50 	13,23,49,932		0.00,5.35	1000,1 	0
2664    	19.62, -4.13, -8.92 	-12.73, 7.24, -6.82 	-12.99, 7.50 	13,23,49,942		3.19,5.53	1000,1 	0
2673    	19.54, -4.15, -8.92 	-12.75, 7.23, -6.76 	-12.99, 7.50 	13,23,49,952		9.92,2.43	1000,1 	0
2681    	19.55, -4.14, -8.92 	-12.85, 7.25, -6.74 	-12.99, 7.50 	13,23,49,961		1.80,12.36	1000,1 	0
2690    	19.52, -4.16, -8.90 	-12.90, 7.30, -6.75 	-12.99, 7.50 	13,23,49,971		3.99,8.05	1000,1 	0
2699    	19.53, -4.19, -8.90 	-13.02, 7.36, -6.73 	-12.99, 7.50 	13,23,49,981		2.60,15.20	1000,1 	0
2707    	19.51, -4.15, -8.92 	-13.13, 7.44, -6.71 	-12.99, 7.50 	13,23,49,990		4.66,17.14	1000,1 	0
2716    	19.53, -4.15, -8.92 	-13.26, 7.49, -6.68 	-12.99, 7.50 	13,23,50,0		2.14,14.76	1000,1 	0
2725    	19.52, -4.14, -8.93 	-13.31, 7.54, -6.67 	-12.99, 7.50 	13,23,50,10		1.60,8.81	1000,1 	0
2734    	19.53, -4.12, -8.93 	-13.32, 7.55, -6.65 	-12.99, 7.50 	13,23,50,20		2.60,1.61	1000,1 	0
2742    	19.53, -4.13, -8.92 	-13.32, 7.62, -6.64 	-12.99, 7.50 	13,23,50,29		1.33,8.02	1000,1 	0
2751    	19.51, -4.15, -8.93 	-13.31, 7.65, -6.66 	-12.99, 7.50 	13,23,50,39		3.19,3.71	1000,1 	0
2760    	19.53, -4.14, -8.92 	-13.33, 7.72, -6.68 	-12.99, 7.50 	13,23,50,49		2.45,8.62	1000,1 	0
2768    	19.54, -4.13, -8.93 	-13.40, 7.76, -6.68 	-12.99, 7.50 	13,23,50,58		1.80,9.38	1000,1 	0
2777    	19.54, -4.13, -8.93 	-13.47, 7.81, -6.66 	-12.99, 7.50 	13,23,50,68		0.00,9.63	1000,1 	0
2786    	19.54, -4.14, -8.93 	-13.47, 7.85, -6.68 	-12.99, 7.50 	13,23,50,78		1.18,4.75	1000,1 	0
2794    	19.51, -4.15, -8.93 	-13.48, 7.90, -6.69 	-12.99, 7.50 	13,23,50,87		3.85,5.50	1000,1 	0
2803    	19.51, -4.15, -8.93 	-13.48, 7.94, -6.72 	-12.99, 7.50 	13,23,50,97		0.00,4.75	1000,1 	0
2812    	19.47, -4.16, -8.93 	-13.49, 7.98, -6.71 	-12.99, 7.50 	13,23,50,107		4.44,4.89	1000,1 	0
2820    	19.48, -4.16, -8.94 	-13.51, 8.04, -6.72 	-12.99, 7.50 	13,23,50,116		1.20,7.14	1000,1 	0
2829    	19.47, -4.17, -8.93 	-13.51, 8.06, -6.72 	-12.99, 7.50 	13,23,50,126		1.60,2.38	1000,1 	0
2838    	19.46, -4.19, -8.93 	-13.52, 8.07, -6.73 	-12.99, 7.50 	13,23,50,136		1.60,1.61	1000,1 	0
2846    	19.46, -4.19, -8.93 	-13.50, 8.09, -6.73 	-12.99, 7.50 	13,23,50,145		0.00,3.57	1000,1 	0
2855    	19.46, -4.17, -8.93 	-13.51, 8.14, -6.74 	-12.99, 7.50 	13,23,50,155		1.18,6.05	1000,1 	0
2864    	19.47, -4.16, -8.92 	-13.49, 8.16, -6.74 	-12.99, 7.50 	13,23,50,165		1.60,3.17	1000,1 	0
2872    	19.46, -4.16, -8.93 	-13.51, 8.20, -6.75 	-12.99, 7.50 	13,23,50,174		1.20,4.71	1000,1 	0
2881    	19.46, -4.16, -8.93 	-13.48, 8.21, -6.74 	-12.99, 7.50 	13,23,50,184		0.00,3.40	1000,1 	0
2890    	19.47, -4.17, -8.94 	-13.49, 8.24, -6.71 	-12.99, 7.50 	13,23,50,194		1.60,3.74	1000,1 	0
2898    	19.48, -4.15, -8.94 	-13.50, 8.27, -6.71 	-12.99, 7.50 	13,23,50,203		2.92,4.20	1000,1 	0
2907    	19.48, -4.16, -8.95 	-13.44, 8.31, -6.73 	-12.99, 7.50 	13,23,50,213		1.18,7.93	1000,1 	0
2916    	19.47, -4.16, -8.95 	-13.44, 8.33, -6.72 	-12.99, 7.50 	13,23,50,223		1.07,2.38	1000,1 	0
2925    	19.49, -4.17, -8.94 	-13.43, 8.37, -6.74 	-12.99, 7.50 	13,23,50,233		2.45,4.13	1000,1 	0
2933    	19.49, -4.20, -8.94 	-13.43, 8.39, -6.73 	-12.99, 7.50 	13,23,50,242		2.66,2.67	1000,1 	0
2942    	19.52, -4.19, -8.94 	-13.42, 8.43, -6.75 	-12.99, 7.50 	13,23,50,252		3.42,4.85	1000,1 	0
2951    	19.53, -4.17, -8.93 	-13.44, 8.44, -6.74 	-12.99, 7.50 	13,23,50,262		1.60,2.46	1000,1 	0
2959    	19.55, -4.17, -8.93 	-13.44, 8.45, -6.74 	-12.99, 7.50 	13,23,50,271		2.41,1.34	1000,1 	0
2967    	19.54, -4.20, -8.93 	-13.45, 8.47, -6.73 	-12.99, 7.50 	13,23,50,280		2.92,3.62	1000,1 	0
2977    	19.54, -4.17, -8.94 	-13.41, 8.49, -6.74 	-12.99, 7.50 	13,23,50,291		2.13,5.24	1000,1 	0
2986    	19.58, -4.17, -8.94 	-13.43, 8.49, -6.72 	0.00, -0.00 	13,23,50,310		6.02,2.41	1000,1 	0
2995    	19.64, -4.15, -8.95 	-13.41, 8.48, -6.72 	0.00, -0.00 	13,23,50,320		4.11,1.48	1000,1 	0
3003    	19.64, -4.16, -8.94 	-13.41, 8.49, -6.73 	0.00, -0.00 	13,23,50,329		0.71,0.71	1000,1 	0
3012    	19.68, -4.16, -8.96 	-13.41, 8.49, -6.73 	0.00, -0.00 	13,23,50,339		2.41,0.00	1000,1 	0
3021    	19.70, -4.19, -8.95 	-13.39, 8.50, -6.72 	0.00, -0.00 	13,23,50,349		1.91,1.46	1000,1 	0
3029    	19.71, -4.21, -8.93 	-13.36, 8.48, -6.71 	0.00, -0.00 	13,23,50,358		1.56,2.41	1000,1 	0
3038    	19.71, -4.26, -8.92 	-13.35, 8.50, -6.73 	0.00, -0.00 	13,23,50,368		3.33,1.46	1000,1 	0
3047    	19.73, -4.29, -8.92 	-13.33, 8.49, -6.71 	0.00, -0.00 	13,23,50,378		2.49,1.48	1000,1 	0
3055    	19.71, -4.29, -8.92 	-13.34, 8.46, -6.70 	0.00, -0.00 	13,23,50,387		1.28,2.22	1000,1 	0
3064    	19.72, -4.30, -8.94 	-13.29, 8.47, -6.72 	0.00, -0.00 	13,23,50,397		0.90,3.07	1000,1 	0
3073    	19.76, -4.29, -8.94 	-13.31, 8.49, -6.71 	0.00, -0.00 	13,23,50,407		2.67,1.93	1000,1 	0
3081    	19.76, -4.26, -8.96 	-13.29, 8.46, -6.70 	0.00, -0.00 	13,23,50,416		2.13,2.51	1000,1 	0
3090    	19.78, -4.28, -8.95 	-13.25, 8.48, -6.71 	0.00, -0.00 	13,23,50,426		1.79,2.73	1000,1 	0
3099    	19.79, -4.27, -8.95 	-13.28, 8.49, -6.72 	0.00, -0.00 	13,23,50,436		0.96,2.06	1000,1 	0
3108    	19.83, -4.25, -8.96 	-13.24, 8.46, -6.72 	0.00, -0.00 	13,23,50,446		2.94,3.37	1000,1 	0
3116    	19.83, -4.27, -8.95 	-13.21, 8.47, -6.72 	0.00, -0.00 	13,23,50,455		1.56,2.04	1000,1 	0
3125    	19.85, -4.25, -8.96 	-13.22, 8.47, -6.71 	0.00, -0.00 	13,23,50,465		1.92,0.64	1000,1 	0
3134    	19.88, -4.29, -8.96 	-13.20, 8.44, -6.71 	0.00, -0.00 	13,23,50,475		3.43,2.51	1000,1 	0
3142    	19.90, -4.31, -8.96 	-13.19, 8.45, -6.71 	0.00, -0.00 	13,23,50,484		1.91,1.46	1000,1 	0
3150    	19.92, -4.30, -8.95 	-13.23, 8.45, -6.71 	0.00, -0.00 	13,23,50,493		1.47,3.21	1000,1 	0
3160    	19.93, -4.31, -8.95 	-13.20, 8.45, -6.71 	0.00, -0.00 	13,23,50,504		0.90,1.80	1000,1 	0
3168    	19.98, -4.35, -8.95 	-13.21, 8.45, -6.71 	0.00, -0.00 	13,23,50,513		3.85,0.64	1000,1 	0
3177    	19.97, -4.37, -8.96 	-13.18, 8.44, -6.71 	0.00, -0.00 	13,23,50,523		1.56,2.67	1000,1 	0
3186    	20.00, -4.38, -8.96 	-13.17, 8.43, -6.71 	0.00, -0.00 	13,23,50,533		2.05,0.97	1000,1 	0
3194    	20.04, -4.36, -8.96 	-13.18, 8.43, -6.71 	0.00, -0.00 	13,23,50,542		2.94,0.64	1000,1 	0
3203    	20.05, -4.38, -8.95 	-13.16, 8.39, -6.70 	0.00, -0.00 	13,23,50,552		1.46,2.95	1000,1 	0
3212    	20.09, -4.40, -8.95 	-13.19, 8.42, -6.69 	0.00, -0.00 	13,23,50,562		2.93,3.37	1000,1 	0
3220    	20.09, -4.40, -8.95 	-13.17, 8.42, -6.69 	0.00, -0.00 	13,23,50,571		0.00,1.92	1000,1 	0
3229    	20.10, -4.43, -8.94 	-13.17, 8.41, -6.69 	0.00, -0.00 	13,23,50,581		2.33,0.67	1000,1 	0
3238    	20.09, -4.42, -8.94 	-13.15, 8.41, -6.70 	0.00, -0.00 	13,23,50,591		1.47,1.28	1000,1 	0
3246    	20.10, -4.43, -8.95 	-13.13, 8.40, -6.70 	0.00, -0.00 	13,23,50,600		1.47,1.48	1000,1 	0
3255    	20.10, -4.44, -8.96 	-13.14, 8.39, -6.69 	0.00, -0.00 	13,23,50,610		0.67,0.89	1000,1 	0
3264    	20.11, -4.44, -8.96 	-13.13, 8.38, -6.69 	0.00, -0.00 	13,23,50,620		0.64,0.64	1000,1 	0
3272    	20.15, -4.42, -8.95 	-13.14, 8.37, -6.69 	0.00, -0.00 	13,23,50,629		2.94,0.95	1000,1 	0
3281    	20.12, -4.40, -8.96 	-13.12, 8.37, -6.70 	0.00, -0.00 	13,23,50,639		2.24,1.20	1000,1 	0
3290    	20.16, -4.42, -8.96 	-13.11, 8.38, -6.71 	0.00, -0.00 	13,23,50,649		2.93,0.95	1000,1 	0
3299    	20.17, -4.43, -8.96 	-13.11, 8.37, -6.71 	0.00, -0.00 	13,23,50,659		0.96,0.71	1000,1 	0
3307    	20.17, -4.45, -8.95 	-13.12, 8.38, -6.71 	0.00, -0.00 	13,23,50,668		1.42,0.97	1000,1 	0
3316    	20.17, -4.45, -8.94 	-13.10, 8.37, -6.71 	0.00, -0.00 	13,23,50,678		0.00,1.48	1000,1 	0
3325    	20.18, -4.48, -8.94 	-13.11, 8.36, -6.71 	0.00, -0.00 	13,23,50,688		2.23,0.95	1000,1 	0
3333    	20.20, -4.49, -8.94 	-13.11, 8.36, -6.71 	0.00, -0.00 	13,23,50,697		1.47,0.00	1000,1 	0
3342    	20.21, -4.49, -8.93 	-13.10, 8.36, -6.71 	0.00, -0.00 	13,23,50,707		0.64,0.64	1000,1 	0
3351    	20.21, -4.48, -8.93 	-13.11, 8.36, -6.71 	0.00, -0.00 	13,23,50,717		0.67,0.60	1000,1 	0
3359    	20.25, -4.51, -8.94 	-13.12, 8.36, -6.70 	0.00, -0.00 	13,23,50,726		2.93,0.64	1000,1 	0
3368    	20.23, -4.49, -8.94 	-13.07, 8.35, -6.71 	0.00, -0.00 	13,23,50,736		1.38,3.09	1000,1 	0
3377    	20.24, -4.51, -8.95 	-13.07, 8.36, -6.70 	0.00, -0.00 	13,23,50,746		0.96,0.71	1000,1 	0
3385    	20.25, -4.53, -8.94 	-13.06, 8.35, -6.70 	0.00, -0.00 	13,23,50,755		1.56,0.97	1000,1 	0
3394    	20.26, -4.54, -8.94 	-13.06, 8.35, -6.70 	0.00, -0.00 	13,23,50,765		0.90,0.00	1000,1 	0
3403    	20.25, -4.54, -8.94 	-13.06, 8.35, -6.70 	0.00, -0.00 	13,23,50,775		0.64,0.00	1000,1 	0
3411    	20.26, -4.55, -8.94 	-13.07, 8.34, -6.70 	0.00, -0.00 	13,23,50,784		0.96,0.95	1000,1 	0
3420    	20.26, -4.54, -8.93 	-13.09, 8.36, -6.70 	0.00, -0.00 	13,23,50,794		0.67,1.81	1000,1 	0
3429    	20.27, -4.54, -8.94 	-13.09, 8.36, -6.70 	0.00, -0.00 	13,23,50,804		0.64,0.00	1000,1 	0
3437    	20.28, -4.55, -8.94 	-13.09, 8.36, -6.70 	0.00, -0.00 	13,23,50,813		0.96,0.00	1000,1 	0
3446    	20.31, -4.54, -8.93 	-13.09, 8.36, -6.70 	0.00, -0.00 	13,23,50,823		1.93,0.00	1000,1 	0
3455    	20.31, -4.53, -8.93 	-13.10, 8.35, -6.70 	0.00, -0.00 	13,23,50,833		0.71,0.95	1000,1 	0
3464    	20.33, -4.53, -8.94 	-13.08, 8.34, -6.71 	0.00, -0.00 	13,23,50,843		1.28,1.48	1000,1 	0
3472    	20.34, -4.53, -8.94 	-13.08, 8.34, -6.71 	0.00, -0.00 	13,23,50,852		0.64,0.00	1000,1 	0
3481    	20.34, -4.53, -8.94 	-13.07, 8.35, -6.71 	0.00, -0.00 	13,23,50,862		0.00,0.95	1000,1 	0
3490    	20.34, -4.55, -8.93 	-13.09, 8.35, -6.71 	0.00, -0.00 	13,23,50,872		1.56,1.28	1000,1 	0
3498    	20.35, -4.55, -8.94 	-13.09, 8.34, -6.70 	0.00, -0.00 	13,23,50,881		0.64,0.71	1000,1 	0
3507    	20.34, -4.55, -8.94 	-13.09, 8.35, -6.70 	0.00, -0.00 	13,23,50,891		0.64,0.71	1000,1 	0
3516    	20.35, -4.54, -8.94 	-13.10, 8.35, -6.70 	0.00, -0.00 	13,23,50,901		0.96,0.64	1000,1 	0
3524    	20.37, -4.52, -8.93 	-13.09, 8.35, -6.70 	0.00, -0.00 	13,23,50,910		1.92,0.64	1000,1 	0
3533    	20.38, -4.51, -8.93 	-13.11, 8.36, -6.70 	0.00, -0.00 	13,23,50,920		0.96,1.48	1000,1 	0
3542    	20.39, -4.53, -8.94 	-13.08, 8.35, -6.70 	0.00, -0.00 	13,23,50,930		1.56,2.06	1000,1 	0
3550    	20.39, -4.52, -8.95 	-13.08, 8.36, -6.71 	0.00, -0.00 	13,23,50,939		0.71,0.71	1000,1 	0
3559    	20.40, -4.52, -8.96 	-13.06, 8.35, -6.71 	0.00, -0.00 	13,23,50,949		0.60,1.38	1000,1 	0
3568    	20.40, -4.53, -8.94 	-13.06, 8.36, -6.71 	0.00, -0.00 	13,23,50,959		0.71,0.71	1000,1 	0
3576    	20.42, -4.54, -8.94 	-13.08, 8.35, -6.71 	0.00, -0.00 	13,23,50,968		1.47,1.46	1000,1 	0
3585    	20.42, -4.54, -8.94 	-13.06, 8.35, -6.71 	0.00, -0.00 	13,23,50,978		0.00,1.20	1000,1 	0
3594    	20.40, -4.54, -8.94 	-13.07, 8.36, -6.72 	0.00, -0.00 	13,23,50,988		1.28,0.97	1000,1 	0
3602    	20.40, -4.54, -8.93 	-13.08, 8.36, -6.71 	0.00, -0.00 	13,23,50,997		0.00,0.64	1000,1 	0
3611    	20.41, -4.55, -8.92 	-13.08, 8.36, -6.70 	0.00, -0.00 	13,23,51,7		0.90,0.00	1000,1 	0
3620    	20.43, -4.56, -8.92 	-13.09, 8.35, -6.70 	0.00, -0.00 	13,23,51,17		1.47,0.95	1000,1 	0
3628    	20.44, -4.55, -8.93 	-13.10, 8.34, -6.69 	0.00, -0.00 	13,23,51,26		0.96,0.95	1000,1 	0
3637    	20.44, -4.56, -8.93 	-13.09, 8.34, -6.71 	0.00, -0.00 	13,23,51,36		0.67,0.60	1000,1 	0
3646    	20.45, -4.55, -8.93 	-13.09, 8.35, -6.71 	0.00, -0.00 	13,23,51,46		0.96,0.71	1000,1 	0
3654    	20.48, -4.53, -8.93 	-13.08, 8.35, -6.71 	0.00, -0.00 	13,23,51,55		2.39,0.64	1000,1 	0
3663    	20.48, -4.55, -8.92 	-13.08, 8.35, -6.70 	0.00, -0.00 	13,23,51,65		1.33,0.00	1000,1 	0
3672    	20.45, -4.55, -8.92 	-13.08, 8.35, -6.71 	0.00, -0.00 	13,23,51,75		1.93,0.00	1000,1 	0
3681    	20.47, -4.56, -8.90 	-13.06, 8.34, -6.71 	0.00, -0.00 	13,23,51,85		1.47,1.48	1000,1 	0
3689    	20.47, -4.56, -8.90 	-13.08, 8.35, -6.72 	0.00, -0.00 	13,23,51,94		0.00,1.48	1000,1 	0
3697    	20.48, -4.57, -8.90 	-13.09, 8.35, -6.71 	0.00, -0.00 	13,23,51,103		0.96,0.64	1000,1 	0
3707    	20.47, -4.58, -8.90 	-13.08, 8.36, -6.71 	0.00, -0.00 	13,23,51,114		0.90,0.89	1000,1 	0
3715    	20.47, -4.59, -8.90 	-13.07, 8.36, -6.72 	0.00, -0.00 	13,23,51,123		0.71,0.64	1000,1 	0
3724    	20.47, -4.57, -8.91 	-13.08, 8.36, -6.71 	0.00, -0.00 	13,23,51,133		1.33,0.60	1000,1 	0
3733    	20.48, -4.57, -8.91 	-13.08, 8.35, -6.71 	0.00, -0.00 	13,23,51,143		0.60,0.67	1000,1 	0
3741    	20.50, -4.57, -8.92 	-13.06, 8.35, -6.71 	0.00, -0.00 	13,23,51,152		1.28,1.28	1000,1 	0
3749    	20.49, -4.57, -8.92 	-13.09, 8.34, -6.71 	0.00, -0.00 	13,23,51,161		0.60,1.91	1000,1 	0
3759    	20.51, -4.56, -8.92 	-13.09, 8.35, -6.70 	0.00, -0.00 	13,23,51,172		1.38,0.67	1000,1 	0
3767    	20.51, -4.56, -8.92 	-13.09, 8.36, -6.71 	0.00, -0.00 	13,23,51,181		0.00,0.71	1000,1 	0
3776    	20.51, -4.55, -8.92 	-13.09, 8.35, -6.70 	0.00, -0.00 	13,23,51,191		0.67,0.67	1000,1 	0
3785    	20.49, -4.56, -8.93 	-13.08, 8.35, -6.71 	0.00, -0.00 	13,23,51,201		1.47,0.64	1000,1 	0
3793    	20.50, -4.58, -8.92 	-13.08, 8.36, -6.70 	0.00, -0.00 	13,23,51,210		1.56,0.71	1000,1 	0
3802    	20.50, -4.58, -8.91 	-13.09, 8.36, -6.71 	0.00, -0.00 	13,23,51,220		0.00,0.60	1000,1 	0
3811    	20.49, -4.58, -8.92 	-13.08, 8.37, -6.71 	0.00, -0.00 	13,23,51,230		0.64,0.95	1000,1 	0
3819    	20.50, -4.59, -8.92 	-13.09, 8.36, -6.71 	0.00, -0.00 	13,23,51,239		0.96,0.95	1000,1 	0
3828    	20.51, -4.57, -8.93 	-13.08, 8.37, -6.71 	0.00, -0.00 	13,23,51,249		1.46,0.89	1000,1 	0
3837    	20.53, -4.58, -8.93 	-13.08, 8.38, -6.71 	0.00, -0.00 	13,23,51,259		1.47,0.71	1000,1 	0
3846    	20.52, -4.59, -8.92 	-13.08, 8.38, -6.72 	0.00, -0.00 	13,23,51,269		0.96,0.00	1000,1 	0
3854    	20.53, -4.58, -8.92 	-13.08, 8.37, -6.71 	0.00, -0.00 	13,23,51,278		0.96,0.71	1000,1 	0
3863    	20.54, -4.60, -8.92 	-13.07, 8.37, -6.71 	0.00, -0.00 	13,23,51,288		1.56,0.64	1000,1 	0
3872    	20.53, -4.61, -8.92 	-13.08, 8.37, -6.70 	0.00, -0.00 	13,23,51,298		0.96,0.64	1000,1 	0
3880    	20.53, -4.63, -8.92 	-13.09, 8.37, -6.70 	0.00, -0.00 	13,23,51,307		1.42,0.64	1000,1 	0
3888    	20.53, -4.62, -8.92 	-13.09, 8.37, -6.70 	0.00, -0.00 	13,23,51,316		0.71,0.00	1000,1 	0
3898    	20.53, -4.61, -8.92 	-13.08, 8.37, -6.71 	0.00, -0.00 	13,23,51,327		0.67,0.60	1000,1 	0
3906    	20.54, -4.62, -8.92 	-13.09, 8.38, -6.70 	0.00, -0.00 	13,23,51,336		0.96,0.97	1000,1 	0
3915    	20.56, -4.61, -8.92 	-13.09, 8.38, -6.71 	0.00, -0.00 	13,23,51,346		1.38,0.00	1000,1 	0
3924    	20.56, -4.62, -8.92 	-13.08, 8.35, -6.70 	0.00, -0.00 	13,23,51,356		0.71,2.24	1000,1 	0
3932    	20.57, -4.64, -8.92 	-13.10, 8.36, -6.70 	0.00, -0.00 	13,23,51,365		1.56,1.48	1000,1 	0
3941    	20.58, -4.63, -8.91 	-13.09, 8.35, -6.70 	0.00, -0.00 	13,23,51,375		0.90,0.91	1000,1 	0
3950    	20.58, -4.63, -8.91 	-13.09, 8.36, -6.71 	0.00, -0.00 	13,23,51,385		0.00,0.71	0,0 	0
3958    	20.58, -4.63, -8.91 	-13.10, 8.34, -6.70 	0.00, -0.00 	13,23,51,394		0.00,1.55	0,0 	0
3967    	20.59, -4.64, -8.90 	-13.10, 8.35, -6.69 	0.00, -0.00 	13,23,51,404		0.90,0.67	0,0 	0
3976    	20.58, -4.62, -8.91 	-13.10, 8.35, -6.69 	0.00, -0.00 	13,23,51,414		1.56,0.00	0,0 	0
3984    	20.59, -4.61, -8.92 	-13.09, 8.35, -6.70 	0.00, -0.00 	13,23,51,423		0.96,0.64	0,0 	0
3993    	20.60, -4.60, -8.92 	-13.09, 8.35, -6.69 	0.00, -0.00 	13,23,51,433		1.38,0.00	0,0 	0
4002    	20.60, -4.60, -8.91 	-13.09, 8.35, -6.70 	0.00, -0.00 	13,23,51,443		0.00,0.00	0,0 	0
4010    	20.63, -4.63, -8.90 	-13.10, 8.35, -6.69 	0.00, -0.00 	13,23,51,452		2.87,0.64	0,0 	0
4019    	20.63, -4.62, -8.90 	-13.09, 8.36, -6.69 	0.00, -0.00 	13,23,51,462		0.67,0.89	0,0 	0
4028    	20.62, -4.62, -8.90 	-13.10, 8.35, -6.69 	0.00, -0.00 	13,23,51,472		0.64,0.95	0,0 	0
4037    	20.62, -4.64, -8.90 	-13.10, 8.36, -6.69 	0.00, -0.00 	13,23,51,482		1.42,0.71	0,0 	0
4045    	20.63, -4.63, -8.90 	-13.11, 8.36, -6.69 	0.00, -0.00 	13,23,51,491		0.96,0.64	0,0 	0
4054    	20.62, -4.64, -8.91 	-13.11, 8.35, -6.69 	0.00, -0.00 	13,23,51,501		0.96,0.71	0,0 	0
4063    	20.64, -4.63, -8.91 	-13.11, 8.35, -6.69 	0.00, -0.00 	13,23,51,511		1.47,0.00	0,0 	0
4071    	20.64, -4.63, -8.91 	-13.08, 8.35, -6.70 	0.00, -0.00 	13,23,51,520		0.00,1.92	0,0 	0
4080    	20.64, -4.63, -8.91 	-13.09, 8.35, -6.70 	0.00, -0.00 	13,23,51,530		0.00,0.60	0,0 	0
4089    	20.60, -4.65, -8.91 	-13.09, 8.36, -6.70 	0.00, -0.00 	13,23,51,540		2.94,0.71	0,0 	0
4097    	20.62, -4.63, -8.90 	-13.08, 8.35, -6.70 	0.00, -0.00 	13,23,51,549		1.92,0.97	0,0 	0
4106    	20.64, -4.64, -8.91 	-13.06, 8.34, -6.71 	0.00, -0.00 	13,23,51,559		1.38,1.38	0,0 	0
4115    	20.66, -4.64, -8.91 	-13.05, 8.33, -6.71 	0.00, -0.00 	13,23,51,569		1.28,0.97	0,0 	0
4123    	20.65, -4.65, -8.89 	-13.04, 8.34, -6.70 	0.00, -0.00 	13,23,51,578		0.96,0.95	0,0 	0
4132    	20.66, -4.65, -8.89 	-13.06, 8.35, -6.69 	0.00, -0.00 	13,23,51,588		0.60,1.38	0,0 	0
4141    	20.68, -4.67, -8.89 	-13.03, 8.33, -6.69 	0.00, -0.00 	13,23,51,598		1.47,2.41	0,0 	0
4149    	20.67, -4.69, -8.89 	-13.03, 8.36, -6.71 	0.00, -0.00 	13,23,51,607		1.56,2.14	0,0 	0
4158    	20.68, -4.68, -8.89 	-13.03, 8.35, -6.71 	0.00, -0.00 	13,23,51,617		0.90,0.67	0,0 	0
4167    	20.67, -4.67, -8.90 	-13.00, 8.34, -6.71 	0.00, -0.00 	13,23,51,627		0.96,2.06	0,0 	0
4175    	20.67, -4.68, -8.90 	-12.96, 8.34, -6.72 	0.00, -0.00 	13,23,51,636		0.71,2.57	0,0 	0
4184    	20.66, -4.69, -8.91 	-12.94, 8.35, -6.71 	0.00, -0.00 	13,23,51,646		0.90,1.37	0,0 	0
4193    	20.67, -4.65, -8.92 	-12.89, 8.34, -6.72 	0.00, -0.00 	13,23,51,656		2.23,3.93	0,0 	0
4201    	20.71, -4.70, -8.91 	-12.81, 8.34, -6.73 	0.00, -0.00 	13,23,51,665		3.83,5.13	0,0 	0
4210    	20.74, -4.70, -8.91 	-12.70, 8.32, -6.72 	0.00, -0.00 	13,23,51,675		1.81,6.77	0,0 	0
4219    	20.76, -4.71, -8.91 	-12.59, 8.27, -6.71 	0.00, -0.00 	13,23,51,685		1.47,8.25	0,0 	0
4228    	20.80, -4.74, -8.89 	-12.48, 8.23, -6.71 	0.00, -0.00 	13,23,51,695		3.34,7.65	0,0 	0
4236    	20.81, -4.77, -8.89 	-12.34, 8.18, -6.71 	0.00, -0.00 	13,23,51,704		2.23,10.31	0,0 	0
4245    	20.84, -4.81, -8.88 	-12.18, 8.13, -6.71 	0.00, -0.00 	13,23,51,714		3.22,10.03	0,0 	0
4254    	20.86, -4.85, -8.90 	-11.93, 8.11, -6.75 	0.00, -0.00 	13,23,51,724		2.49,16.76	0,0 	0
4262    	20.99, -4.84, -8.92 	-11.68, 8.05, -6.78 	0.00, -0.00 	13,23,51,733		9.02,17.11	0,0 	0
4270    	21.07, -4.86, -8.92 	-11.49, 7.95, -6.77 	0.00, -0.00 	13,23,51,742		5.00,13.53	0,0 	0
4280    	21.15, -4.91, -8.91 	-11.29, 7.88, -6.75 	0.00, -0.00 	13,23,51,752		5.98,12.74	0,0 	0
4288    	21.30, -4.99, -8.91 	-11.02, 7.79, -6.72 	0.00, -0.00 	13,23,51,761		10.84,18.32	0,0 	0
4296    	21.48, -5.00, -8.87 	-10.69, 7.73, -6.74 	0.00, -0.00 	13,23,51,771		11.46,21.37	0,0 	0
4306    	21.66, -5.09, -8.84 	-10.40, 7.60, -6.72 	0.00, -0.00 	13,23,51,781		12.91,19.86	0,0 	0
4314    	21.76, -5.17, -8.81 	-10.13, 7.53, -6.69 	0.00, -0.00 	13,23,51,790		8.12,18.72	0,0 	0
4323    	21.86, -5.27, -8.85 	-9.90, 7.43, -6.67 	0.00, -0.00 	13,23,51,800		8.97,15.72	0,0 	0
4332    	21.91, -5.42, -8.82 	-9.55, 7.33, -6.67 	0.00, -0.00 	13,23,51,810		10.66,24.07	0,0 	0
4340    	22.06, -5.41, -8.83 	-9.24, 7.26, -6.72 	0.00, -0.00 	13,23,51,819		9.66,21.04	0,0 	0
4349    	22.10, -5.40, -8.85 	-9.01, 7.20, -6.76 	0.00, -0.00 	13,23,51,830		2.50,15.04	0,0 	0
4358    	22.18, -5.42, -8.83 	-8.79, 7.12, -6.82 	0.00, -0.00 	13,23,51,840		5.95,15.65	0,0 	0
4366    	22.31, -5.47, -8.84 	-8.59, 7.08, -6.86 	0.00, -0.00 	13,23,51,848		8.82,13.19	0,0 	0
4375    	22.42, -5.51, -8.81 	-8.38, 7.02, -6.92 	0.00, -0.00 	13,23,51,858		6.84,12.18	0,0 	0
4384    	22.55, -5.55, -8.82 	-8.36, 6.98, -6.95 	0.00, -0.00 	13,23,51,868		8.27,2.95	0,0 	0
4392    	22.65, -5.61, -8.81 	-8.31, 6.94, -6.95 	0.00, -0.00 	13,23,51,877		7.22,3.64	0,0 	0
4401    	22.69, -5.68, -8.81 	-8.26, 6.93, -6.98 	0.00, -0.00 	13,23,51,887		4.71,3.46	0,0 	0
4410    	22.75, -5.76, -8.80 	-8.18, 6.88, -6.99 	0.00, -0.00 	13,23,51,897		6.43,5.90	0,0 	0
4419    	22.77, -5.84, -8.79 	-8.07, 6.85, -7.03 	0.00, -0.00 	13,23,51,907		4.81,6.94	0,0 	0
4427    	22.83, -5.95, -8.79 	-7.98, 6.80, -7.07 	0.00, -0.00 	13,23,51,916		7.57,6.62	0,0 	0
4436    	22.85, -5.98, -8.81 	-7.83, 6.76, -7.11 	0.00, -0.00 	13,23,51,926		4.66,18.90	0,0 	0
4445    	22.88, -6.04, -8.80 	-7.64, 6.69, -7.17 	0.00, -0.00 	13,23,51,936		7.01,20.38	0,0 	0
4453    	23.03, -6.05, -8.80 	-7.45, 6.61, -7.22 	0.00, -0.00 	13,23,51,945		19.31,26.48	0,0 	0
4461    	23.15, -6.13, -8.82 	-7.27, 6.52, -7.26 	0.00, -0.00 	13,23,51,954		15.28,21.60	0,0 	0
4471    	23.26, -6.19, -8.83 	-7.09, 6.36, -7.29 	0.00, -0.00 	13,23,51,965		13.21,24.50	0,0 	0
4479    	23.43, -6.28, -8.84 	-6.99, 6.23, -7.31 	0.00, -0.00 	13,23,51,974		23.07,20.19	0,0 	0
4488    	23.54, -6.38, -8.86 	-6.90, 6.11, -7.33 	0.00, -0.00 	13,23,51,984		17.46,16.35	0,0 	0
4497    	23.67, -6.55, -8.85 	-6.76, 6.01, -7.38 	0.00, -0.00 	13,23,51,994		23.50,19.41	0,0 	0
4505    	23.86, -6.67, -8.81 	-6.66, 5.94, -7.43 	0.00, -0.00 	13,23,52,3		28.18,15.35	0,0 	0
4514    	23.91, -6.93, -8.76 	-6.50, 5.85, -7.49 	0.00, -0.00 	13,23,52,13		28.91,20.64	0,0 	0
4523    	24.05, -7.11, -8.77 	-6.31, 5.76, -7.54 	0.00, -0.00 	13,23,52,23		25.74,23.53	0,0 	0
4531    	24.23, -7.21, -8.78 	-6.10, 5.71, -7.59 	0.00, -0.00 	13,23,52,32		26.47,26.23	0,0 	0
4540    	24.45, -7.28, -8.79 	-5.86, 5.58, -7.63 	0.00, -0.00 	13,23,52,42		24.59,30.49	0,0 	0
4549    	24.61, -7.33, -8.83 	-5.69, 5.52, -7.66 	0.00, -0.00 	13,23,52,52		19.13,20.23	0,0 	0
4557    	24.81, -7.43, -8.85 	-5.45, 5.41, -7.68 	0.00, -0.00 	13,23,52,61		24.87,29.42	0,0 	0
4566    	25.09, -7.45, -8.84 	-5.23, 5.29, -7.69 	0.00, -0.00 	13,23,52,71		31.13,27.08	0,0 	0
4575    	25.28, -7.60, -8.82 	-4.97, 5.20, -7.70 	0.00, -0.00 	13,23,52,81		27.06,30.94	0,0 	0
4583    	25.49, -7.77, -8.76 	-4.80, 5.10, -7.69 	0.00, -0.00 	13,23,52,90		29.38,22.16	0,0 	0
4592    	25.54, -7.99, -8.74 	-4.65, 5.00, -7.66 	0.00, -0.00 	13,23,52,100		25.67,19.41	0,0 	0
4601    	25.64, -8.13, -8.75 	-4.47, 4.88, -7.62 	0.00, -0.00 	13,23,52,110		21.08,27.36	0,0 	0
4610    	25.72, -8.26, -8.78 	-4.27, 4.85, -7.60 	0.00, -0.00 	13,23,52,120		16.58,22.79	0,0 	0
4618    	25.75, -8.42, -8.79 	-4.01, 4.82, -7.57 	0.00, -0.00 	13,23,52,129		20.55,32.63	0,0 	0
4627    	25.84, -8.57, -8.80 	-3.79, 4.78, -7.55 	0.00, -0.00 	13,23,52,139		21.56,28.26	0,0 	0
4636    	26.01, -8.72, -8.80 	-3.52, 4.69, -7.48 	0.00, -0.00 	13,23,52,149		25.41,31.55	0,0 	0
4644    	26.20, -8.83, -8.82 	-3.27, 4.55, -7.38 	0.00, -0.00 	13,23,52,158		27.16,36.01	0,0 	0
4653    	26.41, -8.95, -8.81 	-3.13, 4.44, -7.28 	0.00, -0.00 	13,23,52,168		26.90,19.25	0,0 	0
4662    	26.58, -9.02, -8.81 	-2.93, 4.35, -7.21 	0.00, -0.00 	13,23,52,178		20.53,25.02	0,0 	0
4670    	26.72, -9.17, -8.78 	-2.82, 4.27, -7.16 	0.00, -0.00 	13,23,52,187		25.13,16.32	0,0 	0
4679    	26.83, -9.27, -8.76 	-2.65, 4.21, -7.12 	0.00, -0.00 	13,23,52,197		17.46,20.23	0,0 	0
4688    	26.97, -9.37, -8.75 	-2.45, 4.16, -7.08 	0.00, -0.00 	13,23,52,207		18.38,22.28	0,0 	0
4696    	27.07, -9.44, -8.75 	-2.30, 4.12, -7.07 	0.00, -0.00 	13,23,52,216		16.19,20.05	0,0 	0
4705    	27.10, -9.54, -8.73 	-2.17, 4.05, -7.05 	0.00, -0.00 	13,23,52,226		11.13,15.72	0,0 	0
4714    	27.24, -9.58, -8.72 	-2.10, 4.01, -7.04 	0.00, -0.00 	13,23,52,236		15.71,9.85	0,0 	0
4722    	27.32, -9.69, -8.72 	-1.94, 3.95, -7.02 	0.00, -0.00 	13,23,52,245		17.17,20.47	0,0 	0
4731    	27.47, -9.70, -8.74 	-1.89, 3.91, -7.00 	0.00, -0.00 	13,23,52,255		16.10,7.21	0,0 	0
4740    	27.54, -9.76, -8.74 	-1.80, 3.87, -7.00 	0.00, -0.00 	13,23,52,265		11.12,11.77	0,0 	0
4748    	27.66, -9.76, -8.75 	-1.76, 3.87, -7.01 	0.00, -0.00 	13,23,52,274		12.85,4.28	0,0 	0
4757    	27.76, -9.77, -8.74 	-1.67, 3.83, -7.02 	0.00, -0.00 	13,23,52,284		10.77,10.31	0,0 	0
4766    	27.82, -9.75, -8.75 	-1.62, 3.83, -7.03 	0.00, -0.00 	13,23,52,294		7.86,5.35	0,0 	0
4774    	27.92, -9.88, -8.74 	-1.57, 3.84, -7.04 	0.00, -0.00 	13,23,52,303		17.78,6.51	0,0 	0
4783    	27.91, -9.96, -8.70 	-1.54, 3.83, -7.04 	0.00, -0.00 	13,23,52,313		9.53,3.44	0,0 	0
4792    	27.90, -10.12, -8.69 	-1.51, 3.80, -7.04 	0.00, -0.00 	13,23,52,323		20.01,5.43	0,0 	0
4801    	28.09, -10.19, -8.72 	-1.47, 3.78, -7.04 	0.00, -0.00 	13,23,52,333		22.55,4.92	0,0 	0
4809    	28.12, -10.28, -8.71 	-1.39, 3.71, -7.02 	0.00, -0.00 	13,23,52,342		12.52,12.62	0,0 	0
4818    	28.20, -10.26, -8.75 	-1.29, 3.67, -7.03 	0.00, -0.00 	13,23,52,352		8.89,12.75	0,0 	0
4827    	28.29, -10.34, -8.75 	-1.09, 3.58, -7.05 	0.00, -0.00 	13,23,52,362		12.70,23.53	0,0 	0
4835    	28.34, -10.49, -8.76 	-0.91, 3.48, -7.05 	0.00, -0.00 	13,23,52,371		19.99,25.99	0,0 	0
4844    	28.42, -10.66, -8.73 	-0.74, 3.38, -7.04 	0.00, -0.00 	13,23,52,381		20.78,22.77	0,0 	0
4853    	28.45, -10.89, -8.69 	-0.54, 3.28, -7.04 	0.00, -0.00 	13,23,52,391		26.24,24.05	0,0 	0
4861    	28.45, -11.16, -8.62 	-0.47, 3.14, -7.02 	0.00, -0.00 	13,23,52,400		33.30,19.42	0,0 	0
4870    	28.53, -11.29, -8.59 	-0.41, 3.05, -7.04 	0.00, -0.00 	13,23,52,410		17.16,12.19	0,0 	0
4879    	28.55, -11.40, -8.54 	-0.37, 2.95, -7.02 	0.00, -0.00 	13,23,52,420		13.20,12.69	0,0 	0
4887    	28.66, -11.51, -8.49 	-0.33, 2.90, -7.04 	0.00, -0.00 	13,23,52,429		18.78,7.25	0,0 	0
4896    	28.62, -11.72, -8.44 	-0.28, 2.83, -7.03 	0.00, -0.00 	13,23,52,439		24.06,9.95	0,0 	0
4905    	28.70, -11.90, -8.43 	-0.22, 2.77, -7.04 	0.00, -0.00 	13,23,52,449		21.87,8.81	0,0 	0
4913    	28.85, -12.06, -8.40 	-0.16, 2.68, -7.03 	0.00, -0.00 	13,23,52,458		27.75,14.12	0,0 	0
4922    	28.96, -12.20, -8.35 	-0.11, 2.59, -7.03 	0.00, -0.00 	13,23,52,468		19.37,10.97	0,0 	0
4931    	29.06, -12.26, -8.30 	-0.08, 2.50, -7.02 	0.00, -0.00 	13,23,52,478		13.17,10.48	0,0 	0
4939    	29.11, -12.46, -8.22 	-0.06, 2.38, -6.98 	0.00, -0.00 	13,23,52,487		23.12,14.45	0,0 	0
4948    	29.17, -12.62, -8.18 	-0.07, 2.25, -6.96 	0.00, -0.00 	13,23,52,497		18.88,14.38	0,0 	0
4957    	29.19, -12.82, -8.12 	-0.04, 2.15, -6.95 	0.00, -0.00 	13,23,52,507		22.59,11.21	0,0 	0
4965    	29.17, -12.95, -8.06 	-0.04, 2.10, -6.94 	0.00, -0.00 	13,23,52,516		14.37,5.94	0,0 	0
4974    	29.13, -13.09, -8.03 	0.00, 2.02, -6.96 	0.00, -0.00 	13,23,52,526		15.98,9.95	0,0 	0
4983    	29.12, -13.14, -8.01 	0.04, 1.96, -6.94 	0.00, -0.00 	13,23,52,536		6.02,8.37	0,0 	0
4992    	29.22, -13.10, -8.02 	0.07, 1.90, -6.95 	0.00, -0.00 	13,23,52,546		11.71,6.79	0,0 	0
5000    	29.24, -13.16, -8.02 	0.19, 1.85, -6.94 	0.00, -0.00 	13,23,52,555		8.34,16.00	0,0 	0
5009    	29.37, -13.20, -8.00 	0.22, 1.81, -6.93 	0.00, -0.00 	13,23,52,565		15.71,5.77	0,0 	0
5018    	29.33, -13.23, -7.97 	0.26, 1.77, -6.92 	0.00, -0.00 	13,23,52,575		4.89,5.61	0,0 	0
5026    	29.37, -13.32, -7.92 	0.27, 1.76, -6.93 	0.00, -0.00 	13,23,52,584		12.91,1.81	0,0 	0
5035    	29.36, -13.40, -7.89 	0.29, 1.71, -6.91 	0.00, -0.00 	13,23,52,594		8.36,6.34	0,0 	0
5044    	29.41, -13.35, -7.90 	0.31, 1.70, -6.90 	0.00, -0.00 	13,23,52,604		7.15,3.44	0,0 	0
5052    	29.46, -13.39, -7.88 	0.32, 1.65, -6.88 	0.00, -0.00 	13,23,52,613		7.22,6.68	0,0 	0
5061    	29.50, -13.43, -7.86 	0.31, 1.64, -6.86 	0.00, -0.00 	13,23,52,623		7.14,1.59	0,0 	0
5070    	29.45, -13.48, -7.86 	0.31, 1.62, -6.87 	0.00, -0.00 	13,23,52,633		8.74,1.19	0,0 	0
5078    	29.44, -13.48, -7.85 	0.33, 1.61, -6.86 	0.00, -0.00 	13,23,52,642		1.20,3.87	0,0 	0
5087    	29.47, -13.43, -7.85 	0.33, 1.62, -6.88 	0.00, -0.00 	13,23,52,652		6.74,1.19	0,0 	0
5096    	29.50, -13.42, -7.86 	0.34, 1.58, -6.88 	0.00, -0.00 	13,23,52,662		3.42,4.89	0,0 	0
5104    	29.50, -13.45, -7.83 	0.35, 1.57, -6.88 	0.00, -0.00 	13,23,52,671		4.17,1.81	0,0 	0
5113    	29.59, -13.41, -7.85 	0.33, 1.53, -6.88 	0.00, -0.00 	13,23,52,681		10.74,5.69	0,0 	0
5122    	29.60, -13.43, -7.85 	0.35, 1.53, -6.87 	0.00, -0.00 	13,23,52,691		2.60,2.14	0,0 	0
5130    	29.53, -13.47, -7.86 	0.38, 1.47, -6.86 	0.00, -0.00 	13,23,52,700		8.87,7.37	0,0 	0
5139    	29.56, -13.46, -7.85 	0.36, 1.43, -6.87 	0.00, -0.00 	13,23,52,710		3.42,5.69	0,0 	0
5148    	29.53, -13.49, -7.80 	0.36, 1.38, -6.85 	0.00, -0.00 	13,23,52,720		4.79,5.94	0,0 	0
