#Time 	Sensor1         Sensor2         Target          Time            Vel             
#================================================================

10      	30.75, -14.76, -7.80 	-0.39, 0.42, -6.66 	-9.64, 11.49 	13,21,13,681		0.00,0.00	0,0 	0
16      	30.74, -14.75, -7.82 	-0.38, 0.40, -6.67 	-9.64, 11.49 	13,21,13,690		2.39,3.93	0,0 	0
24      	30.78, -14.76, -7.81 	-0.38, 0.40, -6.68 	-9.64, 11.49 	13,21,13,699		6.17,0.00	0,0 	0
33      	30.77, -14.77, -7.83 	-0.40, 0.40, -6.67 	-9.64, 11.49 	13,21,13,709		2.45,2.14	0,0 	0
42      	30.77, -14.77, -7.84 	-0.40, 0.40, -6.67 	-9.64, 11.49 	13,21,13,719		0.00,0.00	0,0 	0
50      	30.78, -14.77, -7.84 	-0.40, 0.40, -6.67 	-9.64, 11.49 	13,21,13,728		2.41,0.00	0,0 	0
59      	30.80, -14.76, -7.86 	-0.40, 0.39, -6.66 	-9.64, 11.49 	13,21,13,738		2.45,1.19	0,0 	0
68      	30.80, -14.77, -7.86 	-0.45, 0.39, -6.66 	-9.64, 11.49 	13,21,13,748		1.18,5.35	0,0 	0
76      	30.80, -14.77, -7.86 	-0.42, 0.41, -6.67 	-9.64, 11.49 	13,21,13,757		0.00,4.46	0,0 	0
85      	30.78, -14.76, -7.88 	-0.42, 0.41, -6.67 	-9.64, 11.49 	13,21,13,767		2.45,0.00	0,0 	0
94      	30.78, -14.77, -7.89 	-0.42, 0.41, -6.67 	-9.64, 11.49 	13,21,13,777		1.18,0.00	0,0 	0
102     	30.80, -14.75, -7.88 	-0.43, 0.41, -6.67 	-9.64, 11.49 	13,21,13,786		3.59,1.20	0,0 	0
111     	30.81, -14.77, -7.88 	-0.43, 0.42, -6.66 	-9.64, 11.49 	13,21,13,796		2.60,1.19	0,0 	0
120     	30.82, -14.77, -7.89 	-0.40, 0.40, -6.67 	-9.64, 11.49 	13,21,13,806		1.07,4.02	0,0 	0
128     	30.87, -14.76, -7.89 	-0.39, 0.38, -6.66 	-9.64, 11.49 	13,21,13,815		6.17,2.95	0,0 	0
137     	30.86, -14.76, -7.89 	-0.38, 0.37, -6.66 	-9.64, 11.49 	13,21,13,825		1.07,1.61	0,0 	0
146     	30.85, -14.77, -7.90 	-0.35, 0.41, -6.65 	-9.64, 11.49 	13,21,13,835		1.60,5.69	0,0 	0
154     	30.86, -14.79, -7.90 	-0.36, 0.40, -6.67 	-9.64, 11.49 	13,21,13,844		2.92,1.78	0,0 	0
163     	30.86, -14.80, -7.90 	-0.34, 0.41, -6.67 	-9.64, 11.49 	13,21,13,854		1.18,2.43	0,0 	0
172     	30.84, -14.79, -7.91 	-0.36, 0.41, -6.67 	-9.64, 11.49 	13,21,13,864		2.45,2.14	0,0 	0
180     	30.87, -14.77, -7.92 	-0.36, 0.43, -6.66 	-9.64, 11.49 	13,21,13,873		4.49,2.67	0,0 	0
189     	30.89, -14.78, -7.92 	-0.37, 0.44, -6.67 	-9.64, 11.49 	13,21,13,883		2.45,1.61	0,0 	0
197     	30.91, -14.81, -7.93 	-0.30, 0.45, -6.68 	-9.64, 11.49 	13,21,13,892		4.66,8.51	0,0 	0
207     	30.95, -14.79, -7.93 	-0.32, 0.46, -6.68 	-9.64, 11.49 	13,21,13,903		4.40,2.22	0,0 	0
215     	30.95, -14.84, -7.91 	-0.29, 0.45, -6.67 	-9.64, 11.49 	13,21,13,912		5.33,3.87	0,0 	0
223     	30.95, -14.88, -7.90 	-0.25, 0.45, -6.65 	-9.64, 11.49 	13,21,13,921		5.33,4.81	0,0 	0
233     	30.96, -14.91, -7.90 	-0.29, 0.43, -6.64 	-9.64, 11.49 	13,21,13,932		3.34,4.38	0,0 	0
241     	30.94, -14.93, -7.89 	-0.27, 0.44, -6.63 	-9.64, 11.49 	13,21,13,941		3.59,2.73	0,0 	0
250     	30.95, -15.00, -7.88 	-0.30, 0.48, -6.65 	-9.64, 11.49 	13,21,13,951		7.18,4.83	0,0 	0
259     	30.95, -15.02, -7.86 	-0.30, 0.45, -6.65 	-9.64, 11.49 	13,21,13,961		2.37,2.38	0,0 	0
267     	30.92, -15.01, -7.89 	-0.32, 0.46, -6.65 	-9.64, 11.49 	13,21,13,970		3.85,2.77	0,0 	0
276     	30.91, -15.03, -7.89 	-0.29, 0.48, -6.65 	-9.64, 11.49 	13,21,13,980		2.60,3.40	0,0 	0
285     	30.93, -15.01, -7.91 	-0.29, 0.50, -6.66 	-9.64, 11.49 	13,21,13,990		3.19,2.38	0,0 	0
293     	31.00, -15.04, -7.89 	-0.28, 0.48, -6.64 	-9.64, 11.49 	13,21,13,999		9.33,2.95	0,0 	0
302     	30.97, -15.09, -7.89 	-0.28, 0.51, -6.64 	-9.64, 11.49 	13,21,14,9		6.74,3.56	0,0 	0
311     	30.98, -15.12, -7.85 	-0.28, 0.51, -6.64 	-9.64, 11.49 	13,21,14,19		3.71,0.00	0,0 	0
319     	30.97, -15.13, -7.85 	-0.26, 0.47, -6.63 	-9.64, 11.49 	13,21,14,28		1.80,4.71	0,0 	0
328     	31.01, -15.18, -7.84 	-0.28, 0.49, -6.63 	-9.64, 11.49 	13,21,14,38		6.38,2.46	0,0 	0
337     	31.02, -15.19, -7.84 	-0.30, 0.50, -6.63 	-9.64, 11.49 	13,21,14,48		1.60,2.46	0,0 	0
345     	31.02, -15.22, -7.82 	-0.32, 0.50, -6.63 	-9.64, 11.49 	13,21,14,57		4.00,2.41	0,0 	0
354     	31.00, -15.21, -7.82 	-0.30, 0.51, -6.63 	-9.64, 11.49 	13,21,14,67		2.45,2.43	0,0 	0
363     	31.02, -15.18, -7.83 	-0.31, 0.51, -6.64 	-9.64, 11.49 	13,21,14,77		4.15,1.07	0,0 	0
372     	31.02, -15.19, -7.82 	-0.30, 0.51, -6.63 	-9.64, 11.49 	13,21,14,87		1.60,1.07	0,0 	0
380     	31.04, -15.16, -7.82 	-0.28, 0.51, -6.63 	-9.64, 11.49 	13,21,14,96		4.67,2.41	0,0 	0
389     	31.03, -15.18, -7.83 	-0.25, 0.50, -6.62 	-9.64, 11.49 	13,21,14,106		2.60,3.44	0,0 	0
398     	31.08, -15.18, -7.80 	-0.26, 0.50, -6.62 	-9.64, 11.49 	13,21,14,116		5.35,1.07	0,0 	0
406     	31.07, -15.19, -7.80 	-0.23, 0.50, -6.61 	-9.64, 11.49 	13,21,14,125		1.80,3.61	0,0 	0
414     	31.08, -15.19, -7.80 	-0.24, 0.47, -6.62 	-9.64, 11.49 	13,21,14,134		1.20,2.91	0,0 	0
424     	31.07, -15.24, -7.79 	-0.26, 0.51, -6.62 	-9.64, 11.49 	13,21,14,145		5.41,3.77	0,0 	0
432     	31.07, -15.26, -7.79 	-0.26, 0.49, -6.61 	-9.64, 11.49 	13,21,14,154		2.66,2.67	0,0 	0
441     	31.08, -15.26, -7.77 	-0.28, 0.50, -6.61 	-9.64, 11.49 	13,21,14,164		1.07,2.46	0,0 	0
450     	31.07, -15.27, -7.77 	-0.28, 0.50, -6.61 	-9.64, 11.49 	13,21,14,174		1.60,0.00	0,0 	0
458     	31.13, -15.26, -7.77 	-0.25, 0.51, -6.61 	-9.64, 11.49 	13,21,14,183		7.35,3.83	0,0 	0
467     	31.12, -15.26, -7.78 	-0.25, 0.50, -6.62 	-9.64, 11.49 	13,21,14,193		1.07,1.19	0,0 	0
476     	31.19, -15.25, -7.76 	-0.23, 0.52, -6.62 	-9.64, 11.49 	13,21,14,203		7.59,3.96	0,0 	0
484     	31.20, -15.24, -7.76 	-0.23, 0.51, -6.62 	-9.64, 11.49 	13,21,14,212		1.80,1.78	0,0 	0
493     	31.19, -15.25, -7.76 	-0.25, 0.53, -6.62 	-9.64, 11.49 	13,21,14,222		1.60,3.22	0,0 	0
502     	31.20, -15.22, -7.76 	-0.25, 0.51, -6.62 	-9.64, 11.49 	13,21,14,232		3.71,2.38	0,0 	0
510     	31.22, -15.21, -7.76 	-0.22, 0.51, -6.62 	-9.64, 11.49 	13,21,14,241		2.75,4.81	0,0 	0
519     	31.20, -15.24, -7.74 	-0.24, 0.53, -6.63 	-9.64, 11.49 	13,21,14,251		4.15,3.22	0,0 	0
528     	31.19, -15.22, -7.76 	-0.24, 0.53, -6.63 	-9.64, 11.49 	13,21,14,261		2.60,1.07	0,0 	0
536     	31.20, -15.22, -7.76 	-0.24, 0.53, -6.63 	-9.64, 11.49 	13,21,14,270		1.20,0.00	0,0 	0
545     	31.20, -15.22, -7.75 	-0.24, 0.52, -6.63 	-9.64, 11.49 	13,21,14,280		0.00,1.19	0,0 	0
554     	31.20, -15.24, -7.76 	-0.21, 0.52, -6.63 	-9.64, 11.49 	13,21,14,290		2.37,4.28	0,0 	0
562     	31.21, -15.26, -7.73 	-0.23, 0.53, -6.64 	-9.64, 11.49 	13,21,14,299		2.92,2.77	0,0 	0
571     	31.23, -15.24, -7.75 	-0.23, 0.53, -6.64 	-9.64, 11.49 	13,21,14,309		3.19,0.00	0,0 	0
580     	31.23, -15.22, -7.74 	-0.24, 0.54, -6.64 	-9.64, 11.49 	13,21,14,319		2.37,1.61	0,0 	0
589     	31.24, -15.24, -7.72 	-0.24, 0.53, -6.64 	-9.64, 11.49 	13,21,14,329		2.60,1.19	0,0 	0
597     	31.20, -15.24, -7.74 	-0.23, 0.52, -6.64 	-9.64, 11.49 	13,21,14,338		4.82,1.81	0,0 	0
605     	31.19, -15.28, -7.73 	-0.23, 0.52, -6.64 	-9.64, 11.49 	13,21,14,347		5.46,1.20	0,0 	0
615     	31.19, -15.28, -7.72 	-0.24, 0.53, -6.64 	-9.64, 11.49 	13,21,14,358		0.00,1.07	0,0 	0
623     	31.17, -15.29, -7.73 	-0.24, 0.53, -6.65 	-9.64, 11.49 	13,21,14,367		2.75,1.20	0,0 	0
632     	31.17, -15.27, -7.73 	-0.24, 0.53, -6.65 	-9.64, 11.49 	13,21,14,377		2.37,0.00	0,0 	0
641     	31.17, -15.27, -7.73 	-0.26, 0.52, -6.64 	-9.64, 11.49 	13,21,14,387		0.00,2.43	0,0 	0
649     	31.16, -15.25, -7.74 	-0.23, 0.53, -6.64 	-9.64, 11.49 	13,21,14,396		2.92,4.97	0,0 	0
658     	31.22, -15.24, -7.73 	-0.23, 0.54, -6.64 	-9.64, 11.49 	13,21,14,406		6.53,1.19	0,0 	0
667     	31.24, -15.22, -7.72 	-0.23, 0.54, -6.64 	-9.64, 11.49 	13,21,14,416		3.19,0.00	0,0 	0
675     	31.25, -15.23, -7.73 	-0.24, 0.54, -6.65 	-9.64, 11.49 	13,21,14,425		1.79,1.20	0,0 	0
684     	31.23, -15.22, -7.73 	-0.24, 0.54, -6.65 	-9.64, 11.49 	13,21,14,435		2.45,0.00	0,0 	0
693     	31.23, -15.23, -7.71 	-0.24, 0.54, -6.65 	-9.64, 11.49 	13,21,14,445		1.18,0.00	0,0 	0
701     	31.24, -15.24, -7.70 	-0.24, 0.54, -6.65 	-9.64, 11.49 	13,21,14,454		1.80,0.00	0,0 	0
710     	31.23, -15.23, -7.71 	-0.24, 0.55, -6.65 	-9.64, 11.49 	13,21,14,464		1.60,1.61	0,0 	0
719     	31.23, -15.24, -7.71 	-0.25, 0.57, -6.65 	-9.64, 11.49 	13,21,14,474		1.18,2.62	0,0 	0
727     	31.23, -15.23, -7.73 	-0.24, 0.55, -6.63 	-9.64, 11.49 	13,21,14,483		1.33,2.95	0,0 	0
736     	31.23, -15.23, -7.73 	-0.26, 0.54, -6.62 	-9.64, 11.49 	13,21,14,493		0.00,2.43	0,0 	0
745     	31.21, -15.26, -7.72 	-0.26, 0.53, -6.63 	-9.64, 11.49 	13,21,14,503		4.15,1.19	0,0 	0
754     	31.19, -15.27, -7.72 	-0.27, 0.54, -6.63 	-9.64, 11.49 	13,21,14,513		2.45,1.61	0,0 	0
762     	31.22, -15.24, -7.72 	-0.27, 0.54, -6.63 	-9.64, 11.49 	13,21,14,522		5.39,0.00	0,0 	0
771     	31.20, -15.25, -7.71 	-0.24, 0.54, -6.63 	-9.64, 11.49 	13,21,14,532		2.45,3.21	0,0 	0
780     	31.19, -15.30, -7.69 	-0.24, 0.55, -6.63 	-9.64, 11.49 	13,21,14,542		6.02,1.19	0,0 	0
788     	31.19, -15.30, -7.68 	-0.24, 0.55, -6.63 	-9.64, 11.49 	13,21,14,551		0.00,0.00	0,0 	0
796     	31.20, -15.32, -7.68 	-0.24, 0.55, -6.63 	-9.64, 11.49 	13,21,14,560		1.79,0.00	0,0 	0
806     	31.19, -15.29, -7.68 	-0.25, 0.56, -6.63 	-9.64, 11.49 	13,21,14,571		2.34,1.45	0,0 	0
814     	31.19, -15.32, -7.69 	-0.24, 0.55, -6.63 	-9.64, 11.49 	13,21,14,580		2.66,1.81	0,0 	0
823     	31.21, -15.29, -7.69 	-0.24, 0.55, -6.63 	-9.64, 11.49 	13,21,14,590		3.19,0.00	0,0 	0
832     	31.22, -15.26, -7.69 	-0.25, 0.54, -6.64 	-9.64, 11.49 	13,21,14,600		3.71,1.59	0,0 	0
840     	31.23, -15.29, -7.69 	-0.25, 0.54, -6.64 	-9.64, 11.49 	13,21,14,609		4.17,0.00	0,0 	0
849     	31.27, -15.27, -7.69 	-0.25, 0.54, -6.64 	-9.64, 11.49 	13,21,14,619		4.89,0.00	0,0 	0
858     	31.26, -15.28, -7.69 	-0.25, 0.55, -6.63 	-9.64, 11.49 	13,21,14,629		1.60,1.19	0,0 	0
866     	31.27, -15.29, -7.66 	-0.25, 0.55, -6.64 	-9.64, 11.49 	13,21,14,638		1.80,0.00	0,0 	0
875     	31.25, -15.34, -7.67 	-0.25, 0.55, -6.64 	-9.64, 11.49 	13,21,14,648		5.20,0.00	0,0 	0
884     	31.23, -15.32, -7.67 	-0.26, 0.56, -6.64 	-9.64, 11.49 	13,21,14,658		3.19,1.61	0,0 	0
892     	31.23, -15.32, -7.68 	-0.26, 0.56, -6.64 	-9.64, 11.49 	13,21,14,667		0.00,0.00	0,0 	0
901     	31.25, -15.30, -7.67 	-0.26, 0.56, -6.64 	-9.64, 11.49 	13,21,14,677		2.45,0.00	0,0 	0
910     	31.24, -15.30, -7.69 	-0.26, 0.56, -6.64 	-9.64, 11.49 	13,21,14,687		1.07,0.00	0,0 	0
918     	31.23, -15.32, -7.69 	-0.26, 0.58, -6.64 	-9.64, 11.49 	13,21,14,696		1.80,2.67	0,0 	0
927     	31.22, -15.30, -7.70 	-0.26, 0.58, -6.64 	-9.64, 11.49 	13,21,14,706		1.60,0.00	0,0 	0
936     	31.26, -15.32, -7.70 	-0.24, 0.59, -6.64 	-9.64, 11.49 	13,21,14,716		4.44,3.40	0,0 	0
945     	31.25, -15.32, -7.68 	-0.24, 0.59, -6.64 	-9.64, 11.49 	13,21,14,726		1.07,0.00	0,0 	0
953     	31.26, -15.32, -7.69 	-0.24, 0.59, -6.64 	-9.64, 11.49 	13,21,14,735		1.20,0.00	0,0 	0
962     	31.24, -15.33, -7.68 	-0.24, 0.59, -6.64 	-9.64, 11.49 	13,21,14,745		2.45,0.00	0,0 	0
971     	31.21, -15.37, -7.68 	-0.24, 0.59, -6.64 	-9.64, 11.49 	13,21,14,755		5.72,0.00	0,0 	0
979     	31.19, -15.40, -7.67 	-0.24, 0.59, -6.64 	-9.64, 11.49 	13,21,14,764		4.67,0.00	0,0 	0
988     	31.19, -15.40, -7.67 	-0.24, 0.59, -6.64 	-9.64, 11.49 	13,21,14,774		0.00,0.00	0,0 	0
997     	31.19, -15.40, -7.67 	-0.24, 0.59, -6.64 	-9.64, 11.49 	13,21,14,784		0.00,0.00	0,0 	0
1005    	31.21, -15.41, -7.68 	-0.25, 0.60, -6.63 	-9.64, 11.49 	13,21,14,793		2.75,1.81	1000,1 	0
1013    	31.21, -15.43, -7.68 	-0.25, 0.60, -6.63 	-9.64, 11.49 	13,21,14,802		2.66,1.20	1000,1 	0
1023    	31.24, -15.40, -7.68 	-0.25, 0.59, -6.63 	-9.64, 11.49 	13,21,14,813		4.31,1.07	1000,1 	0
1031    	31.23, -15.40, -7.69 	-0.25, 0.58, -6.63 	-9.64, 11.49 	13,21,14,822		1.20,1.81	1000,1 	0
1040    	31.23, -15.41, -7.66 	-0.25, 0.58, -6.63 	-9.64, 11.49 	13,21,14,832		1.18,0.00	1000,1 	0
1049    	31.23, -15.43, -7.66 	-0.25, 0.58, -6.63 	-9.64, 11.49 	13,21,14,842		2.37,0.00	1000,1 	0
1057    	31.25, -15.43, -7.66 	-0.25, 0.58, -6.63 	-9.64, 11.49 	13,21,14,851		2.41,0.00	1000,1 	0
1066    	31.23, -15.40, -7.67 	-0.25, 0.58, -6.63 	-9.64, 11.49 	13,21,14,861		4.15,0.00	1000,1 	0
1075    	31.25, -15.39, -7.67 	-0.25, 0.58, -6.63 	-9.64, 11.49 	13,21,14,871		2.45,0.00	1000,1 	0
1083    	31.24, -15.38, -7.69 	-0.24, 0.57, -6.62 	-9.64, 11.49 	13,21,14,880		1.79,1.34	1000,1 	0
1092    	31.24, -15.39, -7.69 	-0.24, 0.57, -6.63 	-9.64, 11.49 	13,21,14,890		1.18,0.00	1000,1 	0
1101    	31.23, -15.38, -7.69 	-0.25, 0.58, -6.63 	-9.64, 11.49 	13,21,14,900		1.60,1.19	1000,1 	0
1109    	31.22, -15.40, -7.69 	-0.22, 0.58, -6.63 	-9.64, 11.49 	13,21,14,909		2.92,3.61	1000,1 	0
1118    	31.22, -15.40, -7.67 	-0.24, 0.56, -6.63 	-9.64, 11.49 	13,21,14,919		0.00,3.96	1000,1 	0
1127    	31.23, -15.38, -7.67 	-0.25, 0.56, -6.63 	-9.64, 11.49 	13,21,14,929		2.60,1.07	1000,1 	0
1136    	31.22, -15.37, -7.66 	-0.24, 0.56, -6.63 	-9.64, 11.49 	13,21,14,939		1.60,1.07	1000,1 	0
1144    	31.21, -15.39, -7.67 	-0.25, 0.56, -6.63 	-9.64, 11.49 	13,21,14,948		2.92,1.20	1000,1 	0
1153    	31.22, -15.37, -7.67 	-0.25, 0.57, -6.63 	-9.64, 11.49 	13,21,14,958		2.60,1.19	1000,1 	0
1162    	31.23, -15.36, -7.68 	-0.25, 0.57, -6.63 	-9.64, 11.49 	13,21,14,968		1.60,0.00	1000,1 	0
1170    	31.22, -15.37, -7.68 	-0.25, 0.58, -6.63 	-9.64, 11.49 	13,21,14,977		1.80,1.34	1000,1 	0
1178    	31.24, -15.36, -7.68 	-0.26, 0.57, -6.64 	-9.64, 11.49 	13,21,14,986		2.75,1.78	1000,1 	0
1188    	31.24, -15.35, -7.68 	-0.26, 0.57, -6.64 	-9.64, 11.49 	13,21,14,997		1.07,0.00	1000,1 	0
1196    	31.25, -15.32, -7.69 	-0.26, 0.57, -6.64 	-9.64, 11.49 	13,21,15,6		4.17,0.00	1000,1 	0
1204    	31.26, -15.35, -7.68 	-0.26, 0.57, -6.64 	-9.64, 11.49 	13,21,15,15		4.17,0.00	1000,1 	0
1214    	31.26, -15.37, -7.66 	-0.25, 0.57, -6.63 	-9.64, 11.49 	13,21,15,26		2.13,0.96	1000,1 	0
1222    	31.27, -15.38, -7.66 	-0.25, 0.57, -6.63 	-9.64, 11.49 	13,21,15,35		1.79,0.00	1000,1 	0
1231    	31.24, -15.42, -7.66 	-0.25, 0.58, -6.63 	-9.64, 11.49 	13,21,15,45		5.72,1.19	1000,1 	0
1240    	31.22, -15.43, -7.65 	-0.25, 0.57, -6.63 	-9.64, 11.49 	13,21,15,55		2.45,1.19	1000,1 	0
1248    	31.20, -15.44, -7.65 	-0.26, 0.59, -6.63 	-9.64, 11.49 	13,21,15,64		2.75,2.95	1000,1 	0
1257    	31.17, -15.46, -7.65 	-0.25, 0.59, -6.63 	-9.64, 11.49 	13,21,15,74		3.99,1.07	1000,1 	0
1266    	31.17, -15.48, -7.65 	-0.25, 0.59, -6.63 	-9.64, 11.49 	13,21,15,84		1.18,0.00	1000,1 	0
1274    	31.19, -15.44, -7.65 	-0.25, 0.59, -6.63 	-9.64, 11.49 	13,21,15,93		4.67,0.00	1000,1 	0
1283    	31.22, -15.41, -7.66 	-0.25, 0.59, -6.63 	-9.64, 11.49 	13,21,15,103		4.79,0.00	1000,1 	0
1292    	31.26, -15.39, -7.66 	-0.23, 0.60, -6.63 	-9.64, 11.49 	13,21,15,113		4.89,3.40	1000,1 	0
1300    	31.26, -15.40, -7.66 	-0.23, 0.60, -6.63 	-9.64, 11.49 	13,21,15,122		1.33,0.00	1000,1 	0
1309    	31.27, -15.39, -7.66 	-0.23, 0.60, -6.63 	-9.64, 11.49 	13,21,15,132		1.60,0.00	1000,1 	0
1318    	31.27, -15.39, -7.66 	-0.23, 0.60, -6.64 	-9.64, 11.49 	13,21,15,142		0.00,0.00	1000,1 	0
1327    	31.25, -15.40, -7.66 	-0.23, 0.60, -6.64 	-9.64, 11.49 	13,21,15,152		2.45,0.00	1000,1 	0
1335    	31.25, -15.40, -7.67 	-0.24, 0.59, -6.64 	-9.64, 11.49 	13,21,15,161		0.00,1.78	1000,1 	0
1344    	31.25, -15.40, -7.67 	-0.27, 0.59, -6.64 	-9.64, 11.49 	13,21,15,171		0.00,4.28	1000,1 	0
1353    	31.27, -15.38, -7.68 	-0.27, 0.59, -6.64 	-9.64, 11.49 	13,21,15,181		3.19,0.00	1000,1 	0
1361    	31.27, -15.36, -7.69 	-0.27, 0.60, -6.64 	-9.64, 11.49 	13,21,15,190		2.66,1.34	1000,1 	0
1370    	31.26, -15.37, -7.69 	-0.26, 0.61, -6.65 	-9.64, 11.49 	13,21,15,200		1.60,1.59	1000,1 	0
1379    	31.28, -15.35, -7.70 	-0.26, 0.61, -6.65 	-9.64, 11.49 	13,21,15,210		3.99,0.00	1000,1 	0
1387    	31.27, -15.37, -7.71 	-0.25, 0.61, -6.65 	-9.64, 11.49 	13,21,15,219		3.59,1.20	1000,1 	0
1396    	31.27, -15.36, -7.72 	-0.25, 0.61, -6.64 	-9.64, 11.49 	13,21,15,229		1.18,1.07	1000,1 	0
1405    	31.28, -15.35, -7.73 	-0.27, 0.64, -6.65 	-9.64, 11.49 	13,21,15,239		1.60,4.02	1000,1 	0
1413    	31.27, -15.33, -7.74 	-0.25, 0.62, -6.65 	-9.64, 11.49 	13,21,15,248		2.92,3.87	1000,1 	0
1422    	31.28, -15.35, -7.73 	-0.25, 0.61, -6.66 	-9.64, 11.49 	13,21,15,258		2.60,1.59	1000,1 	0
1431    	31.28, -15.30, -7.74 	-0.28, 0.62, -6.66 	-9.64, 11.49 	13,21,15,268		4.86,3.44	1000,1 	0
1439    	31.23, -15.35, -7.76 	-0.32, 0.63, -6.65 	-9.64, 11.49 	13,21,15,277		8.98,4.81	1000,1 	0
1448    	31.26, -15.28, -7.77 	-0.33, 0.60, -6.67 	-9.64, 11.49 	13,21,15,287		7.80,2.59	1000,1 	0
1457    	31.24, -15.26, -7.81 	-0.28, 0.67, -6.69 	-9.64, 11.49 	13,21,15,297		3.19,8.85	1000,1 	0
1465    	31.22, -15.20, -7.84 	-0.32, 0.70, -6.71 	-9.64, 11.49 	13,21,15,306		8.34,6.31	1000,1 	0
1474    	31.22, -15.10, -7.93 	-0.33, 0.73, -6.71 	-9.64, 11.49 	13,21,15,316		10.65,3.74	1000,1 	0
1483    	31.25, -14.96, -7.96 	-0.41, 0.69, -6.68 	-9.64, 11.49 	13,21,15,326		15.72,9.72	1000,1 	0
1491    	31.25, -14.76, -8.06 	-0.56, 0.69, -6.65 	-9.64, 11.49 	13,21,15,335		25.30,19.25	1000,1 	0
1500    	31.23, -14.62, -8.13 	-0.72, 0.70, -6.63 	-9.64, 11.49 	13,21,15,345		15.54,17.17	1000,1 	0
1509    	31.20, -14.51, -8.21 	-0.75, 0.68, -6.62 	-9.64, 11.49 	13,21,15,355		13.41,3.96	1000,1 	0
1518    	31.00, -14.40, -8.36 	-0.75, 0.70, -6.64 	-9.64, 11.49 	13,21,15,365		25.40,2.38	1000,1 	0
1526    	30.84, -14.15, -8.52 	-0.70, 0.72, -6.63 	-9.64, 11.49 	13,21,15,374		36.18,6.54	1000,1 	0
1534    	30.71, -13.87, -8.71 	-0.72, 0.75, -6.66 	-9.64, 11.49 	13,21,15,383		39.70,3.62	1000,1 	0
1544    	30.59, -13.56, -8.86 	-0.68, 0.72, -6.67 	-9.64, 11.49 	13,21,15,394		32.98,4.43	1000,1 	0
1552    	30.58, -13.25, -8.98 	-0.66, 0.73, -6.68 	-9.64, 11.49 	13,21,15,403		38.64,2.73	1000,1 	0
1561    	30.59, -13.02, -9.06 	-0.60, 0.71, -6.68 	-9.64, 11.49 	13,21,15,413		24.88,6.88	1000,1 	0
1570    	30.63, -12.83, -9.10 	-0.61, 0.67, -6.64 	-9.64, 11.49 	13,21,15,423		21.74,4.85	1000,1 	0
1578    	30.55, -12.65, -9.16 	-0.56, 0.63, -6.61 	-9.64, 11.49 	13,21,15,432		25.09,8.11	1000,1 	0
1587    	30.48, -12.53, -9.19 	-0.58, 0.64, -6.61 	-9.64, 11.49 	13,21,15,442		15.02,2.46	1000,1 	0
1596    	30.44, -12.37, -9.22 	-0.50, 0.65, -6.62 	-9.64, 11.49 	13,21,15,452		18.26,9.68	1000,1 	0
1604    	30.33, -12.26, -9.25 	-0.46, 0.69, -6.66 	-9.64, 11.49 	13,21,15,461		20.57,7.14	1000,1 	0
1613    	30.10, -12.17, -9.32 	-0.42, 0.73, -6.66 	-9.64, 11.49 	13,21,15,471		26.37,6.34	1000,1 	0
1622    	29.97, -12.02, -9.40 	-0.29, 0.77, -6.71 	-9.64, 11.49 	13,21,15,481		22.34,14.62	1000,1 	0
1630    	29.86, -11.73, -9.53 	-0.14, 0.87, -6.76 	-9.64, 11.49 	13,21,15,490		38.31,22.54	1000,1 	0
1639    	29.76, -11.39, -9.64 	-0.04, 0.96, -6.79 	-9.64, 11.49 	13,21,15,500		39.66,15.78	1000,1 	0
1648    	29.68, -11.12, -9.73 	-0.08, 1.01, -6.81 	-9.64, 11.49 	13,21,15,510		31.94,7.21	1000,1 	0
1656    	29.59, -10.99, -9.76 	-0.14, 1.09, -6.81 	-9.64, 11.49 	13,21,15,519		20.00,12.99	1000,1 	0
1665    	29.47, -10.88, -9.78 	-0.12, 1.19, -6.85 	-9.64, 11.49 	13,21,15,529		17.46,10.87	1000,1 	0
1674    	29.40, -10.79, -9.78 	-0.23, 1.27, -6.86 	-9.64, 11.49 	13,21,15,539		13.02,14.51	1000,1 	0
1682    	29.29, -10.65, -9.79 	-0.39, 1.35, -6.90 	-9.64, 11.49 	13,21,15,548		22.54,23.22	1000,1 	0
1691    	29.07, -10.51, -9.83 	-0.60, 1.44, -6.93 	-9.64, 11.49 	13,21,15,558		29.02,24.52	1000,1 	0
1700    	28.84, -10.31, -9.86 	-0.68, 1.54, -6.94 	-9.64, 11.49 	13,21,15,568		33.34,13.79	1000,1 	0
1709    	28.60, -10.13, -9.91 	-0.87, 1.58, -6.97 	-9.64, 11.49 	13,21,15,578		33.47,21.98	1000,1 	0
1717    	28.42, -9.94, -9.92 	-1.07, 1.68, -6.99 	-9.64, 11.49 	13,21,15,587		32.18,28.14	1000,1 	0
1726    	28.26, -9.78, -9.94 	-1.35, 1.84, -7.05 	-9.64, 11.49 	13,21,15,597		25.42,36.00	1000,1 	0
1735    	28.10, -9.58, -9.98 	-1.81, 2.09, -7.12 	-9.64, 11.49 	13,21,15,607		28.26,58.51	1000,1 	0
1743    	27.99, -9.29, -10.02 	-2.30, 2.38, -7.26 	-9.64, 11.49 	13,21,15,616		38.74,70.61	1000,1 	0
1751    	27.91, -8.95, -10.04 	-2.76, 2.64, -7.35 	-9.64, 11.49 	13,21,15,625		43.69,66.48	1000,1 	0
1761    	27.77, -8.70, -10.00 	-3.06, 2.79, -7.42 	-9.64, 11.49 	13,21,15,636		29.36,33.10	1000,1 	0
1769    	27.54, -8.47, -9.97 	-3.38, 2.91, -7.47 	-9.64, 11.49 	13,21,15,645		40.20,42.54	1000,1 	0
1778    	27.28, -8.27, -9.93 	-3.64, 3.00, -7.52 	-9.64, 11.49 	13,21,15,655		36.61,30.94	1000,1 	0
1787    	27.02, -8.05, -9.90 	-3.87, 3.13, -7.55 	-9.64, 11.49 	13,21,15,665		38.11,29.55	1000,1 	0
1795    	26.77, -7.82, -9.86 	-4.12, 3.22, -7.57 	-9.64, 11.49 	13,21,15,674		41.97,33.21	1000,1 	0
1804    	26.47, -7.59, -9.83 	-4.38, 3.30, -7.61 	-9.64, 11.49 	13,21,15,684		42.17,30.17	1000,1 	0
1813    	26.24, -7.36, -9.80 	-4.64, 3.39, -7.65 	-9.64, 11.49 	13,21,15,694		35.74,30.53	1000,1 	0
1821    	26.08, -7.16, -9.77 	-4.89, 3.45, -7.66 	-9.64, 11.49 	13,21,15,703		31.79,32.41	1000,1 	0
1830    	26.00, -7.01, -9.70 	-5.09, 3.57, -7.74 	-9.64, 11.49 	13,21,15,713		19.16,25.23	1000,1 	0
1839    	25.87, -6.86, -9.61 	-5.41, 3.65, -7.73 	-9.64, 11.49 	13,21,15,723		21.63,37.42	1000,1 	0
1847    	25.69, -6.76, -9.52 	-5.74, 3.78, -7.76 	-9.64, 11.49 	13,21,15,732		26.47,44.16	1000,1 	0
1856    	25.65, -6.54, -9.46 	-6.07, 3.86, -7.76 	-9.64, 11.49 	13,21,15,742		24.06,37.42	1000,1 	0
1865    	25.60, -6.30, -9.40 	-6.32, 3.95, -7.77 	-9.64, 11.49 	13,21,15,752		27.75,29.52	1000,1 	0
1873    	25.44, -6.15, -9.33 	-6.55, 4.05, -7.75 	-9.64, 11.49 	13,21,15,761		27.68,32.00	1000,1 	0
1882    	25.10, -6.11, -9.26 	-6.83, 4.17, -7.74 	-9.64, 11.49 	13,21,15,771		37.76,33.83	1000,1 	0
1891    	24.76, -6.10, -9.22 	-7.06, 4.29, -7.73 	-9.64, 11.49 	13,21,15,781		37.48,28.98	1000,1 	0
1900    	24.58, -5.95, -9.23 	-7.27, 4.45, -7.73 	-9.64, 11.49 	13,21,15,791		26.23,28.15	1000,1 	0
1908    	24.51, -5.80, -9.21 	-7.42, 4.61, -7.70 	-9.64, 11.49 	13,21,15,800		20.98,28.00	1000,1 	0
1917    	24.47, -5.66, -9.19 	-7.56, 4.78, -7.69 	-9.64, 11.49 	13,21,15,810		15.97,24.37	1000,1 	0
1926    	24.38, -5.58, -9.18 	-7.65, 4.93, -7.66 	-9.64, 11.49 	13,21,15,820		12.70,19.34	1000,1 	0
1934    	24.34, -5.51, -9.18 	-7.72, 5.11, -7.61 	-9.64, 11.49 	13,21,15,829		10.49,24.35	1000,1 	0
1942    	24.26, -5.51, -9.16 	-7.71, 5.29, -7.56 	-9.64, 11.49 	13,21,15,838		9.63,22.73	1000,1 	0
1952    	24.23, -5.46, -9.15 	-7.70, 5.45, -7.50 	-9.64, 11.49 	13,21,15,849		6.57,16.05	1000,1 	0
1960    	24.16, -5.39, -9.13 	-7.70, 5.62, -7.44 	-9.64, 11.49 	13,21,15,858		11.61,21.38	1000,1 	0
1969    	24.10, -5.33, -9.14 	-7.65, 5.75, -7.37 	-9.64, 11.49 	13,21,15,868		9.57,15.15	1000,1 	0
1978    	24.02, -5.29, -9.15 	-7.55, 5.94, -7.33 	-9.64, 11.49 	13,21,15,878		9.78,24.25	1000,1 	0
1986    	23.97, -5.26, -9.15 	-7.39, 6.18, -7.29 	-9.64, 11.49 	13,21,15,887		7.70,35.56	1000,1 	0
1995    	23.93, -5.21, -9.12 	-7.20, 6.50, -7.21 	-9.64, 11.49 	13,21,15,897		7.30,41.28	1000,1 	0
2004    	23.87, -5.18, -9.13 	-7.09, 6.74, -7.10 	-9.64, 11.49 	13,21,15,907		7.34,29.58	1000,1 	0
2012    	23.83, -5.14, -9.14 	-7.12, 6.94, -7.05 	-9.64, 11.49 	13,21,15,916		7.18,24.38	1000,1 	0
2021    	23.82, -5.09, -9.14 	-7.16, 7.03, -7.02 	-9.64, 11.49 	13,21,15,926		4.85,11.58	1000,1 	0
2030    	23.80, -5.06, -9.14 	-7.24, 7.12, -7.03 	-9.64, 11.49 	13,21,15,936		4.15,12.88	1000,1 	0
2038    	23.75, -5.07, -9.13 	-7.34, 7.18, -7.04 	-9.64, 11.49 	13,21,15,945		6.17,15.58	1000,1 	0
2047    	23.73, -5.06, -9.14 	-7.41, 7.26, -7.04 	-9.64, 11.49 	13,21,15,955		3.42,11.27	1000,1 	0
2056    	23.68, -5.07, -9.15 	-7.48, 7.32, -7.05 	-9.64, 11.49 	13,21,15,965		5.48,10.41	1000,1 	0
2064    	23.66, -5.05, -9.14 	-7.54, 7.38, -7.07 	-9.64, 11.49 	13,21,15,974		3.59,9.91	1000,1 	0
2073    	23.58, -5.05, -9.14 	-7.61, 7.42, -7.08 	-9.64, 11.49 	13,21,15,984		8.56,8.93	1000,1 	0
2082    	23.54, -5.03, -9.16 	-7.67, 7.46, -7.11 	-9.64, 11.49 	13,21,15,994		4.89,8.93	1000,1 	0
2091    	23.49, -4.94, -9.18 	-7.71, 7.51, -7.14 	-9.64, 11.49 	13,21,16,4		11.44,6.44	1000,1 	0
2099    	23.46, -4.89, -9.20 	-7.75, 7.57, -7.17 	-9.64, 11.49 	13,21,16,13		7.57,9.41	1000,1 	0
2108    	23.42, -4.84, -9.22 	-7.80, 7.59, -7.21 	-9.64, 11.49 	13,21,16,23		7.30,5.88	1000,1 	0
2117    	23.32, -4.78, -9.22 	-7.89, 7.64, -7.26 	-9.64, 11.49 	13,21,16,33		12.23,10.80	1000,1 	0
2125    	23.23, -4.74, -9.22 	-8.00, 7.68, -7.30 	-9.64, 11.49 	13,21,16,42		13.16,15.47	1000,1 	0
2133    	23.13, -4.68, -9.23 	-8.14, 7.76, -7.37 	-9.64, 11.49 	13,21,16,51		14.45,19.39	1000,1 	0
2143    	23.05, -4.60, -9.22 	-8.31, 7.79, -7.44 	-9.64, 11.49 	13,21,16,62		10.72,17.67	1000,1 	0
2151    	22.92, -4.50, -9.23 	-8.49, 7.87, -7.51 	-9.64, 11.49 	13,21,16,71		21.48,24.83	1000,1 	0
2160    	22.77, -4.41, -9.25 	-8.75, 7.96, -7.62 	-9.64, 11.49 	13,21,16,81		18.64,29.94	1000,1 	0
2169    	22.61, -4.30, -9.28 	-8.89, 8.06, -7.70 	-9.64, 11.49 	13,21,16,91		21.70,19.41	1000,1 	0
2177    	22.47, -4.25, -9.27 	-9.02, 8.11, -7.75 	-9.64, 11.49 	13,21,16,100		18.12,16.60	1000,1 	0
2186    	22.36, -4.16, -9.27 	-9.14, 8.17, -7.81 	-9.64, 11.49 	13,21,16,110		16.68,15.72	1000,1 	0
2195    	22.26, -4.07, -9.27 	-9.24, 8.24, -7.84 	-9.64, 11.49 	13,21,16,120		14.29,12.94	1000,1 	0
2203    	22.18, -4.03, -9.26 	-9.33, 8.29, -7.88 	-9.64, 11.49 	13,21,16,129		12.07,13.85	1000,1 	0
2212    	22.11, -4.02, -9.23 	-9.39, 8.36, -7.91 	-9.64, 11.49 	13,21,16,139		7.58,10.58	1000,1 	0
2221    	22.05, -3.97, -9.20 	-9.46, 8.46, -7.91 	-9.64, 11.49 	13,21,16,149		7.98,13.14	1000,1 	0
2229    	21.97, -3.92, -9.20 	-9.51, 8.56, -7.91 	-9.64, 11.49 	13,21,16,158		11.71,13.53	1000,1 	0
2238    	21.93, -3.87, -9.19 	-9.61, 8.64, -7.90 	-9.64, 11.49 	13,21,16,168		7.98,14.41	1000,1 	0
2247    	21.88, -3.84, -9.18 	-9.67, 8.78, -7.91 	-9.64, 11.49 	13,21,16,178		6.42,16.81	1000,1 	0
2255    	21.83, -3.81, -9.17 	-9.70, 8.97, -7.91 	-9.64, 11.49 	13,21,16,187		6.58,23.06	1000,1 	0
2264    	21.80, -3.81, -9.17 	-9.73, 9.18, -7.90 	-9.64, 11.49 	13,21,16,197		3.21,24.02	1000,1 	0
2273    	21.79, -3.78, -9.17 	-9.75, 9.43, -7.87 	-9.64, 11.49 	13,21,16,207		3.71,27.44	1000,1 	0
2282    	21.77, -3.77, -9.17 	-9.68, 9.67, -7.79 	-9.64, 11.49 	13,21,16,217		2.45,28.22	1000,1 	0
2290    	21.78, -3.75, -9.17 	-9.59, 9.92, -7.70 	-9.64, 11.49 	13,21,16,226		2.92,32.84	1000,1 	0
2299    	21.76, -3.75, -9.16 	-9.43, 10.23, -7.54 	-9.64, 11.49 	13,21,16,236		2.14,38.71	1000,1 	0
2308    	21.77, -3.73, -9.16 	-9.27, 10.59, -7.37 	-9.64, 11.49 	13,21,16,246		2.60,43.63	1000,1 	0
2316    	21.76, -3.72, -9.15 	-9.17, 10.90, -7.23 	-9.64, 11.49 	13,21,16,255		1.79,40.76	1000,1 	0
2324    	21.78, -3.69, -9.15 	-9.03, 11.10, -7.10 	-9.64, 11.49 	13,21,16,264		4.67,30.93	1000,1 	0
2334    	21.75, -3.70, -9.15 	-8.93, 11.28, -6.97 	-9.64, 11.49 	13,21,16,275		3.08,20.44	1000,1 	0
2342    	21.75, -3.69, -9.14 	-8.86, 11.39, -6.87 	-9.64, 11.49 	13,21,16,284		1.33,16.35	1000,1 	0
2351    	21.77, -3.68, -9.15 	-8.84, 11.46, -6.81 	-9.64, 11.49 	13,21,16,294		2.45,8.55	1000,1 	0
2360    	21.76, -3.68, -9.15 	-8.85, 11.50, -6.81 	-9.64, 11.49 	13,21,16,304		1.07,4.89	1000,1 	0
2368    	21.77, -3.66, -9.14 	-8.88, 11.59, -6.81 	-9.64, 11.49 	13,21,16,313		1.80,11.34	1000,1 	0
2377    	21.82, -3.66, -9.12 	-8.91, 11.69, -6.81 	-9.64, 11.49 	13,21,16,323		5.35,11.21	1000,1 	0
2386    	21.87, -3.66, -9.13 	-8.92, 11.79, -6.79 	-9.64, 11.49 	13,21,16,333		5.35,11.94	1000,1 	0
2394    	21.86, -3.65, -9.12 	-8.94, 11.90, -6.79 	-9.64, 11.49 	13,21,16,342		1.79,13.62	1000,1 	0
2403    	21.92, -3.69, -9.08 	-8.92, 11.96, -6.79 	-9.64, 11.49 	13,21,16,352		7.34,7.41	1000,1 	0
2412    	21.93, -3.70, -9.05 	-8.91, 12.04, -6.79 	-9.64, 11.49 	13,21,16,362		1.60,8.37	1000,1 	0
2420    	21.95, -3.72, -9.04 	-8.94, 12.10, -6.80 	-9.64, 11.49 	13,21,16,371		3.59,8.84	1000,1 	0
2429    	21.98, -3.74, -9.04 	-8.95, 12.12, -6.79 	-9.64, 11.49 	13,21,16,381		4.89,2.62	1000,1 	0
2438    	22.00, -3.71, -9.04 	-8.94, 12.14, -6.80 	-9.64, 11.49 	13,21,16,391		4.15,1.59	1000,1 	0
2446    	22.03, -3.68, -9.04 	-8.95, 12.16, -6.80 	-9.64, 11.49 	13,21,16,400		5.39,2.95	1000,1 	0
2455    	22.05, -3.64, -9.05 	-8.94, 12.15, -6.80 	-9.64, 11.49 	13,21,16,410		4.15,1.61	1000,1 	0
2464    	22.06, -3.62, -9.05 	-8.93, 12.15, -6.80 	-9.64, 11.49 	13,21,16,420		2.60,1.07	1000,1 	0
2473    	22.08, -3.62, -9.05 	-8.91, 12.16, -6.81 	-9.64, 11.49 	13,21,16,430		2.14,2.43	1000,1 	0
2481    	22.09, -3.62, -9.05 	-8.92, 12.16, -6.81 	-9.64, 11.49 	13,21,16,439		1.20,1.20	1000,1 	0
2490    	22.12, -3.62, -9.04 	-8.91, 12.16, -6.80 	-9.64, 11.49 	13,21,16,449		3.21,1.07	1000,1 	0
2499    	22.12, -3.66, -9.04 	-8.92, 12.16, -6.81 	-9.64, 11.49 	13,21,16,459		4.74,1.07	1000,1 	0
2507    	22.12, -3.68, -9.03 	-8.91, 12.16, -6.81 	-9.64, 11.49 	13,21,16,468		1.33,1.20	1000,1 	0
2515    	22.11, -3.70, -9.04 	-8.92, 12.15, -6.81 	-9.64, 11.49 	13,21,16,477		2.92,1.78	1000,1 	0
2525    	22.12, -3.69, -9.04 	-8.92, 12.15, -6.80 	-9.64, 11.49 	13,21,16,488		1.44,0.00	1000,1 	0
2533    	22.12, -3.70, -9.04 	-8.93, 12.15, -6.80 	-9.64, 11.49 	13,21,16,497		1.33,1.20	1000,1 	0
2542    	22.13, -3.70, -9.03 	-8.94, 12.14, -6.80 	-9.64, 11.49 	13,21,16,507		1.07,1.59	1000,1 	0
2551    	22.13, -3.71, -9.04 	-8.94, 12.15, -6.80 	-9.64, 11.49 	13,21,16,517		1.18,1.19	1000,1 	0
2559    	22.15, -3.69, -9.04 	-8.96, 12.14, -6.81 	-9.64, 11.49 	13,21,16,526		3.59,2.73	1000,1 	0
2568    	22.15, -3.69, -9.04 	-8.96, 12.15, -6.80 	-9.64, 11.49 	13,21,16,536		0.00,1.19	1000,1 	0
2577    	22.15, -3.66, -9.04 	-8.99, 12.14, -6.81 	-9.64, 11.49 	13,21,16,546		2.37,3.40	1000,1 	0
2585    	22.14, -3.68, -9.05 	-9.03, 12.15, -6.81 	-9.64, 11.49 	13,21,16,555		1.80,6.18	1000,1 	0
2594    	22.14, -3.69, -9.04 	-9.10, 12.14, -6.81 	-9.64, 11.49 	13,21,16,565		1.18,7.56	1000,1 	0
2603    	22.15, -3.69, -9.04 	-9.15, 12.14, -6.81 	-9.64, 11.49 	13,21,16,575		1.07,5.35	1000,1 	0
2611    	22.15, -3.69, -9.04 	-9.23, 12.14, -6.80 	-9.64, 11.49 	13,21,16,584		0.00,9.62	1000,1 	0
2620    	22.15, -3.69, -9.05 	-9.29, 12.13, -6.80 	-9.64, 11.49 	13,21,16,594		0.00,7.56	1000,1 	0
2629    	22.15, -3.69, -9.05 	-9.34, 12.13, -6.79 	-9.64, 11.49 	13,21,16,604		0.00,5.35	1000,1 	0
2637    	22.16, -3.69, -9.05 	-9.37, 12.12, -6.79 	-9.64, 11.49 	13,21,16,613		1.20,3.83	1000,1 	0
2646    	22.18, -3.69, -9.04 	-9.42, 12.13, -6.78 	-9.64, 11.49 	13,21,16,623		2.14,5.49	1000,1 	0
2655    	22.19, -3.69, -9.05 	-9.46, 12.12, -6.77 	-9.64, 11.49 	13,21,16,633		1.07,4.42	1000,1 	0
2664    	22.21, -3.70, -9.04 	-9.48, 12.12, -6.76 	-9.64, 11.49 	13,21,16,643		2.45,2.14	1000,1 	0
2672    	22.20, -3.70, -9.04 	-9.49, 12.11, -6.76 	-9.64, 11.49 	13,21,16,652		1.20,1.78	1000,1 	0
2681    	22.21, -3.69, -9.04 	-9.52, 12.13, -6.76 	-9.64, 11.49 	13,21,16,662		1.60,4.02	1000,1 	0
2690    	22.21, -3.72, -9.03 	-9.50, 12.13, -6.77 	-9.64, 11.49 	13,21,16,672		3.55,2.14	1000,1 	0
2698    	22.20, -3.73, -9.03 	-9.50, 12.14, -6.77 	-9.64, 11.49 	13,21,16,681		1.80,1.34	1000,1 	0
2706    	22.20, -3.73, -9.03 	-9.51, 12.13, -6.77 	-9.64, 11.49 	13,21,16,690		0.00,1.78	1000,1 	0
2716    	22.21, -3.75, -9.03 	-9.52, 12.12, -6.77 	-9.64, 11.49 	13,21,16,701		2.34,1.43	1000,1 	0
2724    	22.21, -3.74, -9.03 	-9.49, 12.12, -6.78 	-9.64, 11.49 	13,21,16,710		1.80,3.61	1000,1 	0
2733    	22.21, -3.75, -9.04 	-9.51, 12.12, -6.76 	-9.64, 11.49 	13,21,16,720		1.18,2.14	1000,1 	0
2742    	22.22, -3.74, -9.04 	-9.52, 12.11, -6.76 	-9.64, 11.49 	13,21,16,730		1.60,1.59	1000,1 	0
2750    	22.25, -3.76, -9.03 	-9.52, 12.11, -6.75 	-9.64, 11.49 	13,21,16,739		4.49,1.20	1000,1 	0
2759    	22.25, -3.76, -9.04 	-9.52, 12.10, -6.75 	-9.64, 11.49 	13,21,16,749		0.00,1.19	1000,1 	0
2768    	22.27, -3.78, -9.04 	-9.54, 12.09, -6.74 	-9.64, 11.49 	13,21,16,759		3.19,2.43	1000,1 	0
2776    	22.29, -3.79, -9.04 	-9.56, 12.09, -6.74 	-9.64, 11.49 	13,21,16,768		2.75,2.41	1000,1 	0
2785    	22.30, -3.81, -9.04 	-9.56, 12.11, -6.75 	-9.64, 11.49 	13,21,16,778		2.60,2.38	1000,1 	0
2794    	22.31, -3.85, -9.03 	-9.54, 12.11, -6.76 	-9.64, 11.49 	13,21,16,788		3.71,2.14	1000,1 	0
2803    	22.32, -3.87, -9.03 	-9.55, 12.12, -6.77 	0.00, -0.00 	13,21,16,807		2.92,1.81	1000,1 	0
2812    	22.33, -3.88, -9.04 	-9.55, 12.13, -6.78 	0.00, -0.00 	13,21,16,817		0.96,0.71	1000,1 	0
2820    	22.34, -3.88, -9.04 	-9.56, 12.14, -6.78 	0.00, -0.00 	13,21,16,826		0.69,1.04	1000,1 	0
2829    	22.37, -3.87, -9.04 	-9.54, 12.14, -6.78 	0.00, -0.00 	13,21,16,836		2.05,1.28	1000,1 	0
2838    	22.39, -3.88, -9.04 	-9.53, 12.12, -6.78 	0.00, -0.00 	13,21,16,846		1.47,1.57	1000,1 	0
2847    	22.40, -3.90, -9.03 	-9.54, 12.13, -6.78 	0.00, -0.00 	13,21,16,856		1.67,1.04	1000,1 	0
2855    	22.40, -3.91, -9.02 	-9.53, 12.13, -6.78 	0.00, -0.00 	13,21,16,865		0.76,0.69	1000,1 	0
2864    	22.40, -3.93, -9.02 	-9.53, 12.12, -6.77 	0.00, -0.00 	13,21,16,875		1.42,0.71	1000,1 	0
2873    	22.40, -3.94, -9.01 	-9.53, 12.12, -6.77 	0.00, -0.00 	13,21,16,885		0.76,0.00	1000,1 	0
2881    	22.42, -3.95, -9.01 	-9.53, 12.12, -6.77 	0.00, -0.00 	13,21,16,894		1.57,0.00	1000,1 	0
2889    	22.41, -3.95, -9.02 	-9.53, 12.13, -6.77 	0.00, -0.00 	13,21,16,903		0.64,0.71	1000,1 	0
2899    	22.43, -3.94, -9.02 	-9.53, 12.13, -6.77 	0.00, -0.00 	13,21,16,914		1.47,0.00	1000,1 	0
2907    	22.44, -3.95, -9.02 	-9.53, 12.14, -6.77 	0.00, -0.00 	13,21,16,923		1.03,0.76	1000,1 	0
2916    	22.43, -3.96, -9.02 	-9.53, 12.14, -6.77 	0.00, -0.00 	13,21,16,933		0.90,0.00	1000,1 	0
2925    	22.43, -3.96, -9.02 	-9.54, 12.14, -6.77 	0.00, -0.00 	13,21,16,943		0.00,0.69	1000,1 	0
2933    	22.44, -3.97, -9.01 	-9.54, 12.14, -6.77 	0.00, -0.00 	13,21,16,952		1.03,0.00	1000,1 	0
2942    	22.45, -3.98, -9.03 	-9.54, 12.14, -6.77 	0.00, -0.00 	13,21,16,962		0.96,0.00	1000,1 	0
2951    	22.47, -4.00, -9.02 	-9.54, 12.14, -6.77 	0.00, -0.00 	13,21,16,972		1.57,0.00	1000,1 	0
2959    	22.47, -4.01, -9.02 	-9.55, 12.14, -6.78 	0.00, -0.00 	13,21,16,981		0.76,0.69	1000,1 	0
2968    	22.47, -4.00, -9.02 	-9.53, 12.15, -6.78 	0.00, -0.00 	13,21,16,991		0.71,1.46	1000,1 	0
2977    	22.47, -4.02, -9.03 	-9.54, 12.15, -6.78 	0.00, -0.00 	13,21,17,1		1.52,0.69	1000,1 	0
2985    	22.47, -4.00, -9.03 	-9.53, 12.14, -6.78 	0.00, -0.00 	13,21,17,10		1.52,1.04	1000,1 	0
2994    	22.46, -4.02, -9.03 	-9.55, 12.14, -6.77 	0.00, -0.00 	13,21,17,20		1.56,1.28	1000,1 	0
3003    	22.47, -4.03, -9.02 	-9.55, 12.14, -6.77 	0.00, -0.00 	13,21,17,30		1.47,0.00	1000,1 	0
3011    	22.46, -4.04, -9.03 	-9.54, 12.14, -6.77 	0.00, -0.00 	13,21,17,39		1.03,0.69	1000,1 	0
3020    	22.47, -4.04, -9.03 	-9.54, 12.14, -6.77 	0.00, -0.00 	13,21,17,49		0.64,0.00	1000,1 	0
3029    	22.49, -4.04, -9.03 	-9.53, 12.13, -6.76 	0.00, -0.00 	13,21,17,59		1.28,0.97	1000,1 	0
3038    	22.50, -4.06, -9.03 	-9.52, 12.13, -6.77 	0.00, -0.00 	13,21,17,69		1.67,0.69	1000,1 	0
3046    	22.51, -4.07, -9.02 	-9.53, 12.13, -6.76 	0.00, -0.00 	13,21,17,78		1.03,0.69	1000,1 	0
3055    	22.50, -4.07, -9.03 	-9.52, 12.12, -6.77 	0.00, -0.00 	13,21,17,88		0.64,0.97	1000,1 	0
3064    	22.52, -4.08, -9.03 	-9.53, 12.13, -6.77 	0.00, -0.00 	13,21,17,98		1.57,1.04	1000,1 	0
3072    	22.51, -4.09, -9.02 	-9.54, 12.13, -6.76 	0.00, -0.00 	13,21,17,107		0.90,0.60	1000,1 	0
3081    	22.52, -4.08, -9.02 	-9.53, 12.13, -6.76 	0.00, -0.00 	13,21,17,117		0.90,0.60	1000,1 	0
3090    	22.54, -4.09, -9.02 	-9.53, 12.13, -6.77 	0.00, -0.00 	13,21,17,127		1.47,0.00	1000,1 	0
3098    	22.55, -4.08, -9.02 	-9.52, 12.13, -6.77 	0.00, -0.00 	13,21,17,136		0.96,0.64	1000,1 	0
3107    	22.54, -4.09, -9.02 	-9.53, 12.15, -6.77 	0.00, -0.00 	13,21,17,146		0.85,1.39	1000,1 	0
3116    	22.54, -4.11, -9.02 	-9.51, 12.15, -6.78 	0.00, -0.00 	13,21,17,156		1.42,1.92	1000,1 	0
3124    	22.56, -4.12, -9.01 	-9.52, 12.13, -6.78 	0.00, -0.00 	13,21,17,165		1.47,1.90	1000,1 	0
3133    	22.57, -4.13, -9.01 	-9.52, 12.15, -6.78 	0.00, -0.00 	13,21,17,175		0.90,1.46	1000,1 	0
3142    	22.57, -4.14, -9.01 	-9.52, 12.14, -6.77 	0.00, -0.00 	13,21,17,185		0.71,0.95	1000,1 	0
3150    	22.55, -4.17, -9.01 	-9.52, 12.14, -6.77 	0.00, -0.00 	13,21,17,194		1.92,0.64	1000,1 	0
3159    	22.56, -4.16, -9.01 	-9.54, 12.13, -6.76 	0.00, -0.00 	13,21,17,204		0.90,1.91	1000,1 	0
3168    	22.57, -4.18, -9.02 	-9.52, 12.12, -6.77 	0.00, -0.00 	13,21,17,214		1.56,2.06	1000,1 	0
3176    	22.57, -4.18, -9.01 	-9.51, 12.11, -6.77 	0.00, -0.00 	13,21,17,223		0.00,0.97	1000,1 	0
3185    	22.59, -4.19, -9.03 	-9.53, 12.13, -6.78 	0.00, -0.00 	13,21,17,233		1.38,2.26	1000,1 	0
3194    	22.57, -4.20, -9.02 	-9.52, 12.11, -6.77 	0.00, -0.00 	13,21,17,243		1.38,1.47	1000,1 	0
3202    	22.60, -4.21, -9.02 	-9.52, 12.12, -6.78 	0.00, -0.00 	13,21,17,252		2.05,0.71	1000,1 	0
3211    	22.62, -4.22, -9.02 	-9.52, 12.12, -6.78 	0.00, -0.00 	13,21,17,262		1.38,0.60	1000,1 	0
3220    	22.62, -4.23, -9.02 	-9.52, 12.11, -6.77 	0.00, -0.00 	13,21,17,272		0.67,0.67	1000,1 	0
3229    	22.65, -4.24, -9.01 	-9.53, 12.12, -6.78 	0.00, -0.00 	13,21,17,282		2.05,1.48	1000,1 	0
3237    	22.66, -4.25, -9.01 	-9.52, 12.12, -6.78 	0.00, -0.00 	13,21,17,291		0.96,0.64	1000,1 	0
3246    	22.65, -4.26, -9.01 	-9.53, 12.12, -6.78 	0.00, -0.00 	13,21,17,301		0.90,0.60	1000,1 	0
3255    	22.64, -4.26, -9.01 	-9.53, 12.12, -6.77 	0.00, -0.00 	13,21,17,311		0.64,0.00	1000,1 	0
3266    	22.64, -4.26, -9.01 	-9.52, 12.12, -6.77 	0.00, -0.00 	13,21,17,322		0.00,0.64	1000,1 	0
3273    	22.65, -4.28, -9.00 	-9.53, 12.12, -6.78 	0.00, -0.00 	13,21,17,330		1.80,0.74	1000,1 	0
3282    	22.68, -4.30, -9.00 	-9.52, 12.12, -6.78 	0.00, -0.00 	13,21,17,340		2.56,0.69	1000,1 	0
3290    	22.70, -4.30, -9.00 	-9.53, 12.12, -6.78 	0.00, -0.00 	13,21,17,349		1.38,0.69	1000,1 	0
3299    	22.70, -4.34, -9.00 	-9.52, 12.14, -6.78 	0.00, -0.00 	13,21,17,359		2.00,1.78	1000,1 	0
3308    	22.70, -4.34, -9.00 	-9.52, 12.14, -6.78 	0.00, -0.00 	13,21,17,368		0.00,0.69	1000,1 	0
3316    	22.70, -4.37, -8.99 	-9.53, 12.14, -6.78 	0.00, -0.00 	13,21,17,377		2.28,0.69	1000,1 	0
3325    	22.71, -4.38, -8.99 	-9.53, 12.13, -6.78 	0.00, -0.00 	13,21,17,387		0.96,0.71	1000,1 	0
3334    	22.72, -4.38, -8.99 	-9.52, 12.14, -6.77 	0.00, -0.00 	13,21,17,397		1.38,1.56	1000,1 	0
3342    	22.73, -4.37, -8.99 	-9.52, 12.13, -6.77 	0.00, -0.00 	13,21,17,406		1.03,1.02	1000,1 	0
3351    	22.72, -4.39, -8.99 	-9.53, 12.13, -6.78 	0.00, -0.00 	13,21,17,416		1.56,0.64	1000,1 	0
3360    	22.72, -4.38, -8.99 	-9.53, 12.13, -6.78 	0.00, -0.00 	13,21,17,426		0.71,0.00	1000,1 	0
3368    	22.72, -4.39, -8.99 	-9.52, 12.13, -6.77 	0.00, -0.00 	13,21,17,435		0.76,0.69	1000,1 	0
3377    	22.73, -4.38, -8.99 	-9.53, 12.12, -6.77 	0.00, -0.00 	13,21,17,445		0.96,0.95	1000,1 	0
3386    	22.73, -4.39, -8.99 	-9.52, 12.12, -6.79 	0.00, -0.00 	13,21,17,455		0.71,1.28	1000,1 	0
3394    	22.74, -4.39, -9.00 	-9.52, 12.13, -6.78 	0.00, -0.00 	13,21,17,464		0.69,1.04	1000,1 	0
3403    	22.75, -4.38, -8.99 	-9.52, 12.13, -6.78 	0.00, -0.00 	13,21,17,474		0.96,0.64	1000,1 	0
3412    	22.75, -4.37, -9.00 	-9.52, 12.13, -6.78 	0.00, -0.00 	13,21,17,484		0.71,0.64	1000,1 	0
3421    	22.75, -4.38, -8.99 	-9.52, 12.13, -6.78 	0.00, -0.00 	13,21,17,494		0.76,0.00	1000,1 	0
3429    	22.74, -4.37, -9.00 	-9.52, 12.13, -6.79 	0.00, -0.00 	13,21,17,503		1.03,0.00	1000,1 	0
3438    	22.75, -4.39, -9.00 	-9.52, 12.13, -6.78 	0.00, -0.00 	13,21,17,513		1.56,0.00	1000,1 	0
3447    	22.78, -4.38, -9.00 	-9.52, 12.14, -6.78 	0.00, -0.00 	13,21,17,523		2.20,0.76	1000,1 	0
3455    	22.77, -4.41, -8.99 	-9.52, 12.14, -6.79 	0.00, -0.00 	13,21,17,532		2.38,0.69	1000,1 	0
3464    	22.78, -4.40, -9.00 	-9.53, 12.15, -6.79 	0.00, -0.00 	13,21,17,542		0.96,1.48	1000,1 	0
3473    	22.78, -4.43, -8.99 	-9.53, 12.14, -6.79 	0.00, -0.00 	13,21,17,552		2.28,0.76	1000,1 	0
3481    	22.78, -4.43, -8.99 	-9.52, 12.14, -6.78 	0.00, -0.00 	13,21,17,561		0.00,1.37	1000,1 	0
3490    	22.77, -4.43, -9.00 	-9.52, 12.14, -6.79 	0.00, -0.00 	13,21,17,571		0.60,0.00	1000,1 	0
3499    	22.78, -4.42, -9.00 	-9.52, 12.14, -6.79 	0.00, -0.00 	13,21,17,581		1.03,0.00	1000,1 	0
3507    	22.76, -4.44, -9.00 	-9.52, 12.13, -6.79 	0.00, -0.00 	13,21,17,590		2.05,0.76	1000,1 	0
3516    	22.79, -4.45, -8.99 	-9.52, 12.14, -6.79 	0.00, -0.00 	13,21,17,600		2.05,0.97	1000,1 	0
3525    	22.79, -4.45, -8.99 	-9.52, 12.14, -6.79 	0.00, -0.00 	13,21,17,610		0.00,0.69	1000,1 	0
3533    	22.80, -4.44, -9.00 	-9.51, 12.14, -6.79 	0.00, -0.00 	13,21,17,619		1.03,0.69	1000,1 	0
3542    	22.79, -4.44, -8.99 	-9.51, 12.13, -6.79 	0.00, -0.00 	13,21,17,629		0.64,0.71	1000,1 	0
3551    	22.78, -4.46, -8.99 	-9.50, 12.13, -6.79 	0.00, -0.00 	13,21,17,639		1.56,0.64	1000,1 	0
3559    	22.80, -4.46, -8.99 	-9.51, 12.13, -6.79 	0.00, -0.00 	13,21,17,648		1.38,0.69	1000,1 	0
3568    	22.81, -4.46, -8.98 	-9.52, 12.13, -6.79 	0.00, -0.00 	13,21,17,658		0.64,0.64	1000,1 	0
3577    	22.81, -4.48, -8.98 	-9.52, 12.14, -6.78 	0.00, -0.00 	13,21,17,668		0.71,0.71	1000,1 	0
3585    	22.82, -4.49, -8.97 	-9.50, 12.12, -6.78 	0.00, -0.00 	13,21,17,677		1.03,2.07	1000,1 	0
3594    	22.82, -4.51, -8.97 	-9.50, 12.14, -6.79 	0.00, -0.00 	13,21,17,687		1.42,1.43	1000,1 	0
3603    	22.81, -4.51, -8.98 	-9.50, 12.14, -6.79 	0.00, -0.00 	13,21,17,697		0.64,0.00	1000,1 	0
3612    	22.81, -4.53, -8.98 	-9.51, 12.13, -6.78 	0.00, -0.00 	13,21,17,707		1.52,1.02	1000,1 	0
3620    	22.80, -4.54, -8.98 	-9.49, 12.14, -6.78 	0.00, -0.00 	13,21,17,716		1.03,1.56	1000,1 	0
3629    	22.80, -4.54, -8.97 	-9.50, 12.13, -6.78 	0.00, -0.00 	13,21,17,726		0.00,0.95	1000,1 	0
3638    	22.81, -4.55, -8.98 	-9.50, 12.13, -6.78 	0.00, -0.00 	13,21,17,736		1.03,0.00	1000,1 	0
3646    	22.83, -4.55, -8.97 	-9.48, 12.13, -6.79 	0.00, -0.00 	13,21,17,745		1.38,1.37	1000,1 	0
3655    	22.84, -4.54, -8.97 	-9.49, 12.13, -6.78 	0.00, -0.00 	13,21,17,755		0.96,0.64	1000,1 	0
3664    	22.83, -4.55, -8.96 	-9.49, 12.13, -6.79 	0.00, -0.00 	13,21,17,765		1.03,0.00	1000,1 	0
3672    	22.84, -4.55, -8.96 	-9.50, 12.14, -6.79 	0.00, -0.00 	13,21,17,774		0.69,1.04	1000,1 	0
3681    	22.83, -4.55, -8.97 	-9.48, 12.14, -6.79 	0.00, -0.00 	13,21,17,784		0.60,1.20	1000,1 	0
3690    	22.84, -4.55, -8.97 	-9.49, 12.12, -6.79 	0.00, -0.00 	13,21,17,794		0.69,1.67	1000,1 	0
3698    	22.85, -4.56, -8.96 	-9.51, 12.14, -6.79 	0.00, -0.00 	13,21,17,803		1.03,2.07	1000,1 	0
3707    	22.85, -4.57, -8.96 	-9.52, 12.12, -6.79 	0.00, -0.00 	13,21,17,813		0.71,1.55	1000,1 	0
3716    	22.85, -4.57, -8.96 	-9.49, 12.14, -6.79 	0.00, -0.00 	13,21,17,823		0.00,2.55	1000,1 	0
3724    	22.84, -4.56, -8.97 	-9.49, 12.15, -6.79 	0.00, -0.00 	13,21,17,832		1.03,0.76	1000,1 	0
3733    	22.85, -4.57, -8.97 	-9.49, 12.14, -6.79 	0.00, -0.00 	13,21,17,842		0.96,0.71	1000,1 	0
3742    	22.86, -4.56, -8.98 	-9.50, 12.13, -6.79 	0.00, -0.00 	13,21,17,852		0.96,0.95	1000,1 	0
3750    	22.87, -4.56, -8.98 	-9.48, 12.13, -6.79 	0.00, -0.00 	13,21,17,861		0.69,1.37	1000,1 	0
3759    	22.89, -4.56, -8.98 	-9.45, 12.11, -6.79 	0.00, -0.00 	13,21,17,871		1.28,2.41	1000,1 	0
3768    	22.88, -4.57, -8.97 	-9.45, 12.08, -6.78 	0.00, -0.00 	13,21,17,881		0.96,2.14	1000,1 	0
3776    	22.89, -4.57, -8.97 	-9.44, 12.10, -6.78 	0.00, -0.00 	13,21,17,890		0.69,1.67	1000,1 	0
3785    	22.91, -4.57, -8.97 	-9.42, 12.07, -6.78 	0.00, -0.00 	13,21,17,900		1.28,1.93	1000,1 	0
3794    	22.90, -4.58, -8.98 	-9.41, 12.06, -6.78 	0.00, -0.00 	13,21,17,910		0.96,0.97	1000,1 	0
3803    	22.89, -4.59, -8.98 	-9.39, 12.02, -6.79 	0.00, -0.00 	13,21,17,920		1.03,3.37	1000,1 	0
3811    	22.90, -4.59, -8.98 	-9.35, 12.00, -6.79 	0.00, -0.00 	13,21,17,929		0.69,3.17	1000,1 	0
3820    	22.94, -4.59, -8.99 	-9.31, 11.97, -6.79 	0.00, -0.00 	13,21,17,939		2.57,3.37	1000,1 	0
3829    	22.95, -4.61, -8.99 	-9.25, 11.91, -6.79 	0.00, -0.00 	13,21,17,949		1.67,5.66	1000,1 	0
3837    	22.97, -4.59, -8.99 	-9.17, 11.81, -6.77 	0.00, -0.00 	13,21,17,958		2.05,9.90	1000,1 	0
3846    	23.01, -4.61, -8.99 	-9.05, 11.68, -6.76 	0.00, -0.00 	13,21,17,968		3.51,11.59	1000,1 	0
3855    	23.07, -4.67, -8.97 	-8.93, 11.51, -6.75 	0.00, -0.00 	13,21,17,978		5.61,14.22	1000,1 	0
3863    	23.10, -4.72, -8.98 	-8.76, 11.30, -6.72 	0.00, -0.00 	13,21,17,987		4.33,19.80	1000,1 	0
3872    	23.20, -4.76, -8.98 	-8.52, 11.04, -6.71 	0.00, -0.00 	13,21,17,997		6.58,22.15	1000,1 	0
3881    	23.23, -4.87, -8.96 	-8.26, 10.79, -6.71 	0.00, -0.00 	13,21,18,7		8.09,25.75	1000,1 	0
3889    	23.26, -4.94, -8.95 	-7.97, 10.61, -6.74 	0.00, -0.00 	13,21,18,16		5.71,24.54	1000,1 	0
3898    	23.31, -5.02, -8.95 	-7.70, 10.39, -6.75 	0.00, -0.00 	13,21,18,26		5.92,22.60	1000,1 	0
3907    	23.39, -5.08, -8.98 	-7.41, 10.10, -6.72 	0.00, -0.00 	13,21,18,36		6.67,27.42	1000,1 	0
3915    	23.49, -5.10, -8.98 	-7.20, 9.77, -6.66 	0.00, -0.00 	13,21,18,45		7.72,28.29	1000,1 	0
3924    	23.56, -5.16, -8.98 	-6.98, 9.44, -6.63 	0.00, -0.00 	13,21,18,55		5.73,26.40	1000,1 	0
3933    	23.60, -5.26, -8.99 	-6.78, 9.18, -6.64 	0.00, -0.00 	13,21,18,65		7.55,21.94	1000,1 	0
3941    	23.65, -5.39, -8.98 	-6.57, 8.95, -6.71 	0.00, -0.00 	13,21,18,74		9.76,22.21	1000,1 	0
3950    	23.69, -5.54, -8.95 	-6.36, 8.70, -6.75 	0.00, -0.00 	13,21,18,84		10.27,21.38	0,0 	0
3959    	23.70, -5.66, -8.93 	-6.28, 8.50, -6.83 	0.00, -0.00 	13,21,18,94		7.84,14.80	0,0 	0
3967    	23.74, -5.72, -8.93 	-6.19, 8.31, -6.90 	0.00, -0.00 	13,21,18,103		5.72,15.16	0,0 	0
3976    	23.76, -5.78, -8.94 	-6.09, 8.11, -7.00 	0.00, -0.00 	13,21,18,113		3.78,14.43	0,0 	0
3985    	23.80, -5.85, -8.94 	-5.97, 7.98, -7.07 	0.00, -0.00 	13,21,18,123		5.59,11.59	0,0 	0
3994    	23.84, -5.94, -8.93 	-5.91, 7.82, -7.12 	0.00, -0.00 	13,21,18,133		6.68,12.49	0,0 	0
4002    	23.93, -6.00, -8.93 	-5.77, 7.69, -7.17 	0.00, -0.00 	13,21,18,142		7.69,13.39	0,0 	0
4011    	24.03, -6.12, -8.94 	-5.68, 7.55, -7.22 	0.00, -0.00 	13,21,18,152		10.53,10.99	0,0 	0
4020    	24.25, -6.23, -8.96 	-5.53, 7.38, -7.26 	0.00, -0.00 	13,21,18,162		17.90,16.56	0,0 	0
4028    	24.50, -6.43, -8.96 	-5.38, 7.20, -7.33 	0.00, -0.00 	13,21,18,171		22.53,16.70	0,0 	0
4037    	24.67, -6.72, -8.94 	-5.21, 6.99, -7.37 	0.00, -0.00 	13,21,18,181		22.68,17.93	0,0 	0
4046    	24.83, -7.17, -8.89 	-5.05, 6.76, -7.45 	0.00, -0.00 	13,21,18,191		34.03,20.22	0,0 	0
4054    	24.95, -7.54, -8.86 	-4.90, 6.57, -7.55 	0.00, -0.00 	13,21,18,200		27.88,17.14	0,0 	0
4063    	25.08, -7.85, -8.82 	-4.69, 6.41, -7.63 	0.00, -0.00 	13,21,18,210		21.07,16.24	0,0 	0
4072    	25.14, -8.11, -8.77 	-4.58, 6.21, -7.68 	0.00, -0.00 	13,21,18,220		37.45,33.60	0,0 	0
4080    	25.22, -8.26, -8.78 	-4.42, 6.05, -7.71 	0.00, -0.00 	13,21,18,229		28.75,37.34	0,0 	0
4089    	25.36, -8.32, -8.82 	-4.25, 5.86, -7.74 	0.00, -0.00 	13,21,18,239		18.65,31.62	0,0 	0
4098    	25.56, -8.31, -8.87 	-4.01, 5.72, -7.78 	0.00, -0.00 	13,21,18,249		25.32,33.92	0,0 	0
4106    	25.82, -8.37, -8.89 	-3.77, 5.62, -7.85 	0.00, -0.00 	13,21,18,258		37.92,37.21	0,0 	0
4115    	26.01, -8.56, -8.89 	-3.57, 5.49, -7.87 	0.00, -0.00 	13,21,18,268		33.97,30.13	0,0 	0
4124    	26.17, -8.90, -8.85 	-3.39, 5.35, -7.87 	0.00, -0.00 	13,21,18,278		46.76,28.92	0,0 	0
4132    	26.35, -9.28, -8.83 	-3.19, 5.17, -7.88 	0.00, -0.00 	13,21,18,287		60.70,38.10	0,0 	0
4141    	26.50, -9.57, -8.84 	-2.96, 5.00, -7.88 	0.00, -0.00 	13,21,18,297		40.78,36.19	0,0 	0
4150    	26.63, -9.71, -8.86 	-2.71, 4.87, -7.90 	0.00, -0.00 	13,21,18,307		23.33,35.37	0,0 	0
4160    	26.68, -9.84, -8.88 	-2.43, 4.70, -7.91 	0.00, -0.00 	13,21,18,318		19.51,46.29	0,0 	0
4168    	26.73, -9.90, -8.90 	-2.14, 4.61, -7.93 	0.00, -0.00 	13,21,18,326		14.36,50.95	0,0 	0
4177    	26.85, -10.00, -8.93 	-1.85, 4.45, -7.93 	0.00, -0.00 	13,21,18,336		21.45,46.75	0,0 	0
4186    	27.04, -10.08, -8.95 	-1.59, 4.32, -7.91 	0.00, -0.00 	13,21,18,346		35.11,48.59	0,0 	0
4194    	27.24, -10.18, -8.93 	-1.41, 4.17, -7.88 	0.00, -0.00 	13,21,18,355		35.86,39.68	0,0 	0
4203    	27.42, -10.25, -8.95 	-1.28, 4.02, -7.86 	0.00, -0.00 	13,21,18,365		28.23,28.08	0,0 	0
4212    	27.63, -10.31, -8.94 	-1.12, 3.88, -7.82 	0.00, -0.00 	13,21,18,375		31.21,29.86	0,0 	0
4220    	27.86, -10.41, -8.92 	-0.96, 3.81, -7.82 	0.00, -0.00 	13,21,18,384		42.42,30.16	0,0 	0
4229    	27.98, -10.65, -8.86 	-0.83, 3.74, -7.82 	0.00, -0.00 	13,21,18,394		37.33,20.21	0,0 	0
4238    	28.10, -10.90, -8.86 	-0.74, 3.68, -7.82 	0.00, -0.00 	13,21,18,404		40.66,16.64	0,0 	0
4246    	28.16, -11.16, -8.84 	-0.63, 3.59, -7.80 	0.00, -0.00 	13,21,18,413		43.69,22.85	0,0 	0
4255    	28.26, -11.31, -8.82 	-0.51, 3.45, -7.78 	0.00, -0.00 	13,21,18,423		26.13,26.92	0,0 	0
4264    	28.34, -11.42, -8.80 	-0.33, 3.32, -7.77 	0.00, -0.00 	13,21,18,433		20.03,31.02	0,0 	0
4272    	28.42, -11.52, -8.80 	-0.20, 3.21, -7.77 	0.00, -0.00 	13,21,18,442		20.50,28.88	0,0 	0
4281    	28.50, -11.63, -8.78 	-0.09, 3.08, -7.75 	0.00, -0.00 	13,21,18,452		18.78,23.94	0,0 	0
4290    	28.63, -11.74, -8.79 	-0.01, 2.93, -7.72 	0.00, -0.00 	13,21,18,462		25.52,24.19	0,0 	0
4298    	28.75, -11.86, -8.75 	0.05, 2.75, -7.67 	0.00, -0.00 	13,21,18,471		27.43,31.92	0,0 	0
4307    	28.84, -12.00, -8.69 	0.08, 2.59, -7.60 	0.00, -0.00 	13,21,18,481		24.09,23.34	0,0 	0
4316    	28.93, -12.15, -8.63 	0.17, 2.41, -7.55 	0.00, -0.00 	13,21,18,491		24.64,28.93	0,0 	0
4324    	28.93, -12.31, -8.57 	0.26, 2.26, -7.52 	0.00, -0.00 	13,21,18,500		26.64,29.86	0,0 	0
4333    	28.98, -12.34, -8.54 	0.39, 2.14, -7.51 	0.00, -0.00 	13,21,18,510		8.26,24.72	0,0 	0
4342    	28.96, -12.39, -8.56 	0.47, 2.03, -7.48 	0.00, -0.00 	13,21,18,520		8.09,18.96	0,0 	0
4350    	28.97, -12.44, -8.53 	0.48, 1.91, -7.45 	0.00, -0.00 	13,21,18,529		7.28,19.69	0,0 	0
4359    	28.95, -12.50, -8.53 	0.52, 1.82, -7.40 	0.00, -0.00 	13,21,18,539		9.54,14.88	0,0 	0
4368    	29.02, -12.48, -8.54 	0.49, 1.70, -7.36 	0.00, -0.00 	13,21,18,549		11.43,17.24	0,0 	0
4377    	29.07, -12.51, -8.51 	0.56, 1.59, -7.31 	0.00, -0.00 	13,21,18,559		9.63,21.21	0,0 	0
4385    	29.13, -12.52, -8.49 	0.53, 1.49, -7.24 	0.00, -0.00 	13,21,18,568		9.79,16.67	0,0 	0
4394    	29.15, -12.60, -8.43 	0.56, 1.44, -7.22 	0.00, -0.00 	13,21,18,578		11.00,8.73	0,0 	0
4403    	29.16, -12.69, -8.38 	0.50, 1.37, -7.15 	0.00, -0.00 	13,21,18,588		13.77,13.40	0,0 	0
4411    	29.17, -12.75, -8.35 	0.51, 1.25, -7.11 	0.00, -0.00 	13,21,18,597		9.02,19.69	0,0 	0
