#Time 	Sensor1         Sensor2         Target          Time            Vel             
#================================================================

10      	30.57, -8.93, -8.83 	-0.17, 0.84, -6.70 	0.00, 15.00 	13,20,1,252		0.00,0.00	0,0 	0
15      	30.55, -8.94, -8.82 	-0.09, 0.86, -6.70 	0.00, 15.00 	13,20,1,261		4.40,15.92	0,0 	0
23      	30.56, -8.93, -8.82 	-0.14, 0.85, -6.70 	0.00, 15.00 	13,20,1,270		1.80,6.14	0,0 	0
31      	30.58, -8.92, -8.81 	-0.09, 0.88, -6.70 	0.00, 15.00 	13,20,1,279		2.75,7.18	0,0 	0
41      	30.59, -8.88, -8.83 	-0.11, 0.88, -6.70 	0.00, 15.00 	13,20,1,290		4.37,1.92	0,0 	0
49      	30.59, -8.88, -8.82 	-0.11, 0.90, -6.71 	0.00, 15.00 	13,20,1,299		0.00,2.67	0,0 	0
58      	30.60, -8.89, -8.82 	-0.13, 0.89, -6.71 	0.00, 15.00 	13,20,1,309		1.60,2.43	0,0 	0
67      	30.60, -8.90, -8.81 	-0.12, 0.89, -6.71 	0.00, 15.00 	13,20,1,319		1.18,1.07	0,0 	0
75      	30.59, -8.90, -8.81 	-0.18, 0.88, -6.71 	0.00, 15.00 	13,20,1,328		1.20,7.32	0,0 	0
84      	30.58, -8.91, -8.81 	-0.12, 0.89, -6.72 	0.00, 15.00 	13,20,1,338		1.60,6.51	0,0 	0
93      	30.57, -8.90, -8.82 	-0.16, 0.87, -6.71 	0.00, 15.00 	13,20,1,348		1.60,4.86	0,0 	0
101     	30.56, -8.89, -8.81 	-0.09, 0.88, -6.71 	0.00, 15.00 	13,20,1,357		1.79,8.51	0,0 	0
110     	30.55, -8.89, -8.81 	-0.20, 0.88, -6.71 	0.00, 15.00 	13,20,1,367		1.07,11.76	0,0 	0
119     	30.57, -8.89, -8.82 	-0.13, 0.87, -6.70 	0.00, 15.00 	13,20,1,377		2.14,7.60	0,0 	0
127     	30.56, -8.88, -8.82 	-0.13, 0.88, -6.70 	0.00, 15.00 	13,20,1,386		1.79,1.34	0,0 	0
136     	30.56, -8.89, -8.83 	-0.17, 0.85, -6.69 	0.00, 15.00 	13,20,1,396		1.18,5.53	0,0 	0
145     	30.55, -8.89, -8.82 	-0.14, 0.86, -6.68 	0.00, 15.00 	13,20,1,406		1.07,3.40	0,0 	0
153     	30.55, -8.90, -8.81 	-0.19, 0.86, -6.69 	0.00, 15.00 	13,20,1,415		1.33,6.02	0,0 	0
162     	30.53, -8.92, -8.82 	-0.15, 0.85, -6.68 	0.00, 15.00 	13,20,1,425		3.19,4.46	0,0 	0
171     	30.54, -8.91, -8.82 	-0.15, 0.86, -6.69 	0.00, 15.00 	13,20,1,435		1.60,1.19	0,0 	0
180     	30.57, -8.91, -8.82 	-0.18, 0.85, -6.68 	0.00, 15.00 	13,20,1,445		3.21,3.40	0,0 	0
188     	30.55, -8.92, -8.81 	-0.17, 0.84, -6.67 	0.00, 15.00 	13,20,1,454		2.75,1.81	0,0 	0
197     	30.55, -8.91, -8.82 	-0.16, 0.85, -6.68 	0.00, 15.00 	13,20,1,464		1.18,1.59	0,0 	0
206     	30.57, -8.91, -8.82 	-0.16, 0.86, -6.69 	0.00, 15.00 	13,20,1,474		2.14,1.19	0,0 	0
214     	30.57, -8.90, -8.83 	-0.15, 0.87, -6.70 	0.00, 15.00 	13,20,1,483		1.33,1.78	0,0 	0
222     	30.57, -8.90, -8.82 	-0.14, 0.87, -6.70 	0.00, 15.00 	13,20,1,492		0.00,1.20	0,0 	0
232     	30.58, -8.90, -8.82 	-0.22, 0.88, -6.71 	0.00, 15.00 	13,20,1,503		0.96,7.79	0,0 	0
240     	30.57, -8.88, -8.83 	-0.19, 0.86, -6.69 	0.00, 15.00 	13,20,1,512		2.92,4.52	0,0 	0
249     	30.56, -8.87, -8.83 	-0.18, 0.87, -6.71 	0.00, 15.00 	13,20,1,522		1.60,1.59	0,0 	0
258     	30.55, -8.87, -8.83 	-0.17, 0.87, -6.69 	0.00, 15.00 	13,20,1,532		1.07,1.07	0,0 	0
266     	30.54, -8.86, -8.83 	-0.16, 0.87, -6.69 	0.00, 15.00 	13,20,1,541		1.80,1.20	0,0 	0
275     	30.54, -8.86, -8.84 	-0.16, 0.87, -6.69 	0.00, 15.00 	13,20,1,551		0.00,0.00	0,0 	0
284     	30.54, -8.84, -8.84 	-0.16, 0.87, -6.70 	0.00, 15.00 	13,20,1,561		2.37,0.00	0,0 	0
292     	30.58, -8.83, -8.83 	-0.14, 0.86, -6.70 	0.00, 15.00 	13,20,1,570		5.00,2.77	0,0 	0
301     	30.58, -8.83, -8.83 	-0.15, 0.86, -6.69 	0.00, 15.00 	13,20,1,580		0.00,1.07	0,0 	0
310     	30.59, -8.81, -8.83 	-0.13, 0.86, -6.70 	0.00, 15.00 	13,20,1,590		2.60,2.14	0,0 	0
318     	30.58, -8.79, -8.84 	-0.14, 0.87, -6.70 	0.00, 15.00 	13,20,1,599		1.79,1.81	0,0 	0
327     	30.56, -8.81, -8.83 	-0.20, 0.87, -6.71 	0.00, 15.00 	13,20,1,609		2.45,6.42	0,0 	0
336     	30.57, -8.82, -8.83 	-0.16, 0.86, -6.71 	0.00, 15.00 	13,20,1,619		1.60,4.46	0,0 	0
344     	30.57, -8.83, -8.83 	-0.16, 0.87, -6.71 	0.00, 15.00 	13,20,1,628		1.33,1.34	0,0 	0
353     	30.56, -8.84, -8.83 	-0.17, 0.88, -6.71 	0.00, 15.00 	13,20,1,638		1.60,1.61	0,0 	0
362     	30.55, -8.84, -8.82 	-0.20, 0.87, -6.70 	0.00, 15.00 	13,20,1,648		1.07,3.40	0,0 	0
371     	30.54, -8.84, -8.83 	-0.18, 0.87, -6.70 	0.00, 15.00 	13,20,1,658		1.07,2.14	0,0 	0
379     	30.53, -8.83, -8.83 	-0.18, 0.87, -6.70 	0.00, 15.00 	13,20,1,667		1.80,0.00	0,0 	0
388     	30.53, -8.83, -8.83 	-0.17, 0.87, -6.69 	0.00, 15.00 	13,20,1,677		0.00,1.07	0,0 	0
397     	30.55, -8.81, -8.84 	-0.16, 0.86, -6.71 	0.00, 15.00 	13,20,1,687		3.19,1.61	0,0 	0
405     	30.55, -8.81, -8.83 	-0.16, 0.87, -6.70 	0.00, 15.00 	13,20,1,696		0.00,1.34	0,0 	0
413     	30.54, -8.83, -8.82 	-0.16, 0.88, -6.71 	0.00, 15.00 	13,20,1,705		2.92,1.34	0,0 	0
423     	30.53, -8.82, -8.82 	-0.18, 0.89, -6.71 	0.00, 15.00 	13,20,1,716		1.44,2.22	0,0 	0
431     	30.53, -8.83, -8.81 	-0.20, 0.89, -6.71 	0.00, 15.00 	13,20,1,725		1.33,2.41	0,0 	0
440     	30.53, -8.85, -8.81 	-0.19, 0.88, -6.71 	0.00, 15.00 	13,20,1,735		2.37,1.61	0,0 	0
449     	30.53, -8.85, -8.81 	-0.20, 0.88, -6.71 	0.00, 15.00 	13,20,1,745		0.00,1.07	0,0 	0
457     	30.51, -8.84, -8.81 	-0.19, 0.88, -6.72 	0.00, 15.00 	13,20,1,754		2.75,1.20	0,0 	0
466     	30.53, -8.82, -8.82 	-0.19, 0.90, -6.73 	0.00, 15.00 	13,20,1,764		3.19,2.38	0,0 	0
475     	30.52, -8.79, -8.84 	-0.18, 0.91, -6.74 	0.00, 15.00 	13,20,1,774		2.60,1.59	0,0 	0
483     	30.54, -8.79, -8.84 	-0.18, 0.89, -6.72 	0.00, 15.00 	13,20,1,783		2.41,2.67	0,0 	0
492     	30.54, -8.78, -8.85 	-0.19, 0.89, -6.73 	0.00, 15.00 	13,20,1,793		1.18,1.07	0,0 	0
501     	30.56, -8.78, -8.85 	-0.18, 0.89, -6.72 	0.00, 15.00 	13,20,1,803		2.14,1.07	0,0 	0
509     	30.57, -8.78, -8.84 	-0.18, 0.88, -6.71 	0.00, 15.00 	13,20,1,812		1.20,1.34	0,0 	0
518     	30.55, -8.78, -8.85 	-0.17, 0.87, -6.72 	0.00, 15.00 	13,20,1,822		2.14,1.61	0,0 	0
527     	30.54, -8.78, -8.84 	-0.19, 0.86, -6.71 	0.00, 15.00 	13,20,1,832		1.07,2.43	0,0 	0
535     	30.54, -8.79, -8.84 	-0.19, 0.88, -6.72 	0.00, 15.00 	13,20,1,841		1.33,2.67	0,0 	0
544     	30.53, -8.79, -8.85 	-0.19, 0.88, -6.73 	0.00, 15.00 	13,20,1,851		1.07,0.00	0,0 	0
553     	30.51, -8.77, -8.86 	-0.20, 0.88, -6.72 	0.00, 15.00 	13,20,1,861		3.19,1.07	0,0 	0
562     	30.53, -8.76, -8.85 	-0.23, 0.89, -6.73 	0.00, 15.00 	13,20,1,871		2.45,3.44	0,0 	0
570     	30.51, -8.78, -8.86 	-0.18, 0.87, -6.73 	0.00, 15.00 	13,20,1,880		3.59,6.62	0,0 	0
579     	30.53, -8.76, -8.86 	-0.24, 0.87, -6.73 	0.00, 15.00 	13,20,1,890		3.19,6.42	0,0 	0
588     	30.53, -8.76, -8.86 	-0.23, 0.88, -6.73 	0.00, 15.00 	13,20,1,900		0.00,1.59	0,0 	0
596     	30.53, -8.76, -8.86 	-0.23, 0.88, -6.73 	0.00, 15.00 	13,20,1,909		0.00,0.00	0,0 	0
604     	30.53, -8.76, -8.86 	-0.21, 0.88, -6.75 	0.00, 15.00 	13,20,1,918		0.00,2.41	0,0 	0
614     	30.51, -8.78, -8.86 	-0.21, 0.88, -6.73 	0.00, 15.00 	13,20,1,929		2.87,0.00	0,0 	0
622     	30.51, -8.78, -8.86 	-0.21, 0.89, -6.75 	0.00, 15.00 	13,20,1,938		0.00,1.34	0,0 	0
631     	30.50, -8.78, -8.86 	-0.20, 0.90, -6.75 	0.00, 15.00 	13,20,1,948		1.07,1.59	0,0 	0
640     	30.52, -8.77, -8.87 	-0.21, 0.91, -6.75 	0.00, 15.00 	13,20,1,958		2.45,1.61	0,0 	0
648     	30.50, -8.79, -8.88 	-0.21, 0.91, -6.75 	0.00, 15.00 	13,20,1,967		3.59,0.00	0,0 	0
657     	30.51, -8.78, -8.88 	-0.20, 0.91, -6.75 	0.00, 15.00 	13,20,1,977		1.60,1.07	0,0 	0
666     	30.52, -8.76, -8.87 	-0.21, 0.90, -6.74 	0.00, 15.00 	13,20,1,987		2.60,1.59	0,0 	0
674     	30.53, -8.77, -8.86 	-0.21, 0.91, -6.75 	0.00, 15.00 	13,20,1,996		1.79,1.34	0,0 	0
683     	30.53, -8.81, -8.86 	-0.21, 0.90, -6.74 	0.00, 15.00 	13,20,2,6		3.55,1.19	0,0 	0
692     	30.51, -8.82, -8.85 	-0.20, 0.90, -6.74 	0.00, 15.00 	13,20,2,16		2.45,1.07	0,0 	0
700     	30.51, -8.85, -8.85 	-0.21, 0.90, -6.75 	0.00, 15.00 	13,20,2,25		4.00,1.20	0,0 	0
709     	30.51, -8.85, -8.86 	-0.21, 0.90, -6.75 	0.00, 15.00 	13,20,2,35		0.00,0.00	0,0 	0
718     	30.50, -8.86, -8.86 	-0.20, 0.88, -6.73 	0.00, 15.00 	13,20,2,45		1.60,2.62	0,0 	0
726     	30.52, -8.85, -8.86 	-0.20, 0.87, -6.73 	0.00, 15.00 	13,20,2,54		2.75,1.34	0,0 	0
735     	30.50, -8.86, -8.86 	-0.18, 0.88, -6.73 	0.00, 15.00 	13,20,2,64		2.45,2.43	0,0 	0
744     	30.50, -8.86, -8.85 	-0.20, 0.87, -6.74 	0.00, 15.00 	13,20,2,74		0.00,2.43	0,0 	0
753     	30.51, -8.86, -8.84 	-0.21, 0.87, -6.72 	0.00, 15.00 	13,20,2,84		1.07,1.07	0,0 	0
761     	30.51, -8.85, -8.84 	-0.21, 0.86, -6.73 	0.00, 15.00 	13,20,2,93		1.33,1.34	0,0 	0
770     	30.51, -8.84, -8.85 	-0.25, 0.87, -6.72 	0.00, 15.00 	13,20,2,103		1.18,4.46	0,0 	0
779     	30.52, -8.86, -8.85 	-0.25, 0.86, -6.71 	0.00, 15.00 	13,20,2,113		2.60,1.19	0,0 	0
787     	30.49, -8.88, -8.85 	-0.26, 0.88, -6.72 	0.00, 15.00 	13,20,2,122		4.49,2.95	0,0 	0
796     	30.50, -8.89, -8.85 	-0.25, 0.87, -6.72 	0.00, 15.00 	13,20,2,132		1.60,1.61	0,0 	0
805     	30.49, -8.90, -8.84 	-0.25, 0.87, -6.71 	0.00, 15.00 	13,20,2,142		1.60,0.00	0,0 	0
813     	30.49, -8.90, -8.85 	-0.26, 0.87, -6.71 	0.00, 15.00 	13,20,2,151		0.00,1.20	0,0 	0
822     	30.46, -8.88, -8.85 	-0.26, 0.88, -6.72 	0.00, 15.00 	13,20,2,161		3.99,1.19	0,0 	0
831     	30.48, -8.87, -8.85 	-0.27, 0.87, -6.71 	0.00, 15.00 	13,20,2,171		2.45,1.59	0,0 	0
839     	30.49, -8.86, -8.86 	-0.26, 0.88, -6.69 	0.00, 15.00 	13,20,2,180		1.80,1.78	0,0 	0
848     	30.49, -8.86, -8.86 	-0.28, 0.87, -6.71 	0.00, 15.00 	13,20,2,190		0.00,2.43	0,0 	0
857     	30.49, -8.87, -8.86 	-0.27, 0.86, -6.70 	0.00, 15.00 	13,20,2,200		1.18,1.61	0,0 	0
865     	30.49, -8.87, -8.86 	-0.28, 0.86, -6.71 	0.00, 15.00 	13,20,2,209		0.00,1.20	0,0 	0
874     	30.49, -8.88, -8.85 	-0.27, 0.84, -6.70 	0.00, 15.00 	13,20,2,219		1.18,2.62	0,0 	0
883     	30.48, -8.87, -8.85 	-0.26, 0.84, -6.69 	0.00, 15.00 	13,20,2,229		1.60,1.07	0,0 	0
891     	30.47, -8.88, -8.85 	-0.26, 0.84, -6.69 	0.00, 15.00 	13,20,2,238		1.80,0.00	0,0 	0
900     	30.47, -8.88, -8.85 	-0.27, 0.83, -6.70 	0.00, 15.00 	13,20,2,248		0.00,1.59	0,0 	0
909     	30.46, -8.88, -8.85 	-0.27, 0.85, -6.69 	0.00, 15.00 	13,20,2,258		1.07,2.38	0,0 	0
917     	30.46, -8.88, -8.86 	-0.27, 0.84, -6.69 	0.00, 15.00 	13,20,2,267		0.00,1.34	0,0 	0
926     	30.45, -8.88, -8.86 	-0.28, 0.85, -6.71 	0.00, 15.00 	13,20,2,277		2.14,1.61	0,0 	0
935     	30.45, -8.88, -8.86 	-0.28, 0.86, -6.71 	0.00, 15.00 	13,20,2,287		0.00,1.19	0,0 	0
944     	30.46, -8.89, -8.86 	-0.24, 0.87, -6.70 	0.00, 15.00 	13,20,2,297		2.45,4.42	0,0 	0
952     	30.48, -8.89, -8.86 	-0.24, 0.87, -6.70 	0.00, 15.00 	13,20,2,306		2.41,0.00	0,0 	0
961     	30.49, -8.89, -8.85 	-0.26, 0.87, -6.71 	0.00, 15.00 	13,20,2,316		1.07,2.14	0,0 	0
970     	30.46, -8.89, -8.85 	-0.25, 0.87, -6.71 	0.00, 15.00 	13,20,2,326		3.21,1.07	0,0 	0
978     	30.47, -8.91, -8.84 	-0.25, 0.87, -6.71 	0.00, 15.00 	13,20,2,335		2.92,0.00	0,0 	0
987     	30.48, -8.91, -8.85 	-0.25, 0.87, -6.71 	0.00, 15.00 	13,20,2,345		1.07,0.00	0,0 	0
996     	30.46, -8.93, -8.85 	-0.25, 0.87, -6.71 	0.00, 15.00 	13,20,2,355		3.19,0.00	0,0 	0
1004    	30.44, -8.94, -8.85 	-0.27, 0.87, -6.71 	0.00, 15.00 	13,20,2,364		3.85,2.41	1000,1 	0
1013    	30.45, -8.93, -8.86 	-0.27, 0.87, -6.72 	0.00, 15.00 	13,20,2,374		2.45,0.00	1000,1 	0
1022    	30.45, -8.93, -8.86 	-0.26, 0.86, -6.71 	0.00, 15.00 	13,20,2,384		0.00,1.61	1000,1 	0
1030    	30.45, -8.92, -8.86 	-0.26, 0.88, -6.71 	0.00, 15.00 	13,20,2,393		1.80,2.67	1000,1 	0
1039    	30.46, -8.91, -8.87 	-0.28, 0.86, -6.71 	0.00, 15.00 	13,20,2,403		2.45,3.17	1000,1 	0
1048    	30.45, -8.92, -8.86 	-0.28, 0.87, -6.71 	0.00, 15.00 	13,20,2,413		1.60,1.19	1000,1 	0
1056    	30.45, -8.91, -8.86 	-0.28, 0.87, -6.71 	0.00, 15.00 	13,20,2,422		1.80,0.00	1000,1 	0
1065    	30.47, -8.92, -8.86 	-0.24, 0.87, -6.71 	0.00, 15.00 	13,20,2,432		3.42,4.28	1000,1 	0
1074    	30.46, -8.96, -8.85 	-0.23, 0.85, -6.72 	0.00, 15.00 	13,20,2,442		4.86,2.62	1000,1 	0
1082    	30.46, -8.96, -8.86 	-0.25, 0.86, -6.72 	0.00, 15.00 	13,20,2,451		0.00,2.77	1000,1 	0
1091    	30.43, -9.00, -8.85 	-0.25, 0.86, -6.72 	0.00, 15.00 	13,20,2,461		5.56,0.00	1000,1 	0
1100    	30.43, -9.03, -8.85 	-0.25, 0.86, -6.72 	0.00, 15.00 	13,20,2,471		3.55,0.00	1000,1 	0
1108    	30.41, -9.03, -8.85 	-0.26, 0.88, -6.72 	0.00, 15.00 	13,20,2,480		2.41,2.95	1000,1 	0
1117    	30.40, -9.04, -8.86 	-0.24, 0.88, -6.72 	0.00, 15.00 	13,20,2,490		1.60,2.14	1000,1 	0
1126    	30.43, -9.05, -8.85 	-0.24, 0.88, -6.72 	0.00, 15.00 	13,20,2,500		3.42,0.00	1000,1 	0
1135    	30.44, -9.04, -8.85 	-0.25, 0.88, -6.72 	0.00, 15.00 	13,20,2,510		2.45,1.07	1000,1 	0
1143    	30.41, -9.07, -8.85 	-0.20, 0.86, -6.72 	0.00, 15.00 	13,20,2,519		6.26,6.62	1000,1 	0
1152    	30.41, -9.07, -8.87 	-0.22, 0.86, -6.73 	0.00, 15.00 	13,20,2,529		0.00,2.14	1000,1 	0
1161    	30.40, -9.10, -8.87 	-0.19, 0.85, -6.72 	0.00, 15.00 	13,20,2,539		3.71,3.44	1000,1 	0
1169    	30.37, -9.14, -8.87 	-0.22, 0.87, -6.72 	0.00, 15.00 	13,20,2,548		5.39,4.52	1000,1 	0
1177    	30.37, -9.18, -8.86 	-0.21, 0.85, -6.72 	0.00, 15.00 	13,20,2,557		5.33,2.95	1000,1 	0
1187    	30.35, -9.20, -8.86 	-0.21, 0.85, -6.73 	0.00, 15.00 	13,20,2,568		2.87,0.00	1000,1 	0
1195    	30.36, -9.19, -8.88 	-0.25, 0.86, -6.73 	0.00, 15.00 	13,20,2,577		1.80,5.01	1000,1 	0
1204    	30.34, -9.21, -8.89 	-0.23, 0.87, -6.74 	0.00, 15.00 	13,20,2,587		3.19,2.43	1000,1 	0
1213    	30.38, -9.22, -8.88 	-0.21, 0.84, -6.73 	0.00, 15.00 	13,20,2,597		4.44,4.18	1000,1 	0
1221    	30.35, -9.24, -8.87 	-0.21, 0.88, -6.74 	0.00, 15.00 	13,20,2,606		4.49,5.35	1000,1 	0
1230    	30.32, -9.26, -8.87 	-0.23, 0.89, -6.74 	0.00, 15.00 	13,20,2,616		3.99,2.46	1000,1 	0
1239    	30.32, -9.32, -8.86 	-0.22, 0.88, -6.74 	0.00, 15.00 	13,20,2,626		5.92,1.61	1000,1 	0
1247    	30.30, -9.40, -8.86 	-0.26, 0.86, -6.73 	0.00, 15.00 	13,20,2,635		10.92,5.47	1000,1 	0
1256    	30.31, -9.45, -8.84 	-0.25, 0.87, -6.73 	0.00, 15.00 	13,20,2,645		6.01,1.59	1000,1 	0
1265    	30.26, -9.53, -8.85 	-0.29, 0.86, -6.73 	0.00, 15.00 	13,20,2,655		9.87,4.42	1000,1 	0
1273    	30.23, -9.56, -8.87 	-0.26, 0.88, -6.75 	0.00, 15.00 	13,20,2,664		5.39,4.46	1000,1 	0
1282    	30.23, -9.57, -8.89 	-0.26, 0.85, -6.74 	0.00, 15.00 	13,20,2,674		1.18,3.56	1000,1 	0
1291    	30.24, -9.55, -8.89 	-0.26, 0.85, -6.74 	0.00, 15.00 	13,20,2,684		2.60,0.00	1000,1 	0
1299    	30.23, -9.55, -8.91 	-0.29, 0.84, -6.74 	0.00, 15.00 	13,20,2,693		1.20,3.83	1000,1 	0
1308    	30.24, -9.57, -8.90 	-0.27, 0.83, -6.74 	0.00, 15.00 	13,20,2,703		2.60,2.46	1000,1 	0
1317    	30.26, -9.58, -8.90 	-0.29, 0.84, -6.73 	0.00, 15.00 	13,20,2,713		2.45,3.44	1000,1 	0
1326    	30.24, -9.60, -8.91 	-0.29, 0.83, -6.74 	0.00, 15.00 	13,20,2,723		3.19,1.19	1000,1 	0
1334    	30.23, -9.66, -8.90 	-0.31, 0.83, -6.74 	0.00, 15.00 	13,20,2,732		6.77,2.41	1000,1 	0
1343    	30.23, -9.72, -8.90 	-0.29, 0.85, -6.73 	0.00, 15.00 	13,20,2,742		7.10,3.96	1000,1 	0
1352    	30.19, -9.77, -8.89 	-0.30, 0.84, -6.74 	0.00, 15.00 	13,20,2,752		7.31,2.43	1000,1 	0
1360    	30.17, -9.85, -8.89 	-0.30, 0.85, -6.73 	0.00, 15.00 	13,20,2,761		9.63,1.34	1000,1 	0
1369    	30.17, -9.88, -8.91 	-0.31, 0.85, -6.74 	0.00, 15.00 	13,20,2,771		3.55,1.07	1000,1 	0
1378    	30.15, -9.90, -8.91 	-0.30, 0.86, -6.74 	0.00, 15.00 	13,20,2,781		3.99,2.43	1000,1 	0
1386    	30.12, -9.96, -8.91 	-0.31, 0.87, -6.75 	0.00, 15.00 	13,20,2,790		7.58,2.77	1000,1 	0
1395    	30.14, -9.94, -8.91 	-0.31, 0.85, -6.75 	0.00, 15.00 	13,20,2,800		2.45,2.38	1000,1 	0
1404    	30.15, -9.92, -8.93 	-0.30, 0.86, -6.75 	0.00, 15.00 	13,20,2,810		2.60,2.43	1000,1 	0
1412    	30.15, -9.93, -8.92 	-0.29, 0.85, -6.75 	0.00, 15.00 	13,20,2,819		1.33,1.34	1000,1 	0
1421    	30.13, -9.97, -8.91 	-0.30, 0.84, -6.74 	0.00, 15.00 	13,20,2,829		4.15,1.59	1000,1 	0
1430    	30.13, -9.98, -8.91 	-0.30, 0.84, -6.74 	0.00, 15.00 	13,20,2,839		1.18,0.00	1000,1 	0
1438    	30.14, -9.98, -8.91 	-0.30, 0.84, -6.74 	0.00, 15.00 	13,20,2,848		1.20,0.00	1000,1 	0
1447    	30.14, -9.98, -8.91 	-0.30, 0.84, -6.74 	0.00, 15.00 	13,20,2,858		0.00,0.00	1000,1 	0
1456    	30.13, -9.98, -8.91 	-0.33, 0.85, -6.74 	0.00, 15.00 	13,20,2,868		1.07,3.44	1000,1 	0
1464    	30.10, -9.99, -8.90 	-0.29, 0.86, -6.75 	0.00, 15.00 	13,20,2,877		3.85,6.14	1000,1 	0
1473    	30.10, -9.99, -8.91 	-0.30, 0.86, -6.75 	0.00, 15.00 	13,20,2,887		0.00,1.07	1000,1 	0
1482    	30.11, -9.99, -8.93 	-0.30, 0.86, -6.75 	0.00, 15.00 	13,20,2,897		1.07,0.00	1000,1 	0
1490    	30.13, -9.97, -8.92 	-0.30, 0.86, -6.74 	0.00, 15.00 	13,20,2,906		3.59,1.20	1000,1 	0
1499    	30.12, -9.96, -8.93 	-0.30, 0.88, -6.76 	0.00, 15.00 	13,20,2,916		1.60,2.59	1000,1 	0
1508    	30.15, -9.94, -8.91 	-0.30, 0.89, -6.76 	0.00, 15.00 	13,20,2,926		3.42,1.19	1000,1 	0
1517    	30.14, -9.94, -8.92 	-0.30, 0.89, -6.75 	0.00, 15.00 	13,20,2,936		1.07,0.00	1000,1 	0
1525    	30.15, -9.94, -8.92 	-0.26, 0.90, -6.76 	0.00, 15.00 	13,20,2,945		1.20,4.97	1000,1 	0
1534    	30.12, -9.96, -8.93 	-0.28, 0.92, -6.76 	0.00, 15.00 	13,20,2,955		3.42,3.22	1000,1 	0
1543    	30.12, -9.97, -8.93 	-0.28, 1.00, -6.79 	0.00, 15.00 	13,20,2,965		1.18,8.32	1000,1 	0
1551    	30.11, -9.98, -8.95 	-0.21, 1.12, -6.80 	0.00, 15.00 	13,20,2,974		1.80,16.83	1000,1 	0
1560    	30.12, -9.96, -8.93 	-0.12, 1.31, -6.85 	0.00, 15.00 	13,20,2,984		2.60,23.32	1000,1 	0
1569    	30.11, -9.96, -8.94 	-0.13, 1.52, -6.87 	0.00, 15.00 	13,20,2,994		1.07,23.76	1000,1 	0
1577    	30.12, -9.97, -8.94 	-0.03, 1.76, -6.88 	0.00, 15.00 	13,20,3,3		1.79,31.60	1000,1 	0
1586    	30.12, -9.97, -8.95 	0.11, 2.06, -6.91 	0.00, 15.00 	13,20,3,13		0.00,37.78	1000,1 	0
1595    	30.11, -9.98, -8.94 	0.17, 2.28, -6.93 	0.00, 15.00 	13,20,3,23		1.60,24.52	1000,1 	0
1603    	30.11, -9.97, -8.94 	0.16, 2.46, -6.92 	0.00, 15.00 	13,20,3,32		1.33,22.77	1000,1 	0
1612    	30.11, -9.99, -8.93 	0.20, 2.65, -6.92 	0.00, 15.00 	13,20,3,42		2.37,21.96	1000,1 	0
1621    	30.09, -9.99, -8.95 	0.21, 2.83, -6.95 	0.00, 15.00 	13,20,3,52		2.14,20.21	1000,1 	0
1629    	30.07, -9.97, -8.94 	0.30, 3.01, -6.97 	0.00, 15.00 	13,20,3,61		3.59,25.02	1000,1 	0
1638    	30.11, -9.94, -8.95 	0.31, 3.16, -6.96 	0.00, 15.00 	13,20,3,71		4.89,16.74	1000,1 	0
1647    	30.09, -9.93, -8.96 	0.29, 3.30, -6.92 	0.00, 15.00 	13,20,3,81		2.45,15.62	1000,1 	0
1655    	30.06, -9.96, -8.96 	0.29, 3.45, -6.88 	0.00, 15.00 	13,20,3,90		4.49,18.71	1000,1 	0
1664    	30.08, -9.93, -8.96 	0.34, 3.62, -6.89 	0.00, 15.00 	13,20,3,100		3.19,19.67	1000,1 	0
1673    	30.08, -9.92, -8.97 	0.44, 3.80, -6.89 	0.00, 15.00 	13,20,3,110		1.18,22.71	1000,1 	0
1682    	30.09, -9.90, -8.96 	0.44, 3.98, -6.90 	0.00, 15.00 	13,20,3,120		2.60,19.02	1000,1 	0
1690    	30.10, -9.87, -8.98 	0.49, 4.12, -6.90 	0.00, 15.00 	13,20,3,129		4.17,19.57	1000,1 	0
1699    	30.07, -9.84, -8.99 	0.47, 4.27, -6.90 	0.00, 15.00 	13,20,3,139		4.79,16.80	1000,1 	0
1708    	30.04, -9.84, -8.98 	0.50, 4.42, -6.93 	0.00, 15.00 	13,20,3,149		3.21,16.89	1000,1 	0
1716    	30.04, -9.83, -8.98 	0.55, 4.56, -6.96 	0.00, 15.00 	13,20,3,158		1.33,18.30	1000,1 	0
1724    	30.01, -9.82, -8.99 	0.51, 4.71, -6.99 	0.00, 15.00 	13,20,3,167		3.85,19.39	1000,1 	0
1734    	29.97, -9.81, -8.99 	0.49, 4.86, -7.02 	0.00, 15.00 	13,20,3,178		4.00,15.12	1000,1 	0
1742    	29.92, -9.75, -9.01 	0.51, 4.98, -7.04 	0.00, 15.00 	13,20,3,187		8.97,15.08	1000,1 	0
1750    	29.96, -9.68, -9.01 	0.53, 5.10, -7.06 	0.00, 15.00 	13,20,3,196		10.50,14.86	1000,1 	0
1760    	29.99, -9.58, -9.00 	0.55, 5.21, -7.09 	0.00, 15.00 	13,20,3,207		10.02,11.89	1000,1 	0
1768    	29.97, -9.51, -9.01 	0.49, 5.31, -7.11 	0.00, 15.00 	13,20,3,216		9.63,14.12	1000,1 	0
1777    	29.99, -9.41, -9.02 	0.44, 5.40, -7.13 	0.00, 15.00 	13,20,3,226		10.87,10.97	1000,1 	0
1786    	29.95, -9.37, -9.02 	0.45, 5.49, -7.15 	0.00, 15.00 	13,20,3,236		6.38,10.73	1000,1 	0
1794    	29.91, -9.35, -9.00 	0.46, 5.60, -7.17 	0.00, 15.00 	13,20,3,245		6.58,13.40	1000,1 	0
1803    	29.88, -9.35, -9.00 	0.42, 5.71, -7.19 	0.00, 15.00 	13,20,3,255		3.21,12.69	1000,1 	0
1812    	29.86, -9.27, -9.01 	0.41, 5.81, -7.21 	0.00, 15.00 	13,20,3,265		8.56,11.94	1000,1 	0
1820    	29.83, -9.20, -9.02 	0.41, 5.91, -7.23 	0.00, 15.00 	13,20,3,274		10.00,12.03	1000,1 	0
1829    	29.82, -9.12, -9.04 	0.37, 6.01, -7.26 	0.00, 15.00 	13,20,3,284		8.35,11.58	1000,1 	0
1838    	29.79, -8.99, -9.04 	0.32, 6.09, -7.26 	0.00, 15.00 	13,20,3,294		15.72,10.97	1000,1 	0
1846    	29.78, -8.90, -9.04 	0.29, 6.18, -7.27 	0.00, 15.00 	13,20,3,303		10.72,11.34	1000,1 	0
1855    	29.77, -8.83, -9.04 	0.26, 6.31, -7.30 	0.00, 15.00 	13,20,3,313		8.35,14.66	1000,1 	0
1864    	29.77, -8.76, -9.02 	0.24, 6.41, -7.32 	0.00, 15.00 	13,20,3,323		7.10,12.10	1000,1 	0
1872    	29.76, -8.68, -9.00 	0.20, 6.56, -7.36 	0.00, 15.00 	13,20,3,332		10.72,19.39	1000,1 	0
1881    	29.68, -8.62, -8.97 	0.15, 6.74, -7.38 	0.00, 15.00 	13,20,3,342		10.41,19.82	1000,1 	0
1890    	29.63, -8.58, -8.97 	0.03, 6.93, -7.39 	0.00, 15.00 	13,20,3,352		7.98,25.68	1000,1 	0
1899    	29.58, -8.55, -8.98 	-0.06, 7.18, -7.41 	0.00, 15.00 	13,20,3,362		6.42,29.11	1000,1 	0
1907    	29.57, -8.42, -9.01 	-0.10, 7.44, -7.42 	0.00, 15.00 	13,20,3,371		16.03,33.83	1000,1 	0
1915    	29.56, -8.31, -9.02 	-0.13, 7.75, -7.44 	0.00, 15.00 	13,20,3,380		13.37,38.98	1000,1 	0
1925    	29.57, -8.22, -9.02 	-0.20, 8.05, -7.45 	0.00, 15.00 	13,20,3,391		9.64,30.78	1000,1 	0
1933    	29.50, -8.15, -9.03 	-0.21, 8.32, -7.45 	0.00, 15.00 	13,20,3,400		11.61,33.45	1000,1 	0
1942    	29.53, -8.09, -9.01 	-0.18, 8.66, -7.46 	0.00, 15.00 	13,20,3,410		7.80,38.19	1000,1 	0
1951    	29.51, -8.07, -8.99 	-0.17, 8.99, -7.46 	0.00, 15.00 	13,20,3,420		3.19,36.83	1000,1 	0
1959    	29.48, -8.11, -8.94 	-0.14, 9.34, -7.44 	0.00, 15.00 	13,20,3,429		6.44,42.86	1000,1 	0
1968    	29.43, -8.11, -8.95 	-0.12, 9.59, -7.40 	0.00, 15.00 	13,20,3,439		5.35,28.56	1000,1 	0
1977    	29.41, -8.14, -8.96 	-0.10, 9.86, -7.35 	0.00, 15.00 	13,20,3,449		4.79,29.82	1000,1 	0
1985    	29.38, -8.14, -8.97 	-0.00, 10.08, -7.29 	0.00, 15.00 	13,20,3,458		3.61,30.37	1000,1 	0
1994    	29.34, -8.13, -8.99 	0.03, 10.34, -7.25 	0.00, 15.00 	13,20,3,468		4.44,28.77	1000,1 	0
2003    	29.31, -8.13, -8.98 	0.15, 10.62, -7.23 	0.00, 15.00 	13,20,3,478		3.21,33.27	1000,1 	0
2011    	29.31, -8.07, -8.99 	0.29, 10.85, -7.22 	0.00, 15.00 	13,20,3,487		7.99,34.26	1000,1 	0
2020    	29.33, -8.02, -8.99 	0.42, 11.05, -7.19 	0.00, 15.00 	13,20,3,497		6.30,26.89	1000,1 	0
2029    	29.37, -7.94, -9.00 	0.50, 11.28, -7.18 	0.00, 15.00 	13,20,3,507		9.33,26.25	1000,1 	0
2037    	29.41, -7.91, -9.00 	0.56, 11.47, -7.16 	0.00, 15.00 	13,20,3,516		6.26,25.01	1000,1 	0
2046    	29.41, -7.91, -9.00 	0.61, 11.70, -7.16 	0.00, 15.00 	13,20,3,526		0.00,26.82	1000,1 	0
2055    	29.40, -7.91, -8.98 	0.71, 11.91, -7.16 	0.00, 15.00 	13,20,3,536		1.07,24.83	1000,1 	0
2064    	29.40, -7.93, -8.97 	0.72, 12.10, -7.17 	0.00, 15.00 	13,20,3,546		2.37,21.46	1000,1 	0
2072    	29.35, -7.92, -8.97 	0.72, 12.24, -7.16 	0.00, 15.00 	13,20,3,555		6.17,17.37	1000,1 	0
2081    	29.33, -7.89, -8.97 	0.76, 12.37, -7.15 	0.00, 15.00 	13,20,3,565		4.15,14.82	1000,1 	0
2090    	29.29, -7.88, -8.98 	0.83, 12.51, -7.15 	0.00, 15.00 	13,20,3,575		4.44,18.13	1000,1 	0
2098    	29.33, -7.81, -8.98 	0.91, 12.68, -7.17 	0.00, 15.00 	13,20,3,584		9.33,23.82	1000,1 	0
2107    	29.34, -7.78, -8.98 	0.95, 12.80, -7.19 	0.00, 15.00 	13,20,3,594		3.71,13.69	1000,1 	0
2116    	29.35, -7.76, -8.99 	0.98, 12.90, -7.19 	0.00, 15.00 	13,20,3,604		2.60,11.12	1000,1 	0
2124    	29.38, -7.73, -8.99 	0.99, 12.95, -7.19 	0.00, 15.00 	13,20,3,613		5.39,6.77	1000,1 	0
2133    	29.38, -7.74, -8.97 	1.00, 12.98, -7.19 	0.00, 15.00 	13,20,3,623		1.18,3.71	1000,1 	0
2142    	29.39, -7.72, -8.98 	0.99, 13.02, -7.17 	0.00, 15.00 	13,20,3,633		2.60,3.74	1000,1 	0
2150    	29.37, -7.73, -8.96 	0.98, 13.05, -7.15 	0.00, 15.00 	13,20,3,642		2.75,4.20	1000,1 	0
2159    	29.35, -7.74, -8.95 	0.97, 13.09, -7.15 	0.00, 15.00 	13,20,3,652		2.45,4.89	1000,1 	0
2168    	29.35, -7.72, -8.96 	0.95, 13.14, -7.15 	0.00, 15.00 	13,20,3,662		2.37,6.34	1000,1 	0
2176    	29.35, -7.71, -8.95 	0.95, 13.20, -7.15 	0.00, 15.00 	13,20,3,671		1.33,6.68	1000,1 	0
2185    	29.34, -7.69, -8.96 	0.94, 13.25, -7.15 	0.00, 15.00 	13,20,3,681		2.60,6.05	1000,1 	0
2194    	29.36, -7.69, -8.97 	0.92, 13.29, -7.15 	0.00, 15.00 	13,20,3,691		2.14,5.24	1000,1 	0
2202    	29.34, -7.66, -8.97 	0.92, 13.32, -7.15 	0.00, 15.00 	13,20,3,700		3.59,2.67	1000,1 	0
2211    	29.35, -7.63, -8.98 	0.92, 13.35, -7.14 	0.00, 15.00 	13,20,3,710		3.71,3.56	1000,1 	0
2220    	29.41, -7.64, -8.98 	0.91, 13.38, -7.12 	0.00, 15.00 	13,20,3,720		6.53,3.74	1000,1 	0
2228    	29.39, -7.64, -8.97 	0.89, 13.41, -7.11 	0.00, 15.00 	13,20,3,729		2.41,4.71	1000,1 	0
2237    	29.39, -7.65, -8.97 	0.85, 13.43, -7.08 	0.00, 15.00 	13,20,3,739		1.18,4.92	1000,1 	0
2246    	29.36, -7.65, -8.96 	0.83, 13.52, -7.07 	0.00, 15.00 	13,20,3,749		3.21,9.77	1000,1 	0
2254    	29.38, -7.63, -8.96 	0.81, 13.61, -7.05 	0.00, 15.00 	13,20,3,758		3.59,10.99	1000,1 	0
2263    	29.37, -7.62, -8.96 	0.78, 13.71, -7.04 	0.00, 15.00 	13,20,3,768		1.60,12.35	1000,1 	0
2272    	29.34, -7.58, -8.95 	0.73, 13.83, -7.01 	0.00, 15.00 	13,20,3,778		5.72,14.19	1000,1 	0
2281    	29.34, -7.52, -8.97 	0.69, 13.94, -6.97 	0.00, 15.00 	13,20,3,788		7.10,12.69	1000,1 	0
2289    	29.32, -7.49, -8.96 	0.65, 14.02, -6.95 	0.00, 15.00 	13,20,3,797		3.59,11.79	1000,1 	0
2298    	29.33, -7.44, -8.96 	0.60, 14.09, -6.93 	0.00, 15.00 	13,20,3,807		6.02,8.97	1000,1 	0
2307    	29.31, -7.38, -8.96 	0.57, 14.16, -6.94 	0.00, 15.00 	13,20,3,817		7.42,8.96	1000,1 	0
2315    	29.29, -7.33, -8.96 	0.55, 14.27, -6.97 	0.00, 15.00 	13,20,3,826		5.84,13.62	1000,1 	0
2324    	29.30, -7.32, -8.95 	0.53, 14.39, -6.97 	0.00, 15.00 	13,20,3,836		1.60,13.27	1000,1 	0
2333    	29.25, -7.32, -8.93 	0.50, 14.51, -6.97 	0.00, 15.00 	13,20,3,846		5.35,13.81	1000,1 	0
2341    	29.23, -7.30, -8.93 	0.43, 14.63, -6.96 	0.00, 15.00 	13,20,3,855		3.59,18.23	1000,1 	0
2350    	29.16, -7.31, -8.93 	0.37, 14.78, -6.97 	0.00, 15.00 	13,20,3,865		8.65,17.92	1000,1 	0
2359    	29.12, -7.30, -8.93 	0.35, 14.93, -6.97 	0.00, 15.00 	13,20,3,875		4.44,16.80	1000,1 	0
2367    	29.09, -7.24, -8.94 	0.38, 15.13, -6.97 	0.00, 15.00 	13,20,3,884		8.77,24.27	1000,1 	0
2376    	29.06, -7.20, -8.95 	0.39, 15.28, -6.97 	0.00, 15.00 	13,20,3,894		5.72,16.74	1000,1 	0
2385    	29.05, -7.11, -8.95 	0.38, 15.42, -6.97 	0.00, 15.00 	13,20,3,904		9.53,15.50	1000,1 	0
2393    	29.04, -7.06, -8.93 	0.35, 15.53, -6.97 	0.00, 15.00 	13,20,3,913		6.77,15.19	1000,1 	0
2402    	29.03, -7.00, -8.94 	0.34, 15.64, -6.96 	0.00, 15.00 	13,20,3,923		6.01,11.94	1000,1 	0
2411    	29.04, -6.97, -8.95 	0.34, 15.75, -6.97 	0.00, 15.00 	13,20,3,933		3.71,11.88	1000,1 	0
2419    	29.02, -6.94, -8.94 	0.34, 15.83, -6.98 	0.00, 15.00 	13,20,3,942		4.66,10.69	1000,1 	0
2428    	29.01, -6.93, -8.93 	0.36, 15.89, -6.99 	0.00, 15.00 	13,20,3,952		1.60,6.28	1000,1 	0
2437    	28.98, -6.93, -8.91 	0.36, 15.94, -6.98 	0.00, 15.00 	13,20,3,962		3.21,5.94	1000,1 	0
2446    	28.96, -6.92, -8.93 	0.36, 15.98, -6.98 	0.00, 15.00 	13,20,3,972		2.45,4.75	1000,1 	0
2454    	28.93, -6.94, -8.92 	0.37, 16.01, -6.98 	0.00, 15.00 	13,20,3,981		5.51,4.17	1000,1 	0
2463    	28.92, -6.92, -8.93 	0.38, 16.02, -6.97 	0.00, 15.00 	13,20,3,991		2.60,1.59	1000,1 	0
2472    	28.90, -6.93, -8.93 	0.37, 16.04, -6.97 	0.00, 15.00 	13,20,4,1		2.45,1.61	1000,1 	0
2480    	28.90, -6.93, -8.93 	0.37, 16.04, -6.97 	0.00, 15.00 	13,20,4,10		0.00,0.00	1000,1 	0
2489    	28.90, -6.95, -8.93 	0.37, 16.05, -6.97 	0.00, 15.00 	13,20,4,20		2.37,1.19	1000,1 	0
2498    	28.90, -6.96, -8.91 	0.36, 16.05, -6.97 	0.00, 15.00 	13,20,4,30		1.18,1.07	1000,1 	0
2506    	28.89, -6.96, -8.92 	0.35, 16.04, -6.96 	0.00, 15.00 	13,20,4,39		1.20,1.78	1000,1 	0
2515    	28.85, -6.96, -8.91 	0.35, 16.04, -6.96 	0.00, 15.00 	13,20,4,49		4.28,0.00	1000,1 	0
2524    	28.86, -6.94, -8.90 	0.35, 16.04, -6.96 	0.00, 15.00 	13,20,4,59		2.60,0.00	1000,1 	0
2532    	28.85, -6.95, -8.89 	0.34, 16.05, -6.96 	0.00, 15.00 	13,20,4,68		1.80,1.81	1000,1 	0
2541    	28.83, -6.92, -8.90 	0.33, 16.05, -6.95 	0.00, 15.00 	13,20,4,78		4.15,1.07	1000,1 	0
2550    	28.81, -6.92, -8.91 	0.32, 16.05, -6.95 	0.00, 15.00 	13,20,4,88		2.14,1.07	1000,1 	0
2558    	28.83, -6.90, -8.91 	0.32, 16.05, -6.96 	0.00, 15.00 	13,20,4,97		3.59,0.00	1000,1 	0
2567    	28.85, -6.88, -8.90 	0.32, 16.06, -6.96 	0.00, 15.00 	13,20,4,107		3.19,1.19	1000,1 	0
2576    	28.82, -6.87, -8.91 	0.29, 16.06, -6.96 	0.00, 15.00 	13,20,4,117		3.42,3.21	1000,1 	0
2584    	28.84, -6.88, -8.90 	0.24, 16.07, -6.96 	0.00, 15.00 	13,20,4,126		2.75,6.18	1000,1 	0
2593    	28.83, -6.88, -8.90 	0.20, 16.07, -6.97 	0.00, 15.00 	13,20,4,136		1.07,5.35	1000,1 	0
2602    	28.82, -6.83, -8.91 	0.17, 16.09, -6.98 	0.00, 15.00 	13,20,4,146		4.85,4.02	1000,1 	0
2610    	28.83, -6.84, -8.92 	0.13, 16.12, -6.98 	0.00, 15.00 	13,20,4,155		1.80,6.31	1000,1 	0
2619    	28.82, -6.84, -8.91 	0.07, 16.11, -6.98 	0.00, 15.00 	13,20,4,165		1.07,6.51	1000,1 	0
2628    	28.82, -6.84, -8.91 	0.02, 16.11, -6.98 	0.00, 15.00 	13,20,4,175		0.00,5.35	1000,1 	0
2637    	28.80, -6.87, -8.91 	-0.01, 16.12, -6.98 	0.00, 15.00 	13,20,4,185		3.19,3.44	1000,1 	0
2645    	28.79, -6.87, -8.92 	-0.01, 16.11, -6.97 	0.00, 15.00 	13,20,4,194		1.20,1.34	1000,1 	0
2654    	28.81, -6.85, -8.92 	-0.04, 16.10, -6.95 	0.00, 15.00 	13,20,4,204		2.45,4.42	1000,1 	0
2663    	28.83, -6.85, -8.92 	-0.05, 16.08, -6.94 	0.00, 15.00 	13,20,4,214		2.14,2.59	1000,1 	0
2671    	28.84, -6.88, -8.91 	-0.06, 16.09, -6.94 	0.00, 15.00 	13,20,4,223		2.92,1.81	1000,1 	0
2680    	28.81, -6.89, -8.91 	-0.05, 16.10, -6.94 	0.00, 15.00 	13,20,4,233		3.42,1.59	1000,1 	0
2689    	28.81, -6.89, -8.91 	-0.07, 16.10, -6.94 	0.00, 15.00 	13,20,4,243		0.00,2.14	1000,1 	0
2697    	28.81, -6.91, -8.90 	-0.07, 16.09, -6.94 	0.00, 15.00 	13,20,4,252		2.66,1.34	1000,1 	0
2706    	28.79, -6.94, -8.90 	-0.09, 16.07, -6.94 	0.00, 15.00 	13,20,4,262		4.15,3.17	1000,1 	0
2715    	28.77, -6.95, -8.90 	-0.09, 16.07, -6.93 	0.00, 15.00 	13,20,4,272		2.45,0.00	1000,1 	0
2723    	28.79, -6.91, -8.90 	-0.09, 16.05, -6.93 	0.00, 15.00 	13,20,4,281		5.85,2.67	1000,1 	0
2732    	28.77, -6.90, -8.91 	-0.11, 16.06, -6.93 	0.00, 15.00 	13,20,4,291		2.45,2.46	1000,1 	0
2741    	28.78, -6.91, -8.91 	-0.12, 16.06, -6.93 	0.00, 15.00 	13,20,4,301		1.60,1.07	1000,1 	0
2749    	28.79, -6.90, -8.92 	-0.10, 16.07, -6.94 	0.00, 15.00 	13,20,4,310		1.80,2.73	1000,1 	0
2758    	28.79, -6.91, -8.91 	-0.10, 16.06, -6.93 	0.00, 15.00 	13,20,4,320		1.18,1.19	1000,1 	0
2767    	28.81, -6.94, -8.90 	-0.09, 16.06, -6.93 	0.00, 15.00 	13,20,4,330		4.15,1.07	1000,1 	0
2776    	28.80, -7.07, -8.89 	-0.11, 16.04, -6.92 	0.00, -0.00 	13,20,4,349		16.03,3.57	1000,1 	0
2785    	28.77, -7.11, -8.89 	-0.12, 16.03, -6.92 	0.00, -0.00 	13,20,4,359		3.22,0.89	1000,1 	0
2793    	28.79, -7.11, -8.88 	-0.13, 16.03, -6.93 	0.00, -0.00 	13,20,4,368		1.20,0.60	1000,1 	0
2802    	28.80, -7.11, -8.88 	-0.13, 16.03, -6.92 	0.00, -0.00 	13,20,4,378		0.57,0.00	1000,1 	0
2811    	28.77, -7.13, -8.89 	-0.14, 16.03, -6.92 	0.00, -0.00 	13,20,4,388		2.24,0.60	1000,1 	0
2820    	28.79, -7.12, -8.89 	-0.14, 16.03, -6.92 	0.00, -0.00 	13,20,4,398		1.38,0.00	1000,1 	0
2828    	28.79, -7.13, -8.90 	-0.13, 16.03, -6.92 	0.00, -0.00 	13,20,4,407		0.67,0.60	1000,1 	0
2837    	28.79, -7.14, -8.90 	-0.12, 16.03, -6.91 	0.00, -0.00 	13,20,4,417		0.67,0.60	1000,1 	0
2846    	28.80, -7.16, -8.89 	-0.13, 16.02, -6.90 	0.00, -0.00 	13,20,4,427		1.46,0.89	1000,1 	0
2854    	28.82, -7.20, -8.88 	-0.15, 16.00, -6.90 	0.00, -0.00 	13,20,4,436		2.33,1.78	1000,1 	0
2863    	28.82, -7.24, -8.88 	-0.14, 16.00, -6.90 	0.00, -0.00 	13,20,4,446		2.66,0.60	1000,1 	0
2872    	28.82, -7.25, -8.89 	-0.14, 16.01, -6.89 	0.00, -0.00 	13,20,4,456		0.67,0.67	1000,1 	0
2880    	28.82, -7.25, -8.88 	-0.14, 16.00, -6.89 	0.00, -0.00 	13,20,4,465		0.00,0.67	1000,1 	0
2889    	28.81, -7.25, -8.88 	-0.14, 16.01, -6.89 	0.00, -0.00 	13,20,4,475		0.57,0.63	1000,1 	0
2898    	28.81, -7.25, -8.89 	-0.14, 16.02, -6.89 	0.00, -0.00 	13,20,4,485		0.00,0.67	1000,1 	0
2906    	28.82, -7.23, -8.90 	-0.14, 16.02, -6.89 	0.00, -0.00 	13,20,4,494		1.46,0.00	1000,1 	0
2915    	28.81, -7.22, -8.90 	-0.14, 16.01, -6.89 	0.00, -0.00 	13,20,4,504		0.84,0.63	1000,1 	0
2924    	28.80, -7.22, -8.91 	-0.14, 16.01, -6.89 	0.00, -0.00 	13,20,4,514		0.60,0.00	1000,1 	0
2932    	28.82, -7.21, -8.91 	-0.14, 16.01, -6.89 	0.00, -0.00 	13,20,4,523		1.38,0.00	1000,1 	0
2941    	28.83, -7.22, -8.90 	-0.14, 16.02, -6.89 	0.00, -0.00 	13,20,4,533		0.84,0.63	1000,1 	0
2950    	28.82, -7.22, -8.89 	-0.14, 16.00, -6.89 	0.00, -0.00 	13,20,4,543		0.60,1.34	1000,1 	0
2958    	28.82, -7.25, -8.89 	-0.15, 16.01, -6.89 	0.00, -0.00 	13,20,4,552		2.00,0.91	1000,1 	0
2967    	28.82, -7.26, -8.89 	-0.14, 16.00, -6.89 	0.00, -0.00 	13,20,4,562		0.63,0.85	1000,1 	0
2976    	28.82, -7.27, -8.89 	-0.15, 16.01, -6.89 	0.00, -0.00 	13,20,4,572		0.67,0.91	1000,1 	0
2984    	28.83, -7.28, -8.88 	-0.15, 16.01, -6.89 	0.00, -0.00 	13,20,4,581		0.90,0.00	1000,1 	0
2993    	28.83, -7.28, -8.88 	-0.15, 16.01, -6.89 	0.00, -0.00 	13,20,4,591		0.00,0.00	1000,1 	0
3002    	28.84, -7.29, -8.89 	-0.15, 16.01, -6.89 	0.00, -0.00 	13,20,4,601		0.90,0.00	1000,1 	0
3011    	28.84, -7.30, -8.90 	-0.15, 16.00, -6.89 	0.00, -0.00 	13,20,4,611		0.67,0.67	1000,1 	0
3019    	28.85, -7.30, -8.89 	-0.15, 16.01, -6.89 	0.00, -0.00 	13,20,4,620		0.60,0.67	1000,1 	0
3028    	28.84, -7.31, -8.90 	-0.14, 16.01, -6.89 	0.00, -0.00 	13,20,4,630		0.90,0.60	1000,1 	0
3037    	28.85, -7.30, -8.89 	-0.15, 16.02, -6.89 	0.00, -0.00 	13,20,4,640		0.90,0.91	1000,1 	0
3045    	28.85, -7.32, -8.89 	-0.15, 16.02, -6.89 	0.00, -0.00 	13,20,4,649		1.33,0.00	1000,1 	0
3054    	28.85, -7.32, -8.89 	-0.15, 16.02, -6.89 	0.00, -0.00 	13,20,4,659		0.00,0.00	1000,1 	0
3063    	28.85, -7.32, -8.89 	-0.15, 16.02, -6.89 	0.00, -0.00 	13,20,4,669		0.00,0.00	1000,1 	0
3071    	28.84, -7.33, -8.90 	-0.14, 16.02, -6.89 	0.00, -0.00 	13,20,4,678		0.90,0.60	1000,1 	0
3080    	28.86, -7.32, -8.89 	-0.14, 16.02, -6.89 	0.00, -0.00 	13,20,4,688		1.30,0.00	1000,1 	0
3089    	28.86, -7.31, -8.89 	-0.14, 16.02, -6.89 	0.00, -0.00 	13,20,4,698		0.67,0.00	1000,1 	0
3097    	28.87, -7.32, -8.88 	-0.14, 16.02, -6.89 	0.00, -0.00 	13,20,4,706		0.90,0.00	1000,1 	0
3106    	28.86, -7.31, -8.91 	-0.14, 16.03, -6.90 	0.00, -0.00 	13,20,4,716		0.84,0.63	1000,1 	0
3115    	28.88, -7.31, -8.91 	-0.14, 16.01, -6.88 	0.00, -0.00 	13,20,4,726		1.20,1.34	1000,1 	0
3123    	28.86, -7.33, -8.90 	-0.14, 16.01, -6.89 	0.00, -0.00 	13,20,4,736		1.80,0.00	1000,1 	0
3132    	28.89, -7.30, -8.91 	-0.13, 16.01, -6.89 	0.00, -0.00 	13,20,4,745		2.54,0.57	1000,1 	0
3141    	28.89, -7.32, -8.91 	-0.14, 16.01, -6.89 	0.00, -0.00 	13,20,4,755		1.33,0.60	1000,1 	0
3149    	28.90, -7.32, -8.90 	-0.15, 16.01, -6.89 	0.00, -0.00 	13,20,4,764		0.60,0.60	1000,1 	0
3158    	28.89, -7.32, -8.90 	-0.15, 16.02, -6.89 	0.00, -0.00 	13,20,4,774		0.54,0.59	1000,1 	0
3167    	28.87, -7.34, -8.90 	-0.16, 16.02, -6.89 	0.00, -0.00 	13,20,4,784		1.80,0.60	1000,1 	0
3175    	28.87, -7.34, -8.90 	-0.16, 16.02, -6.89 	0.00, -0.00 	13,20,4,793		0.00,0.00	1000,1 	0
3184    	28.85, -7.33, -8.90 	-0.15, 16.01, -6.88 	0.00, -0.00 	13,20,4,803		1.29,0.85	1000,1 	0
3193    	28.87, -7.33, -8.90 	-0.15, 16.01, -6.89 	0.00, -0.00 	13,20,4,813		1.20,0.00	1000,1 	0
3202    	28.87, -7.32, -8.90 	-0.14, 16.01, -6.89 	0.00, -0.00 	13,20,4,823		0.67,0.60	1000,1 	0
3210    	28.90, -7.33, -8.90 	-0.14, 16.02, -6.89 	0.00, -0.00 	13,20,4,832		1.92,0.67	1000,1 	0
3219    	28.89, -7.33, -8.91 	-0.13, 16.01, -6.89 	0.00, -0.00 	13,20,4,842		0.60,0.91	1000,1 	0
3228    	28.89, -7.36, -8.90 	-0.14, 16.01, -6.88 	0.00, -0.00 	13,20,4,852		1.33,0.60	1000,1 	0
3239    	28.91, -7.36, -8.90 	-0.14, 16.02, -6.89 	0.00, -0.00 	13,20,4,864		1.20,0.67	1000,1 	0
3246    	28.88, -7.37, -8.91 	-0.13, 16.02, -6.90 	0.00, -0.00 	13,20,4,872		2.37,0.74	1000,1 	0
3255    	28.89, -7.38, -8.90 	-0.13, 16.02, -6.90 	0.00, -0.00 	13,20,4,882		0.96,0.00	1000,1 	0
3263    	28.89, -7.37, -8.91 	-0.13, 16.02, -6.90 	0.00, -0.00 	13,20,4,890		0.71,0.00	1000,1 	0
3272    	28.89, -7.39, -8.90 	-0.13, 16.03, -6.90 	0.00, -0.00 	13,20,4,901		1.33,0.67	1000,1 	0
3281    	28.89, -7.39, -8.91 	-0.13, 16.03, -6.90 	0.00, -0.00 	13,20,4,910		0.00,0.00	1000,1 	0
3289    	28.91, -7.37, -8.91 	-0.14, 16.03, -6.90 	0.00, -0.00 	13,20,4,919		1.92,0.64	1000,1 	0
3298    	28.88, -7.39, -8.91 	-0.13, 16.02, -6.89 	0.00, -0.00 	13,20,4,929		2.24,0.91	1000,1 	0
3307    	28.90, -7.38, -8.91 	-0.14, 16.01, -6.90 	0.00, -0.00 	13,20,4,939		1.47,0.95	1000,1 	0
3315    	28.89, -7.36, -8.92 	-0.14, 16.02, -6.90 	0.00, -0.00 	13,20,4,948		1.56,0.71	1000,1 	0
3324    	28.89, -7.38, -8.91 	-0.14, 16.02, -6.89 	0.00, -0.00 	13,20,4,958		1.33,0.00	1000,1 	0
3333    	28.88, -7.39, -8.90 	-0.14, 16.02, -6.89 	0.00, -0.00 	13,20,4,968		0.96,0.00	1000,1 	0
3341    	28.88, -7.39, -8.90 	-0.15, 16.01, -6.89 	0.00, -0.00 	13,20,4,977		0.00,0.95	1000,1 	0
3350    	28.87, -7.41, -8.91 	-0.13, 16.02, -6.89 	0.00, -0.00 	13,20,4,987		1.46,1.37	1000,1 	0
3359    	28.89, -7.40, -8.92 	-0.14, 16.02, -6.89 	0.00, -0.00 	13,20,4,997		1.47,0.64	1000,1 	0
3367    	28.89, -7.40, -8.91 	-0.15, 16.02, -6.89 	0.00, -0.00 	13,20,5,6		0.00,0.64	1000,1 	0
3376    	28.91, -7.39, -8.91 	-0.14, 16.01, -6.89 	0.00, -0.00 	13,20,5,16		1.38,0.91	1000,1 	0
3385    	28.91, -7.41, -8.91 	-0.14, 16.01, -6.89 	0.00, -0.00 	13,20,5,26		1.42,0.00	1000,1 	0
3394    	28.92, -7.42, -8.91 	-0.14, 16.01, -6.89 	0.00, -0.00 	13,20,5,36		1.47,0.00	1000,1 	0
3402    	28.92, -7.43, -8.90 	-0.14, 16.01, -6.89 	0.00, -0.00 	13,20,5,45		0.96,0.00	1000,1 	0
3411    	28.92, -7.44, -8.89 	-0.15, 16.01, -6.89 	0.00, -0.00 	13,20,5,55		0.71,0.64	1000,1 	0
3420    	28.92, -7.44, -8.90 	-0.15, 16.02, -6.89 	0.00, -0.00 	13,20,5,65		0.00,0.71	1000,1 	0
3428    	28.92, -7.44, -8.90 	-0.15, 16.02, -6.88 	0.00, -0.00 	13,20,5,74		0.00,0.00	1000,1 	0
3437    	28.90, -7.44, -8.89 	-0.15, 16.01, -6.89 	0.00, -0.00 	13,20,5,84		1.28,0.71	1000,1 	0
3446    	28.91, -7.44, -8.89 	-0.15, 16.02, -6.89 	0.00, -0.00 	13,20,5,94		0.64,0.71	1000,1 	0
3454    	28.92, -7.42, -8.91 	-0.16, 16.02, -6.89 	0.00, -0.00 	13,20,5,103		1.56,0.64	1000,1 	0
3463    	28.92, -7.42, -8.90 	-0.16, 16.03, -6.89 	0.00, -0.00 	13,20,5,113		0.00,0.67	1000,1 	0
3472    	28.92, -7.43, -8.91 	-0.16, 16.02, -6.89 	0.00, -0.00 	13,20,5,123		0.71,0.71	1000,1 	0
3480    	28.93, -7.42, -8.92 	-0.14, 16.01, -6.89 	0.00, -0.00 	13,20,5,132		1.47,1.48	1000,1 	0
3489    	28.94, -7.44, -8.91 	-0.16, 16.00, -6.89 	0.00, -0.00 	13,20,5,142		1.46,1.37	1000,1 	0
3498    	28.94, -7.41, -8.92 	-0.15, 16.00, -6.89 	0.00, -0.00 	13,20,5,152		2.13,0.64	1000,1 	0
3506    	28.93, -7.43, -8.92 	-0.16, 15.98, -6.88 	0.00, -0.00 	13,20,5,161		1.56,1.55	1000,1 	0
3515    	28.93, -7.45, -8.91 	-0.15, 15.98, -6.89 	0.00, -0.00 	13,20,5,171		1.42,0.64	1000,1 	0
3524    	28.92, -7.44, -8.92 	-0.16, 15.95, -6.88 	0.00, -0.00 	13,20,5,181		1.47,1.55	1000,1 	0
3532    	28.92, -7.44, -8.93 	-0.17, 15.94, -6.88 	0.00, -0.00 	13,20,5,190		0.60,0.89	1000,1 	0
3541    	28.94, -7.45, -8.93 	-0.16, 15.92, -6.88 	0.00, -0.00 	13,20,5,200		1.47,1.57	1000,1 	0
3550    	28.94, -7.44, -8.92 	-0.17, 15.91, -6.88 	0.00, -0.00 	13,20,5,210		0.71,0.95	1000,1 	0
3558    	28.94, -7.45, -8.93 	-0.16, 15.90, -6.88 	0.00, -0.00 	13,20,5,219		0.71,0.97	1000,1 	0
3567    	28.96, -7.45, -8.92 	-0.17, 15.87, -6.87 	0.00, -0.00 	13,20,5,229		1.28,2.22	1000,1 	0
3576    	28.95, -7.46, -8.92 	-0.18, 15.83, -6.86 	0.00, -0.00 	13,20,5,239		0.96,2.91	1000,1 	0
3585    	28.96, -7.46, -8.92 	-0.20, 15.75, -6.86 	0.00, -0.00 	13,20,5,249		0.64,5.13	1000,1 	0
3593    	28.94, -7.47, -8.92 	-0.21, 15.64, -6.85 	0.00, -0.00 	13,20,5,258		1.57,7.66	1000,1 	0
3602    	28.94, -7.48, -8.93 	-0.20, 15.51, -6.84 	0.00, -0.00 	13,20,5,268		0.71,9.27	1000,1 	0
3611    	28.95, -7.48, -8.93 	-0.22, 15.32, -6.83 	0.00, -0.00 	13,20,5,278		0.64,12.17	1000,1 	0
3619    	28.95, -7.48, -8.93 	-0.24, 15.11, -6.82 	0.00, -0.00 	13,20,5,287		0.00,14.29	1000,1 	0
3628    	28.94, -7.48, -8.93 	-0.29, 14.90, -6.81 	0.00, -0.00 	13,20,5,297		0.64,14.56	1000,1 	0
3637    	28.95, -7.47, -8.93 	-0.30, 14.68, -6.80 	0.00, -0.00 	13,20,5,307		0.96,14.29	1000,1 	0
3645    	28.98, -7.48, -8.93 	-0.32, 14.47, -6.78 	0.00, -0.00 	13,20,5,316		2.05,14.29	1000,1 	0
3654    	28.98, -7.49, -8.91 	-0.29, 14.27, -6.75 	0.00, -0.00 	13,20,5,326		0.71,13.71	1000,1 	0
3663    	28.99, -7.48, -8.92 	-0.28, 14.06, -6.74 	0.00, -0.00 	13,20,5,336		0.96,13.57	1000,1 	0
3671    	28.99, -7.50, -8.92 	-0.28, 13.86, -6.72 	0.00, -0.00 	13,20,5,345		1.42,13.54	1000,1 	0
3680    	29.00, -7.49, -8.93 	-0.28, 13.64, -6.72 	0.00, -0.00 	13,20,5,355		0.96,14.97	1000,1 	0
3689    	29.01, -7.55, -8.90 	-0.26, 13.37, -6.70 	0.00, -0.00 	13,20,5,365		3.61,17.88	1000,1 	0
3697    	29.01, -7.56, -8.91 	-0.25, 13.09, -6.69 	0.00, -0.00 	13,20,5,374		0.71,18.55	1000,1 	0
3706    	29.03, -7.57, -8.91 	-0.19, 12.85, -6.70 	0.00, -0.00 	13,20,5,384		1.47,16.20	1000,1 	0
3715    	29.02, -7.58, -8.91 	-0.10, 12.58, -6.71 	0.00, -0.00 	13,20,5,394		0.96,19.49	1000,1 	0
3723    	29.00, -7.60, -8.92 	-0.01, 12.33, -6.74 	0.00, -0.00 	13,20,5,403		1.80,16.37	1000,1 	0
3732    	29.01, -7.64, -8.93 	0.02, 12.02, -6.76 	0.00, -0.00 	13,20,5,413		2.91,20.79	1000,1 	0
3741    	29.04, -7.66, -8.93 	0.01, 11.69, -6.78 	0.00, -0.00 	13,20,5,423		2.39,22.11	1000,1 	0
3749    	29.09, -7.70, -8.93 	-0.01, 11.33, -6.79 	0.00, -0.00 	13,20,5,432		3.85,23.54	1000,1 	0
3758    	29.13, -7.72, -8.93 	-0.07, 11.00, -6.81 	0.00, -0.00 	13,20,5,442		2.93,22.37	1000,1 	0
3767    	29.14, -7.80, -8.93 	-0.14, 10.70, -6.82 	0.00, -0.00 	13,20,5,452		5.72,20.53	1000,1 	0
3776    	29.15, -7.93, -8.91 	-0.18, 10.43, -6.84 	0.00, -0.00 	13,20,5,462		8.55,18.67	1000,1 	0
3784    	29.17, -8.03, -8.91 	-0.20, 10.18, -6.89 	0.00, -0.00 	13,20,5,471		7.15,17.60	1000,1 	0
3793    	29.17, -8.10, -8.92 	-0.11, 9.97, -6.96 	0.00, -0.00 	13,20,5,481		4.97,15.46	1000,1 	0
3802    	29.19, -8.17, -8.94 	-0.07, 9.74, -7.02 	0.00, -0.00 	13,20,5,491		4.45,15.23	1000,1 	0
3810    	29.23, -8.20, -8.95 	-0.09, 9.43, -7.05 	0.00, -0.00 	13,20,5,500		3.34,20.73	1000,1 	0
3819    	29.24, -8.23, -8.96 	-0.10, 9.11, -7.06 	0.00, -0.00 	13,20,5,510		2.23,21.38	1000,1 	0
3828    	29.29, -8.29, -8.99 	-0.08, 8.82, -7.06 	0.00, -0.00 	13,20,5,520		5.33,19.31	1000,1 	0
3836    	29.31, -8.31, -8.98 	-0.03, 8.57, -7.08 	0.00, -0.00 	13,20,5,529		1.91,17.45	1000,1 	0
3845    	29.39, -8.38, -8.96 	-0.03, 8.32, -7.11 	0.00, -0.00 	13,20,5,539		6.67,16.39	1000,1 	0
3854    	29.43, -8.42, -8.95 	-0.04, 8.12, -7.17 	0.00, -0.00 	13,20,5,549		4.29,13.55	1000,1 	0
3862    	29.52, -8.43, -8.95 	-0.05, 7.95, -7.23 	0.00, -0.00 	13,20,5,558		5.82,11.41	1000,1 	0
3871    	29.52, -8.51, -8.93 	-0.03, 7.82, -7.28 	0.00, -0.00 	13,20,5,568		4.97,8.67	1000,1 	0
3880    	29.54, -8.55, -8.92 	-0.04, 7.65, -7.31 	0.00, -0.00 	13,20,5,578		3.12,11.46	1000,1 	0
3888    	29.52, -8.61, -8.93 	-0.07, 7.44, -7.32 	0.00, -0.00 	13,20,5,587		4.45,13.65	1000,1 	0
3897    	29.51, -8.66, -8.94 	-0.03, 7.26, -7.35 	0.00, -0.00 	13,20,5,597		2.91,12.42	1000,1 	0
3906    	29.54, -8.64, -8.96 	-0.01, 7.08, -7.37 	0.00, -0.00 	13,20,5,607		2.05,12.20	1000,1 	0
3914    	29.56, -8.61, -8.99 	-0.00, 6.92, -7.39 	0.00, -0.00 	13,20,5,616		2.33,10.05	1000,1 	0
3923    	29.59, -8.61, -8.98 	0.00, 6.73, -7.41 	0.00, -0.00 	13,20,5,626		1.93,12.83	1000,1 	0
3932    	29.66, -8.62, -8.98 	-0.10, 6.52, -7.44 	0.00, -0.00 	13,20,5,636		4.55,15.18	1000,1 	0
3940    	29.66, -8.64, -8.98 	-0.15, 6.34, -7.48 	0.00, -0.00 	13,20,5,645		1.42,12.49	1000,1 	0
3949    	29.67, -8.63, -8.99 	-0.25, 6.13, -7.49 	0.00, -0.00 	13,20,5,655		1.47,15.81	0,0 	0
3958    	29.70, -8.64, -8.98 	-0.24, 5.94, -7.51 	0.00, -0.00 	13,20,5,665		2.05,12.86	0,0 	0
3967    	29.66, -8.70, -8.98 	-0.30, 5.77, -7.51 	0.00, -0.00 	13,20,5,675		4.23,10.57	0,0 	0
3975    	29.64, -8.73, -8.98 	-0.32, 5.57, -7.54 	0.00, -0.00 	13,20,5,684		2.33,12.07	0,0 	0
3984    	29.65, -8.80, -8.97 	-0.25, 5.40, -7.56 	0.00, -0.00 	13,20,5,694		4.70,11.55	0,0 	0
3993    	29.67, -8.82, -8.96 	-0.21, 5.26, -7.59 	0.00, -0.00 	13,20,5,704		1.92,9.05	0,0 	0
4001    	29.73, -8.82, -8.97 	-0.22, 5.14, -7.61 	0.00, -0.00 	13,20,5,713		3.61,8.03	0,0 	0
4010    	29.73, -8.78, -8.98 	-0.19, 4.96, -7.62 	0.00, -0.00 	13,20,5,723		2.00,10.87	0,0 	0
4019    	29.77, -8.78, -8.99 	-0.22, 4.80, -7.64 	0.00, -0.00 	13,20,5,733		2.41,10.16	0,0 	0
4027    	29.81, -8.78, -9.00 	-0.22, 4.58, -7.62 	0.00, -0.00 	13,20,5,742		2.41,14.03	0,0 	0
4036    	29.80, -8.79, -8.98 	-0.29, 4.32, -7.60 	0.00, -0.00 	13,20,5,752		0.90,16.67	0,0 	0
4045    	29.80, -8.84, -8.97 	-0.38, 4.04, -7.56 	0.00, -0.00 	13,20,5,762		2.66,18.93	0,0 	0
4053    	29.80, -8.86, -8.96 	-0.42, 3.80, -7.53 	0.00, -0.00 	13,20,5,771		1.33,14.86	0,0 	0
4062    	29.79, -8.89, -8.95 	-0.40, 3.61, -7.53 	0.00, -0.00 	13,20,5,781		2.09,12.11	0,0 	0
4071    	29.77, -8.90, -8.96 	-0.36, 3.46, -7.54 	0.00, -0.00 	13,20,5,791		1.38,9.69	0,0 	0
4079    	29.78, -8.90, -8.96 	-0.30, 3.31, -7.55 	0.00, -0.00 	13,20,5,800		0.60,10.08	0,0 	0
4088    	29.79, -8.91, -8.99 	-0.17, 3.20, -7.59 	0.00, -0.00 	13,20,5,810		0.90,10.83	0,0 	0
4097    	29.79, -8.92, -8.97 	-0.16, 3.00, -7.55 	0.00, -0.00 	13,20,5,820		0.67,12.72	0,0 	0
4105    	29.81, -8.92, -8.98 	-0.12, 2.81, -7.53 	0.00, -0.00 	13,20,5,829		1.20,11.65	0,0 	0
4114    	29.83, -8.94, -8.97 	-0.12, 2.59, -7.49 	0.00, -0.00 	13,20,5,839		1.79,14.04	0,0 	0
4123    	29.83, -8.99, -8.97 	-0.14, 2.42, -7.46 	0.00, -0.00 	13,20,5,849		2.66,10.74	0,0 	0
4133    	29.83, -9.01, -8.96 	-0.13, 2.23, -7.47 	0.00, -0.00 	13,20,5,860		1.33,12.05	0,0 	0
4141    	29.81, -9.04, -8.95 	-0.18, 2.08, -7.43 	0.00, -0.00 	13,20,5,868		2.67,11.18	0,0 	0
4150    	29.82, -9.11, -8.93 	-0.19, 1.89, -7.40 	0.00, -0.00 	13,20,5,878		5.01,12.84	0,0 	0
4159    	29.79, -9.18, -8.91 	-0.20, 1.70, -7.34 	0.00, -0.00 	13,20,5,888		4.68,12.17	0,0 	0
4167    	29.77, -9.23, -8.92 	-0.17, 1.56, -7.35 	0.00, -0.00 	13,20,5,897		3.78,9.49	0,0 	0
4176    	29.75, -9.24, -8.95 	-0.07, 1.46, -7.35 	0.00, -0.00 	13,20,5,907		1.47,10.11	0,0 	0
4185    	29.79, -9.22, -8.96 	-0.10, 1.32, -7.32 	0.00, -0.00 	13,20,5,917		2.94,9.44	0,0 	0
