#Time 	Sensor1         Sensor2         Target          Time            Vel             
#================================================================

11      	30.53, -12.61, -8.24 	-0.43, 0.96, -6.65 	-8.66, 5.00 	13,21,38,66		0.00,0.00	0,0 	0
15      	30.54, -12.64, -8.24 	-0.39, 0.96, -6.65 	-8.66, 5.00 	13,21,38,75		8.34,9.62	0,0 	0
24      	30.53, -12.64, -8.24 	-0.41, 0.97, -6.65 	-8.66, 5.00 	13,21,38,85		1.07,2.46	0,0 	0
33      	30.56, -12.64, -8.24 	-0.44, 0.98, -6.64 	-8.66, 5.00 	13,21,38,95		3.21,3.44	0,0 	0
41      	30.54, -12.65, -8.24 	-0.46, 0.97, -6.64 	-8.66, 5.00 	13,21,38,104		2.75,2.73	0,0 	0
49      	30.53, -12.66, -8.24 	-0.51, 0.97, -6.64 	-8.66, 5.00 	13,21,38,113		1.80,6.02	0,0 	0
59      	30.52, -12.66, -8.24 	-0.48, 0.96, -6.64 	-8.66, 5.00 	13,21,38,124		0.96,3.09	0,0 	0
67      	30.50, -12.69, -8.24 	-0.48, 0.95, -6.64 	-8.66, 5.00 	13,21,38,133		4.67,1.34	0,0 	0
76      	30.50, -12.68, -8.25 	-0.51, 0.98, -6.64 	-8.66, 5.00 	13,21,38,143		1.18,4.83	0,0 	0
85      	30.47, -12.70, -8.24 	-0.48, 0.98, -6.65 	-8.66, 5.00 	13,21,38,153		3.99,3.21	0,0 	0
93      	30.48, -12.67, -8.25 	-0.49, 0.99, -6.65 	-8.66, 5.00 	13,21,38,162		4.17,1.81	0,0 	0
102     	30.51, -12.66, -8.25 	-0.50, 0.99, -6.65 	-8.66, 5.00 	13,21,38,172		3.42,1.07	0,0 	0
111     	30.50, -12.67, -8.24 	-0.49, 0.97, -6.64 	-8.66, 5.00 	13,21,38,182		1.60,2.62	0,0 	0
119     	30.50, -12.67, -8.24 	-0.52, 0.98, -6.65 	-8.66, 5.00 	13,21,38,191		0.00,3.87	0,0 	0
128     	30.49, -12.67, -8.23 	-0.50, 0.98, -6.64 	-8.66, 5.00 	13,21,38,201		1.07,2.14	0,0 	0
137     	30.47, -12.66, -8.24 	-0.54, 0.98, -6.64 	-8.66, 5.00 	13,21,38,211		2.45,4.28	0,0 	0
145     	30.47, -12.67, -8.24 	-0.53, 0.98, -6.64 	-8.66, 5.00 	13,21,38,220		1.33,1.20	0,0 	0
154     	30.48, -12.66, -8.23 	-0.55, 0.98, -6.64 	-8.66, 5.00 	13,21,38,230		1.60,2.14	0,0 	0
163     	30.47, -12.66, -8.23 	-0.56, 0.96, -6.64 	-8.66, 5.00 	13,21,38,240		1.07,2.59	0,0 	0
172     	30.51, -12.68, -8.23 	-0.55, 0.97, -6.63 	-8.66, 5.00 	13,21,38,250		4.89,1.59	0,0 	0
180     	30.50, -12.68, -8.22 	-0.54, 0.98, -6.64 	-8.66, 5.00 	13,21,38,259		1.20,1.78	0,0 	0
189     	30.51, -12.69, -8.21 	-0.53, 1.00, -6.63 	-8.66, 5.00 	13,21,38,269		1.60,2.59	0,0 	0
198     	30.53, -12.69, -8.21 	-0.53, 1.00, -6.65 	-8.66, 5.00 	13,21,38,279		2.14,0.00	0,0 	0
206     	30.51, -12.72, -8.22 	-0.50, 0.99, -6.65 	-8.66, 5.00 	13,21,38,288		3.59,3.87	0,0 	0
214     	30.52, -12.70, -8.21 	-0.55, 1.01, -6.65 	-8.66, 5.00 	13,21,38,297		1.80,6.62	0,0 	0
224     	30.52, -12.73, -8.20 	-0.54, 1.01, -6.65 	-8.66, 5.00 	13,21,38,308		2.13,0.96	0,0 	0
232     	30.49, -12.76, -8.20 	-0.58, 1.00, -6.65 	-8.66, 5.00 	13,21,38,317		5.39,6.14	0,0 	0
240     	30.48, -12.75, -8.20 	-0.57, 0.99, -6.64 	-8.66, 5.00 	13,21,38,326		1.80,2.77	0,0 	0
250     	30.46, -12.74, -8.22 	-0.58, 1.00, -6.65 	-8.66, 5.00 	13,21,38,337		2.20,2.22	0,0 	0
258     	30.50, -12.72, -8.22 	-0.59, 1.02, -6.66 	-8.66, 5.00 	13,21,38,346		5.51,2.95	0,0 	0
267     	30.50, -12.72, -8.23 	-0.58, 1.01, -6.66 	-8.66, 5.00 	13,21,38,356		0.00,1.61	0,0 	0
276     	30.51, -12.74, -8.22 	-0.58, 1.01, -6.66 	-8.66, 5.00 	13,21,38,366		2.60,0.00	0,0 	0
284     	30.51, -12.75, -8.22 	-0.58, 1.01, -6.66 	-8.66, 5.00 	13,21,38,375		1.33,0.00	0,0 	0
293     	30.53, -12.74, -8.22 	-0.58, 1.01, -6.67 	-8.66, 5.00 	13,21,38,385		2.45,1.07	0,0 	0
302     	30.52, -12.75, -8.22 	-0.56, 1.00, -6.66 	-8.66, 5.00 	13,21,38,395		1.60,2.46	0,0 	0
310     	30.52, -12.74, -8.21 	-0.59, 1.01, -6.65 	-8.66, 5.00 	13,21,38,404		1.33,5.01	0,0 	0
319     	30.51, -12.77, -8.20 	-0.59, 1.02, -6.66 	-8.66, 5.00 	13,21,38,414		3.71,1.19	0,0 	0
328     	30.51, -12.78, -8.21 	-0.59, 1.03, -6.65 	-8.66, 5.00 	13,21,38,424		1.18,1.19	0,0 	0
336     	30.50, -12.77, -8.22 	-0.58, 1.03, -6.66 	-8.66, 5.00 	13,21,38,433		1.79,2.41	0,0 	0
345     	30.50, -12.77, -8.22 	-0.58, 1.03, -6.66 	-8.66, 5.00 	13,21,38,443		0.00,0.00	0,0 	0
354     	30.51, -12.76, -8.21 	-0.59, 1.04, -6.66 	-8.66, 5.00 	13,21,38,453		1.60,1.61	0,0 	0
363     	30.51, -12.77, -8.21 	-0.57, 1.04, -6.65 	-8.66, 5.00 	13,21,38,463		1.18,2.14	0,0 	0
371     	30.54, -12.75, -8.21 	-0.57, 1.05, -6.65 	-8.66, 5.00 	13,21,38,472		4.49,1.34	0,0 	0
380     	30.55, -12.77, -8.20 	-0.57, 1.04, -6.65 	-8.66, 5.00 	13,21,38,482		2.60,1.19	0,0 	0
389     	30.56, -12.77, -8.18 	-0.57, 1.04, -6.65 	-8.66, 5.00 	13,21,38,492		1.07,0.00	0,0 	0
397     	30.57, -12.80, -8.19 	-0.57, 1.04, -6.64 	-8.66, 5.00 	13,21,38,501		4.17,0.00	0,0 	0
405     	30.58, -12.77, -8.17 	-0.59, 1.05, -6.65 	-8.66, 5.00 	13,21,38,510		4.67,3.87	0,0 	0
415     	30.57, -12.75, -8.17 	-0.59, 1.05, -6.65 	-8.66, 5.00 	13,21,38,521		2.87,0.00	0,0 	0
423     	30.57, -12.75, -8.18 	-0.59, 1.04, -6.64 	-8.66, 5.00 	13,21,38,530		0.00,1.81	0,0 	0
432     	30.58, -12.75, -8.18 	-0.59, 1.07, -6.66 	-8.66, 5.00 	13,21,38,540		1.07,2.38	0,0 	0
441     	30.57, -12.74, -8.20 	-0.59, 1.08, -6.66 	-8.66, 5.00 	13,21,38,550		1.60,1.19	0,0 	0
449     	30.59, -12.73, -8.19 	-0.58, 1.07, -6.66 	-8.66, 5.00 	13,21,38,559		3.85,1.81	0,0 	0
458     	30.58, -12.72, -8.20 	-0.61, 1.07, -6.66 	-8.66, 5.00 	13,21,38,569		1.60,4.28	0,0 	0
467     	30.60, -12.70, -8.20 	-0.61, 1.09, -6.66 	-8.66, 5.00 	13,21,38,579		2.45,2.38	0,0 	0
475     	30.58, -12.73, -8.20 	-0.61, 1.09, -6.66 	-8.66, 5.00 	13,21,38,588		3.59,0.00	0,0 	0
484     	30.58, -12.73, -8.20 	-0.60, 1.08, -6.65 	-8.66, 5.00 	13,21,38,598		1.07,1.61	0,0 	0
493     	30.58, -12.74, -8.20 	-0.59, 1.09, -6.66 	-8.66, 5.00 	13,21,38,608		1.18,1.59	0,0 	0
501     	30.58, -12.74, -8.19 	-0.62, 1.08, -6.66 	-8.66, 5.00 	13,21,38,617		0.00,3.83	0,0 	0
510     	30.58, -12.73, -8.19 	-0.63, 1.08, -6.66 	-8.66, 5.00 	13,21,38,627		1.18,1.07	0,0 	0
519     	30.58, -12.73, -8.18 	-0.63, 1.08, -6.65 	-8.66, 5.00 	13,21,38,637		1.07,0.00	0,0 	0
527     	30.59, -12.73, -8.18 	-0.61, 1.08, -6.67 	-8.66, 5.00 	13,21,38,646		1.20,2.41	0,0 	0
536     	30.60, -12.70, -8.18 	-0.61, 1.08, -6.67 	-8.66, 5.00 	13,21,38,656		2.60,0.00	0,0 	0
545     	30.58, -12.72, -8.18 	-0.61, 1.08, -6.67 	-8.66, 5.00 	13,21,38,666		3.42,0.00	0,0 	0
554     	30.58, -12.73, -8.18 	-0.61, 1.07, -6.67 	-8.66, 5.00 	13,21,38,676		1.18,1.19	0,0 	0
562     	30.58, -12.74, -8.17 	-0.60, 1.08, -6.66 	-8.66, 5.00 	13,21,38,685		1.79,1.78	0,0 	0
571     	30.57, -12.75, -8.18 	-0.60, 1.08, -6.66 	-8.66, 5.00 	13,21,38,695		2.45,0.00	0,0 	0
580     	30.58, -12.76, -8.18 	-0.60, 1.08, -6.66 	-8.66, 5.00 	13,21,38,705		1.60,0.00	0,0 	0
588     	30.58, -12.78, -8.18 	-0.60, 1.07, -6.65 	-8.66, 5.00 	13,21,38,714		2.66,1.34	0,0 	0
596     	30.56, -12.79, -8.18 	-0.60, 1.07, -6.66 	-8.66, 5.00 	13,21,38,723		2.75,0.00	0,0 	0
606     	30.58, -12.77, -8.18 	-0.60, 1.09, -6.67 	-8.66, 5.00 	13,21,38,734		2.87,2.14	0,0 	0
614     	30.58, -12.77, -8.18 	-0.60, 1.08, -6.67 	-8.66, 5.00 	13,21,38,743		0.00,1.34	0,0 	0
623     	30.58, -12.76, -8.19 	-0.60, 1.08, -6.67 	-8.66, 5.00 	13,21,38,753		1.18,0.00	0,0 	0
632     	30.58, -12.76, -8.20 	-0.59, 1.09, -6.67 	-8.66, 5.00 	13,21,38,763		0.00,2.43	0,0 	0
640     	30.58, -12.74, -8.20 	-0.59, 1.09, -6.66 	-8.66, 5.00 	13,21,38,772		2.92,1.20	0,0 	0
649     	30.58, -12.74, -8.20 	-0.60, 1.09, -6.66 	-8.66, 5.00 	13,21,38,782		0.00,1.07	0,0 	0
658     	30.61, -12.77, -8.20 	-0.64, 1.08, -6.66 	-8.66, 5.00 	13,21,38,792		4.79,4.42	0,0 	0
666     	30.60, -12.76, -8.19 	-0.64, 1.09, -6.68 	-8.66, 5.00 	13,21,38,801		1.79,1.34	0,0 	0
675     	30.61, -12.77, -8.20 	-0.63, 1.09, -6.67 	-8.66, 5.00 	13,21,38,811		1.60,1.07	0,0 	0
684     	30.61, -12.77, -8.20 	-0.62, 1.09, -6.67 	-8.66, 5.00 	13,21,38,821		0.00,1.07	0,0 	0
692     	30.60, -12.76, -8.21 	-0.62, 1.09, -6.67 	-8.66, 5.00 	13,21,38,830		1.79,0.00	0,0 	0
701     	30.58, -12.78, -8.20 	-0.63, 1.09, -6.67 	-8.66, 5.00 	13,21,38,840		3.99,1.07	0,0 	0
710     	30.56, -12.77, -8.20 	-0.63, 1.10, -6.66 	-8.66, 5.00 	13,21,38,850		2.45,1.19	0,0 	0
718     	30.58, -12.76, -8.20 	-0.63, 1.10, -6.66 	-8.66, 5.00 	13,21,38,859		2.75,0.00	0,0 	0
727     	30.58, -12.72, -8.21 	-0.63, 1.10, -6.66 	-8.66, 5.00 	13,21,38,869		4.86,0.00	0,0 	0
736     	30.62, -12.72, -8.21 	-0.63, 1.10, -6.66 	-8.66, 5.00 	13,21,38,879		4.28,0.00	0,0 	0
745     	30.63, -12.70, -8.21 	-0.63, 1.10, -6.66 	-8.66, 5.00 	13,21,38,889		1.60,0.00	0,0 	0
753     	30.62, -12.74, -8.22 	-0.62, 1.11, -6.67 	-8.66, 5.00 	13,21,38,898		4.17,1.78	0,0 	0
762     	30.62, -12.74, -8.22 	-0.62, 1.11, -6.67 	-8.66, 5.00 	13,21,38,908		0.00,0.00	0,0 	0
771     	30.61, -12.74, -8.20 	-0.62, 1.11, -6.67 	-8.66, 5.00 	13,21,38,918		1.07,0.00	0,0 	0
779     	30.61, -12.76, -8.19 	-0.62, 1.12, -6.68 	-8.66, 5.00 	13,21,38,927		2.66,1.34	0,0 	0
787     	30.59, -12.77, -8.19 	-0.62, 1.13, -6.68 	-8.66, 5.00 	13,21,38,936		2.75,1.34	0,0 	0
797     	30.59, -12.78, -8.19 	-0.61, 1.13, -6.68 	-8.66, 5.00 	13,21,38,947		1.07,0.96	0,0 	0
805     	30.59, -12.79, -8.20 	-0.60, 1.13, -6.68 	-8.66, 5.00 	13,21,38,956		1.33,1.20	0,0 	0
814     	30.58, -12.79, -8.19 	-0.61, 1.13, -6.68 	-8.66, 5.00 	13,21,38,966		1.07,1.07	0,0 	0
823     	30.58, -12.80, -8.19 	-0.60, 1.13, -6.68 	-8.66, 5.00 	13,21,38,976		1.18,2.14	0,0 	0
831     	30.59, -12.80, -8.18 	-0.60, 1.11, -6.67 	-8.66, 5.00 	13,21,38,985		1.20,2.91	0,0 	0
840     	30.63, -12.80, -8.19 	-0.60, 1.12, -6.67 	-8.66, 5.00 	13,21,38,995		4.28,1.19	0,0 	0
849     	30.62, -12.79, -8.17 	-0.60, 1.12, -6.67 	-8.66, 5.00 	13,21,39,5		1.60,0.00	0,0 	0
857     	30.60, -12.78, -8.17 	-0.60, 1.12, -6.67 	-8.66, 5.00 	13,21,39,14		2.75,0.00	0,0 	0
866     	30.61, -12.76, -8.18 	-0.61, 1.14, -6.68 	-8.66, 5.00 	13,21,39,24		2.60,2.62	0,0 	0
875     	30.59, -12.76, -8.17 	-0.61, 1.14, -6.68 	-8.66, 5.00 	13,21,39,34		2.14,0.00	0,0 	0
883     	30.58, -12.75, -8.18 	-0.60, 1.14, -6.68 	-8.66, 5.00 	13,21,39,43		1.79,1.20	0,0 	0
892     	30.58, -12.75, -8.18 	-0.60, 1.13, -6.68 	-8.66, 5.00 	13,21,39,53		0.00,1.19	0,0 	0
901     	30.58, -12.74, -8.19 	-0.60, 1.12, -6.68 	-8.66, 5.00 	13,21,39,63		1.60,1.19	0,0 	0
909     	30.58, -12.73, -8.18 	-0.60, 1.12, -6.68 	-8.66, 5.00 	13,21,39,72		1.80,1.20	0,0 	0
918     	30.62, -12.70, -8.19 	-0.60, 1.11, -6.68 	-8.66, 5.00 	13,21,39,82		4.89,1.19	0,0 	0
927     	30.61, -12.69, -8.20 	-0.60, 1.11, -6.67 	-8.66, 5.00 	13,21,39,92		1.60,1.07	0,0 	0
936     	30.63, -12.70, -8.20 	-0.60, 1.11, -6.67 	-8.66, 5.00 	13,21,39,102		2.45,0.00	0,0 	0
944     	30.65, -12.73, -8.17 	-0.60, 1.12, -6.67 	-8.66, 5.00 	13,21,39,111		3.59,1.34	0,0 	0
952     	30.65, -12.73, -8.18 	-0.60, 1.12, -6.67 	-8.66, 5.00 	13,21,39,120		0.00,0.00	0,0 	0
962     	30.63, -12.73, -8.17 	-0.60, 1.12, -6.66 	-8.66, 5.00 	13,21,39,131		1.93,0.96	0,0 	0
970     	30.62, -12.72, -8.18 	-0.60, 1.13, -6.68 	-8.66, 5.00 	13,21,39,140		1.79,1.34	0,0 	0
978     	30.58, -12.73, -8.17 	-0.67, 1.13, -6.68 	-8.66, 5.00 	13,21,39,149		5.00,9.62	0,0 	0
988     	30.59, -12.73, -8.18 	-0.64, 1.13, -6.68 	-8.66, 5.00 	13,21,39,160		0.96,2.89	0,0 	0
996     	30.65, -12.72, -8.18 	-0.63, 1.14, -6.68 	-8.66, 5.00 	13,21,39,169		7.35,1.78	0,0 	0
1005    	30.63, -12.70, -8.18 	-0.68, 1.14, -6.68 	-8.66, 5.00 	13,21,39,179		2.45,5.35	1000,1 	0
1014    	30.64, -12.73, -8.17 	-0.66, 1.12, -6.68 	-8.66, 5.00 	13,21,39,189		2.60,3.22	1000,1 	0
1022    	30.64, -12.74, -8.19 	-0.66, 1.11, -6.68 	-8.66, 5.00 	13,21,39,198		1.33,1.34	1000,1 	0
1031    	30.68, -12.74, -8.17 	-0.66, 1.11, -6.68 	-8.66, 5.00 	13,21,39,208		4.28,0.00	1000,1 	0
1040    	30.66, -12.76, -8.17 	-0.66, 1.13, -6.69 	-8.66, 5.00 	13,21,39,218		3.19,2.38	1000,1 	0
1048    	30.64, -12.76, -8.17 	-0.66, 1.13, -6.69 	-8.66, 5.00 	13,21,39,227		2.41,0.00	1000,1 	0
1057    	30.64, -12.76, -8.17 	-0.65, 1.13, -6.69 	-8.66, 5.00 	13,21,39,237		0.00,1.07	1000,1 	0
1066    	30.64, -12.73, -8.17 	-0.65, 1.13, -6.69 	-8.66, 5.00 	13,21,39,247		3.55,0.00	1000,1 	0
1074    	30.63, -12.70, -8.19 	-0.65, 1.13, -6.69 	-8.66, 5.00 	13,21,39,256		2.92,0.00	1000,1 	0
1083    	30.61, -12.68, -8.18 	-0.65, 1.13, -6.69 	-8.66, 5.00 	13,21,39,266		3.19,0.00	1000,1 	0
1092    	30.62, -12.69, -8.18 	-0.65, 1.12, -6.68 	-8.66, 5.00 	13,21,39,276		1.60,1.19	1000,1 	0
1100    	30.62, -12.69, -8.18 	-0.67, 1.12, -6.68 	-8.66, 5.00 	13,21,39,285		0.00,2.41	1000,1 	0
1109    	30.62, -12.68, -8.18 	-0.67, 1.12, -6.68 	-8.66, 5.00 	13,21,39,295		1.18,0.00	1000,1 	0
1118    	30.61, -12.68, -8.19 	-0.67, 1.10, -6.66 	-8.66, 5.00 	13,21,39,305		1.07,2.38	1000,1 	0
1127    	30.61, -12.68, -8.19 	-0.67, 1.12, -6.66 	-8.66, 5.00 	13,21,39,315		0.00,2.38	1000,1 	0
1135    	30.62, -12.68, -8.17 	-0.67, 1.13, -6.68 	-8.66, 5.00 	13,21,39,324		1.20,1.34	1000,1 	0
1144    	30.62, -12.70, -8.17 	-0.67, 1.13, -6.68 	-8.66, 5.00 	13,21,39,334		2.37,0.00	1000,1 	0
1153    	30.62, -12.70, -8.17 	-0.67, 1.13, -6.68 	-8.66, 5.00 	13,21,39,344		0.00,0.00	1000,1 	0
1161    	30.62, -12.70, -8.17 	-0.67, 1.13, -6.68 	-8.66, 5.00 	13,21,39,353		0.00,0.00	1000,1 	0
1170    	30.63, -12.72, -8.17 	-0.67, 1.14, -6.67 	-8.66, 5.00 	13,21,39,363		1.60,1.19	1000,1 	0
1179    	30.63, -12.72, -8.17 	-0.70, 1.13, -6.67 	-8.66, 5.00 	13,21,39,373		0.00,3.40	1000,1 	0
1187    	30.63, -12.72, -8.17 	-0.70, 1.13, -6.67 	-8.66, 5.00 	13,21,39,382		0.00,0.00	1000,1 	0
1196    	30.63, -12.73, -8.16 	-0.70, 1.13, -6.67 	-8.66, 5.00 	13,21,39,392		1.18,0.00	1000,1 	0
1205    	30.63, -12.73, -8.16 	-0.70, 1.12, -6.67 	-8.66, 5.00 	13,21,39,402		0.00,1.19	1000,1 	0
1213    	30.62, -12.75, -8.16 	-0.70, 1.12, -6.68 	-8.66, 5.00 	13,21,39,411		2.92,0.00	1000,1 	0
1222    	30.62, -12.76, -8.15 	-0.70, 1.12, -6.68 	-8.66, 5.00 	13,21,39,421		1.18,0.00	1000,1 	0
1231    	30.62, -12.76, -8.15 	-0.70, 1.12, -6.68 	-8.66, 5.00 	13,21,39,431		0.00,0.00	1000,1 	0
1239    	30.64, -12.76, -8.15 	-0.73, 1.11, -6.68 	-8.66, 5.00 	13,21,39,440		2.41,3.83	1000,1 	0
1248    	30.64, -12.76, -8.15 	-0.73, 1.12, -6.67 	-8.66, 5.00 	13,21,39,450		0.00,1.19	1000,1 	0
1257    	30.64, -12.76, -8.15 	-0.74, 1.13, -6.66 	-8.66, 5.00 	13,21,39,460		0.00,1.61	1000,1 	0
1265    	30.66, -12.74, -8.15 	-0.74, 1.13, -6.67 	-8.66, 5.00 	13,21,39,469		3.59,0.00	1000,1 	0
1274    	30.65, -12.72, -8.15 	-0.74, 1.14, -6.67 	-8.66, 5.00 	13,21,39,479		2.60,1.19	1000,1 	0
1283    	30.66, -12.73, -8.15 	-0.72, 1.14, -6.66 	-8.66, 5.00 	13,21,39,489		1.60,2.14	1000,1 	0
1291    	30.65, -12.76, -8.14 	-0.72, 1.14, -6.66 	-8.66, 5.00 	13,21,39,498		4.17,0.00	1000,1 	0
1300    	30.68, -12.74, -8.15 	-0.72, 1.12, -6.66 	-8.66, 5.00 	13,21,39,508		3.99,2.38	1000,1 	0
1309    	30.65, -12.74, -8.14 	-0.72, 1.12, -6.66 	-8.66, 5.00 	13,21,39,518		3.21,0.00	1000,1 	0
1318    	30.64, -12.76, -8.15 	-0.72, 1.12, -6.66 	-8.66, 5.00 	13,21,39,528		2.60,0.00	1000,1 	0
1326    	30.61, -12.79, -8.15 	-0.72, 1.13, -6.65 	-8.66, 5.00 	13,21,39,537		5.39,1.34	1000,1 	0
1334    	30.60, -12.79, -8.15 	-0.72, 1.12, -6.66 	-8.66, 5.00 	13,21,39,546		1.20,1.34	1000,1 	0
1344    	30.62, -12.79, -8.14 	-0.72, 1.12, -6.66 	-8.66, 5.00 	13,21,39,557		1.93,0.00	1000,1 	0
1352    	30.63, -12.79, -8.14 	-0.72, 1.13, -6.65 	-8.66, 5.00 	13,21,39,566		1.20,1.34	1000,1 	0
1361    	30.63, -12.79, -8.14 	-0.72, 1.13, -6.66 	-8.66, 5.00 	13,21,39,576		0.00,0.00	1000,1 	0
1370    	30.63, -12.79, -8.14 	-0.70, 1.12, -6.65 	-8.66, 5.00 	13,21,39,586		0.00,2.46	1000,1 	0
1378    	30.63, -12.79, -8.14 	-0.72, 1.11, -6.64 	-8.66, 5.00 	13,21,39,595		0.00,2.73	1000,1 	0
1387    	30.62, -12.79, -8.14 	-0.72, 1.11, -6.64 	-8.66, 5.00 	13,21,39,605		1.07,0.00	1000,1 	0
1396    	30.63, -12.80, -8.14 	-0.71, 1.11, -6.64 	-8.66, 5.00 	13,21,39,615		1.60,1.07	1000,1 	0
1404    	30.61, -12.82, -8.15 	-0.74, 1.12, -6.64 	-8.66, 5.00 	13,21,39,624		3.59,3.87	1000,1 	0
1413    	30.60, -12.82, -8.15 	-0.74, 1.13, -6.66 	-8.66, 5.00 	13,21,39,634		1.07,1.19	1000,1 	0
1422    	30.59, -12.81, -8.14 	-0.74, 1.12, -6.66 	-8.66, 5.00 	13,21,39,644		1.60,1.19	1000,1 	0
1430    	30.58, -12.81, -8.13 	-0.74, 1.13, -6.65 	-8.66, 5.00 	13,21,39,653		1.20,1.34	1000,1 	0
1439    	30.58, -12.83, -8.14 	-0.74, 1.12, -6.64 	-8.66, 5.00 	13,21,39,663		2.37,1.19	1000,1 	0
1448    	30.58, -12.83, -8.14 	-0.74, 1.14, -6.64 	-8.66, 5.00 	13,21,39,673		0.00,2.38	1000,1 	0
1456    	30.58, -12.80, -8.15 	-0.74, 1.15, -6.66 	-8.66, 5.00 	13,21,39,682		4.00,1.34	1000,1 	0
1465    	30.59, -12.81, -8.16 	-0.75, 1.14, -6.66 	-8.66, 5.00 	13,21,39,692		1.60,1.59	1000,1 	0
1474    	30.60, -12.80, -8.16 	-0.75, 1.14, -6.66 	-8.66, 5.00 	13,21,39,702		1.60,0.00	1000,1 	0
1482    	30.60, -12.80, -8.15 	-0.73, 1.13, -6.66 	-8.66, 5.00 	13,21,39,711		0.00,2.77	1000,1 	0
1491    	30.58, -12.82, -8.14 	-0.73, 1.13, -6.65 	-8.66, 5.00 	13,21,39,721		3.19,0.00	1000,1 	0
1500    	30.58, -12.82, -8.14 	-0.73, 1.12, -6.65 	-8.66, 5.00 	13,21,39,731		1.07,1.19	1000,1 	0
1509    	30.55, -12.82, -8.14 	-0.73, 1.13, -6.67 	-8.66, 5.00 	13,21,39,741		3.21,1.19	1000,1 	0
1517    	30.54, -12.80, -8.16 	-0.72, 1.13, -6.66 	-8.66, 5.00 	13,21,39,750		2.92,1.20	1000,1 	0
1526    	30.55, -12.80, -8.17 	-0.72, 1.14, -6.67 	-8.66, 5.00 	13,21,39,760		1.07,1.19	1000,1 	0
1535    	30.55, -12.82, -8.16 	-0.72, 1.14, -6.68 	-8.66, 5.00 	13,21,39,770		2.37,0.00	1000,1 	0
1543    	30.52, -12.80, -8.17 	-0.73, 1.14, -6.67 	-8.66, 5.00 	13,21,39,779		4.49,1.20	1000,1 	0
1552    	30.52, -12.82, -8.17 	-0.73, 1.15, -6.67 	-8.66, 5.00 	13,21,39,789		2.37,1.19	1000,1 	0
1561    	30.51, -12.82, -8.16 	-0.77, 1.14, -6.67 	-8.66, 5.00 	13,21,39,799		1.07,4.42	1000,1 	0
1569    	30.52, -12.78, -8.17 	-0.76, 1.15, -6.67 	-8.66, 5.00 	13,21,39,808		5.46,1.78	1000,1 	0
1578    	30.51, -12.79, -8.17 	-0.76, 1.17, -6.68 	-8.66, 5.00 	13,21,39,818		1.60,2.38	1000,1 	0
1587    	30.51, -12.80, -8.16 	-0.76, 1.15, -6.67 	-8.66, 5.00 	13,21,39,828		1.18,2.38	1000,1 	0
1595    	30.51, -12.79, -8.16 	-0.76, 1.15, -6.66 	-8.66, 5.00 	13,21,39,837		1.33,0.00	1000,1 	0
1604    	30.49, -12.79, -8.16 	-0.78, 1.16, -6.68 	-8.66, 5.00 	13,21,39,847		2.14,2.46	1000,1 	0
1613    	30.48, -12.76, -8.17 	-0.75, 1.16, -6.68 	-8.66, 5.00 	13,21,39,857		3.71,3.21	1000,1 	0
1621    	30.43, -12.79, -8.17 	-0.80, 1.17, -6.70 	-8.66, 5.00 	13,21,39,866		7.23,6.18	1000,1 	0
1630    	30.41, -12.77, -8.18 	-0.80, 1.18, -6.71 	-8.66, 5.00 	13,21,39,876		3.19,1.19	1000,1 	0
1639    	30.38, -12.77, -8.20 	-0.86, 1.21, -6.72 	-8.66, 5.00 	13,21,39,886		3.21,6.88	1000,1 	0
1647    	30.34, -12.74, -8.20 	-0.90, 1.16, -6.72 	-8.66, 5.00 	13,21,39,895		6.26,7.99	1000,1 	0
1656    	30.34, -12.72, -8.19 	-0.95, 1.12, -6.71 	-8.66, 5.00 	13,21,39,905		2.37,7.10	1000,1 	0
1665    	30.27, -12.73, -8.20 	-1.06, 1.13, -6.72 	-8.66, 5.00 	13,21,39,915		8.65,11.84	1000,1 	0
1673    	30.24, -12.65, -8.22 	-1.14, 1.10, -6.70 	-8.66, 5.00 	13,21,39,924		10.00,11.49	1000,1 	0
1682    	30.16, -12.60, -8.23 	-1.21, 1.09, -6.69 	-8.66, 5.00 	13,21,39,934		10.41,7.56	1000,1 	0
1691    	30.02, -12.53, -8.27 	-1.31, 1.06, -6.69 	-8.66, 5.00 	13,21,39,944		17.55,11.22	1000,1 	0
1700    	29.81, -12.47, -8.28 	-1.35, 1.03, -6.68 	-8.66, 5.00 	13,21,39,954		23.57,6.38	1000,1 	0
1708    	29.72, -12.34, -8.30 	-1.36, 1.03, -6.69 	-8.66, 5.00 	13,21,39,963		20.00,1.20	1000,1 	0
1717    	29.63, -12.24, -8.37 	-1.43, 1.01, -6.67 	-8.66, 5.00 	13,21,39,973		15.26,7.82	1000,1 	0
1726    	29.61, -12.11, -8.41 	-1.54, 0.96, -6.64 	-8.66, 5.00 	13,21,39,983		14.37,13.10	1000,1 	0
1734    	29.59, -12.09, -8.46 	-1.56, 0.91, -6.63 	-8.66, 5.00 	13,21,39,992		3.59,5.83	1000,1 	0
1742    	29.51, -12.05, -8.51 	-1.58, 0.86, -6.63 	-8.66, 5.00 	13,21,40,1		11.55,7.55	1000,1 	0
1752    	29.37, -12.08, -8.53 	-1.64, 0.81, -6.64 	-8.66, 5.00 	13,21,40,12		13.66,7.81	1000,1 	0
1760    	29.27, -12.04, -8.56 	-1.74, 0.79, -6.65 	-8.66, 5.00 	13,21,40,21		13.83,12.28	1000,1 	0
1769    	29.21, -12.01, -8.60 	-1.77, 0.77, -6.67 	-8.66, 5.00 	13,21,40,31		7.34,3.96	1000,1 	0
1778    	29.03, -11.97, -8.64 	-1.81, 0.74, -6.69 	-8.66, 5.00 	13,21,40,41		20.88,4.86	1000,1 	0
1786    	28.92, -11.98, -8.64 	-1.88, 0.74, -6.71 	-8.66, 5.00 	13,21,40,50		13.31,9.62	1000,1 	0
1795    	28.80, -11.92, -8.69 	-1.94, 0.69, -6.71 	-8.66, 5.00 	13,21,40,60		14.67,8.68	1000,1 	0
1804    	28.74, -11.76, -8.74 	-1.97, 0.67, -6.75 	-8.66, 5.00 	13,21,40,70		19.27,3.96	1000,1 	0
1812    	28.67, -11.54, -8.83 	-1.94, 0.66, -6.79 	-8.66, 5.00 	13,21,40,79		27.93,3.87	1000,1 	0
1821    	28.55, -11.31, -8.92 	-1.99, 0.65, -6.82 	-8.66, 5.00 	13,21,40,88		29.03,5.46	1000,1 	0
1830    	28.45, -11.12, -8.97 	-2.04, 0.61, -6.86 	-8.66, 5.00 	13,21,40,98		24.34,7.93	1000,1 	0
1838    	28.27, -10.92, -9.00 	-2.11, 0.59, -6.89 	-8.66, 5.00 	13,21,40,107		33.13,8.80	1000,1 	0
1847    	27.99, -10.75, -8.99 	-2.28, 0.54, -6.91 	-8.66, 5.00 	13,21,40,117		36.35,18.72	1000,1 	0
1856    	27.61, -10.65, -8.98 	-2.58, 0.52, -6.93 	-8.66, 5.00 	13,21,40,127		43.38,34.35	1000,1 	0
1864    	27.30, -10.43, -9.04 	-2.79, 0.54, -6.98 	-8.66, 5.00 	13,21,40,136		46.83,26.64	1000,1 	0
1873    	27.04, -10.15, -9.12 	-3.02, 0.56, -7.05 	-8.66, 5.00 	13,21,40,146		43.08,24.75	1000,1 	0
1882    	26.89, -9.77, -9.22 	-3.25, 0.65, -7.19 	-8.66, 5.00 	13,21,40,156		44.82,27.50	1000,1 	0
1891    	26.73, -9.47, -9.29 	-3.56, 0.76, -7.33 	-8.66, 5.00 	13,21,40,166		37.80,36.39	1000,1 	0
1899    	26.56, -9.19, -9.33 	-4.01, 0.85, -7.48 	-8.66, 5.00 	13,21,40,175		41.37,57.70	1000,1 	0
1908    	26.43, -8.95, -9.34 	-4.48, 0.85, -7.58 	-8.66, 5.00 	13,21,40,185		30.04,52.40	1000,1 	0
1917    	26.27, -8.80, -9.30 	-4.95, 0.88, -7.69 	-8.66, 5.00 	13,21,40,195		23.82,52.49	1000,1 	0
1925    	26.07, -8.72, -9.22 	-5.40, 0.94, -7.77 	-8.66, 5.00 	13,21,40,205		27.43,56.04	1000,1 	0
1933    	25.86, -8.72, -9.15 	-5.83, 0.97, -7.84 	-8.66, 5.00 	13,21,40,214		26.49,54.24	1000,1 	0
1943    	25.63, -8.70, -9.12 	-6.18, 0.97, -7.90 	-8.66, 5.00 	13,21,40,224		23.22,34.65	1000,1 	0
1951    	25.43, -8.53, -9.11 	-6.41, 1.09, -8.00 	-8.66, 5.00 	13,21,40,233		33.06,32.60	1000,1 	0
1960    	25.27, -8.27, -9.12 	-6.57, 1.19, -8.14 	-8.66, 5.00 	13,21,40,243		33.16,21.23	1000,1 	0
1969    	25.11, -7.93, -9.15 	-6.74, 1.26, -8.23 	-8.66, 5.00 	13,21,40,253		42.02,19.63	1000,1 	0
1977    	24.93, -7.61, -9.21 	-6.97, 1.30, -8.27 	-8.66, 5.00 	13,21,40,262		46.03,29.44	1000,1 	0
1986    	24.75, -7.41, -9.25 	-7.09, 1.28, -8.27 	-8.66, 5.00 	13,21,40,272		29.61,14.07	1000,1 	0
1995    	24.58, -7.26, -9.26 	-7.29, 1.31, -8.33 	-8.66, 5.00 	13,21,40,282		25.41,22.79	1000,1 	0
2003    	24.43, -7.14, -9.25 	-7.51, 1.33, -8.36 	-8.66, 5.00 	13,21,40,291		24.20,26.52	1000,1 	0
2012    	24.31, -7.06, -9.22 	-7.69, 1.40, -8.38 	-8.66, 5.00 	13,21,40,301		15.28,22.07	1000,1 	0
2021    	24.17, -7.02, -9.22 	-7.95, 1.47, -8.40 	-8.66, 5.00 	13,21,40,311		16.74,29.84	1000,1 	0
2029    	24.09, -6.98, -9.21 	-8.06, 1.60, -8.43 	-8.66, 5.00 	13,21,40,320		11.01,20.95	1000,1 	0
2038    	23.95, -7.02, -9.16 	-8.18, 1.72, -8.48 	-8.66, 5.00 	13,21,40,330		15.72,19.22	1000,1 	0
2047    	23.84, -7.03, -9.12 	-8.30, 1.80, -8.47 	-8.66, 5.00 	13,21,40,340		12.90,16.08	1000,1 	0
2055    	23.73, -7.00, -9.11 	-8.36, 1.92, -8.46 	-8.66, 5.00 	13,21,40,349		13.83,16.48	1000,1 	0
2064    	23.65, -6.94, -9.10 	-8.44, 2.04, -8.43 	-8.66, 5.00 	13,21,40,359		11.97,16.35	1000,1 	0
2073    	23.62, -6.87, -9.11 	-8.52, 2.09, -8.40 	-8.66, 5.00 	13,21,40,369		7.79,10.49	1000,1 	0
2082    	23.58, -6.79, -9.11 	-8.54, 2.18, -8.38 	-8.66, 5.00 	13,21,40,379		10.39,9.77	1000,1 	0
2090    	23.55, -6.76, -9.11 	-8.58, 2.24, -8.35 	-8.66, 5.00 	13,21,40,388		5.38,9.41	1000,1 	0
2098    	23.54, -6.73, -9.11 	-8.55, 2.37, -8.35 	-8.66, 5.00 	13,21,40,397		2.92,16.39	1000,1 	0
2108    	23.53, -6.73, -9.11 	-8.57, 2.42, -8.31 	-8.66, 5.00 	13,21,40,408		0.96,5.71	1000,1 	0
2116    	23.53, -6.72, -9.10 	-8.51, 2.53, -8.25 	-8.66, 5.00 	13,21,40,417		1.33,15.69	1000,1 	0
2125    	23.50, -6.76, -9.09 	-8.48, 2.68, -8.17 	-8.66, 5.00 	13,21,40,427		4.79,16.89	1000,1 	0
2134    	23.47, -6.77, -9.09 	-8.34, 2.86, -8.04 	-8.66, 5.00 	13,21,40,437		3.42,24.96	1000,1 	0
2142    	23.48, -6.74, -9.09 	-8.17, 3.20, -7.88 	-8.66, 5.00 	13,21,40,446		2.92,47.64	1000,1 	0
2151    	23.47, -6.76, -9.09 	-7.91, 3.53, -7.71 	-8.66, 5.00 	13,21,40,456		1.60,47.11	1000,1 	0
2160    	23.46, -6.76, -9.08 	-7.74, 3.79, -7.48 	-8.66, 5.00 	13,21,40,466		1.07,33.58	1000,1 	0
2168    	23.48, -6.73, -9.08 	-7.73, 3.90, -7.21 	-8.66, 5.00 	13,21,40,475		3.59,14.86	1000,1 	0
2177    	23.50, -6.73, -9.08 	-7.62, 3.97, -7.05 	-8.66, 5.00 	13,21,40,485		2.14,13.66	1000,1 	0
2186    	23.49, -6.73, -9.08 	-7.50, 4.02, -6.95 	-8.66, 5.00 	13,21,40,495		1.07,15.03	1000,1 	0
2194    	23.49, -6.74, -9.07 	-7.43, 4.07, -6.85 	-8.66, 5.00 	13,21,40,504		1.33,10.67	1000,1 	0
2203    	23.49, -6.73, -9.07 	-7.46, 4.06, -6.74 	-8.66, 5.00 	13,21,40,514		1.18,3.40	1000,1 	0
2212    	23.47, -6.74, -9.07 	-7.52, 4.07, -6.68 	-8.66, 5.00 	13,21,40,524		2.45,6.54	1000,1 	0
2220    	23.46, -6.74, -9.06 	-7.55, 4.13, -6.67 	-8.66, 5.00 	13,21,40,533		1.20,8.29	1000,1 	0
2229    	23.48, -6.73, -9.07 	-7.60, 4.16, -6.66 	-8.66, 5.00 	13,21,40,543		2.45,6.47	1000,1 	0
2238    	23.47, -6.72, -9.07 	-7.63, 4.20, -6.67 	-8.66, 5.00 	13,21,40,553		1.60,5.77	1000,1 	0
2246    	23.47, -6.69, -9.07 	-7.71, 4.24, -6.65 	-8.66, 5.00 	13,21,40,562		4.00,10.48	1000,1 	0
2255    	23.47, -6.64, -9.07 	-7.77, 4.25, -6.64 	-8.66, 5.00 	13,21,40,572		5.92,6.54	1000,1 	0
2264    	23.48, -6.59, -9.08 	-7.81, 4.30, -6.66 	-8.66, 5.00 	13,21,40,582		6.02,7.37	1000,1 	0
2273    	23.53, -6.51, -9.08 	-7.85, 4.38, -6.67 	-8.66, 5.00 	13,21,40,592		9.87,9.95	1000,1 	0
2281    	23.55, -6.41, -9.07 	-7.88, 4.41, -6.68 	-8.66, 5.00 	13,21,40,601		12.23,5.43	1000,1 	0
2290    	23.59, -6.38, -9.07 	-7.91, 4.46, -6.68 	-8.66, 5.00 	13,21,40,611		5.56,6.79	1000,1 	0
2299    	23.61, -6.36, -9.07 	-7.95, 4.53, -6.67 	-8.66, 5.00 	13,21,40,621		3.19,8.37	1000,1 	0
2307    	23.60, -6.37, -9.06 	-8.00, 4.56, -6.68 	-8.66, 5.00 	13,21,40,630		1.80,7.28	1000,1 	0
2316    	23.57, -6.38, -9.04 	-8.05, 4.61, -6.66 	-8.66, 5.00 	13,21,40,640		3.42,8.05	1000,1 	0
2325    	23.54, -6.34, -9.04 	-8.14, 4.68, -6.68 	-8.66, 5.00 	13,21,40,650		5.72,12.06	1000,1 	0
2333    	23.51, -6.28, -9.05 	-8.21, 4.76, -6.67 	-8.66, 5.00 	13,21,40,659		8.77,14.49	1000,1 	0
2342    	23.50, -6.22, -9.06 	-8.28, 4.83, -6.67 	-8.66, 5.00 	13,21,40,669		6.01,10.41	1000,1 	0
2351    	23.50, -6.18, -9.07 	-8.34, 4.89, -6.68 	-8.66, 5.00 	13,21,40,679		4.74,9.66	1000,1 	0
2359    	23.49, -6.15, -9.07 	-8.40, 4.95, -6.67 	-8.66, 5.00 	13,21,40,688		4.17,9.91	1000,1 	0
2368    	23.51, -6.13, -9.08 	-8.45, 5.00, -6.69 	-8.66, 5.00 	13,21,40,698		3.19,8.05	1000,1 	0
2377    	23.50, -6.13, -9.07 	-8.47, 5.03, -6.68 	-8.66, 5.00 	13,21,40,708		1.07,4.18	1000,1 	0
2385    	23.52, -6.14, -9.05 	-8.49, 5.06, -6.67 	-8.66, 5.00 	13,21,40,717		2.75,5.43	1000,1 	0
2394    	23.51, -6.13, -9.06 	-8.50, 5.10, -6.65 	-8.66, 5.00 	13,21,40,727		1.60,3.74	1000,1 	0
2403    	23.47, -6.14, -9.06 	-8.56, 5.12, -6.65 	-8.66, 5.00 	13,21,40,737		4.44,6.88	1000,1 	0
2411    	23.44, -6.14, -9.05 	-8.59, 5.16, -6.64 	-8.66, 5.00 	13,21,40,746		3.61,6.50	1000,1 	0
2420    	23.44, -6.12, -9.06 	-8.58, 5.19, -6.65 	-8.66, 5.00 	13,21,40,756		2.60,3.71	1000,1 	0
2429    	23.45, -6.07, -9.05 	-8.58, 5.23, -6.67 	-8.66, 5.00 	13,21,40,766		4.86,3.56	1000,1 	0
2437    	23.47, -6.05, -9.05 	-8.59, 5.24, -6.68 	-8.66, 5.00 	13,21,40,775		4.49,1.81	1000,1 	0
2446    	23.45, -6.08, -9.06 	-8.61, 5.27, -6.69 	-8.66, 5.00 	13,21,40,785		4.15,4.18	1000,1 	0
2455    	23.47, -6.07, -9.06 	-8.62, 5.28, -6.69 	-8.66, 5.00 	13,21,40,795		2.45,1.61	1000,1 	0
2464    	23.45, -6.08, -9.07 	-8.63, 5.27, -6.69 	-8.66, 5.00 	13,21,40,805		2.45,1.59	1000,1 	0
2472    	23.48, -6.11, -9.06 	-8.61, 5.28, -6.71 	-8.66, 5.00 	13,21,40,814		4.49,2.73	1000,1 	0
2480    	23.49, -6.14, -9.05 	-8.61, 5.30, -6.70 	-8.66, 5.00 	13,21,40,823		4.17,2.67	1000,1 	0
2490    	23.49, -6.14, -9.05 	-8.63, 5.28, -6.70 	-8.66, 5.00 	13,21,40,834		0.00,2.86	1000,1 	0
2498    	23.51, -6.14, -9.05 	-8.63, 5.30, -6.69 	-8.66, 5.00 	13,21,40,843		2.41,2.67	1000,1 	0
2507    	23.51, -6.13, -9.04 	-8.66, 5.30, -6.69 	-8.66, 5.00 	13,21,40,853		1.18,3.21	1000,1 	0
2516    	23.53, -6.12, -9.05 	-8.68, 5.31, -6.69 	-8.66, 5.00 	13,21,40,863		2.45,2.46	1000,1 	0
2524    	23.53, -6.15, -9.04 	-8.67, 5.31, -6.70 	-8.66, 5.00 	13,21,40,872		4.00,1.20	1000,1 	0
2533    	23.52, -6.13, -9.05 	-8.68, 5.30, -6.69 	-8.66, 5.00 	13,21,40,882		2.60,1.59	1000,1 	0
2542    	23.57, -6.11, -9.05 	-8.66, 5.30, -6.69 	-8.66, 5.00 	13,21,40,892		5.85,2.14	1000,1 	0
2550    	23.60, -6.08, -9.04 	-8.65, 5.30, -6.68 	-8.66, 5.00 	13,21,40,901		4.49,1.20	1000,1 	0
2559    	23.62, -6.11, -9.02 	-8.65, 5.29, -6.68 	-8.66, 5.00 	13,21,40,911		3.19,1.19	1000,1 	0
2568    	23.62, -6.12, -9.02 	-8.67, 5.30, -6.68 	-8.66, 5.00 	13,21,40,921		1.18,2.46	1000,1 	0
2576    	23.63, -6.12, -9.02 	-8.68, 5.30, -6.67 	-8.66, 5.00 	13,21,40,930		1.20,1.20	1000,1 	0
2585    	23.63, -6.13, -9.02 	-8.69, 5.29, -6.66 	-8.66, 5.00 	13,21,40,940		1.18,1.59	1000,1 	0
2594    	23.62, -6.13, -9.00 	-8.69, 5.28, -6.67 	-8.66, 5.00 	13,21,40,950		1.07,1.19	1000,1 	0
2602    	23.63, -6.12, -9.02 	-8.74, 5.30, -6.68 	-8.66, 5.00 	13,21,40,959		1.80,6.62	1000,1 	0
2611    	23.63, -6.12, -9.02 	-8.74, 5.31, -6.68 	-8.66, 5.00 	13,21,40,969		0.00,1.19	1000,1 	0
2620    	23.62, -6.11, -9.02 	-8.72, 5.31, -6.67 	-8.66, 5.00 	13,21,40,979		1.60,2.14	1000,1 	0
2628    	23.64, -6.08, -9.03 	-8.72, 5.31, -6.67 	-8.66, 5.00 	13,21,40,988		3.59,0.00	1000,1 	0
2637    	23.66, -6.10, -9.03 	-8.74, 5.31, -6.68 	-8.66, 5.00 	13,21,40,998		2.45,2.14	1000,1 	0
2646    	23.67, -6.11, -9.02 	-8.73, 5.32, -6.68 	-8.66, 5.00 	13,21,41,8		1.60,1.59	1000,1 	0
2655    	23.67, -6.11, -9.02 	-8.72, 5.31, -6.69 	-8.66, 5.00 	13,21,41,18		0.00,1.61	1000,1 	0
2663    	23.70, -6.14, -9.02 	-8.73, 5.33, -6.71 	-8.66, 5.00 	13,21,41,27		5.38,2.95	1000,1 	0
2671    	23.69, -6.15, -9.01 	-8.71, 5.33, -6.70 	-8.66, 5.00 	13,21,41,36		1.80,2.41	1000,1 	0
2681    	23.68, -6.15, -9.02 	-8.71, 5.34, -6.68 	-8.66, 5.00 	13,21,41,47		0.96,1.07	1000,1 	0
2689    	23.68, -6.15, -9.03 	-8.74, 5.32, -6.69 	-8.66, 5.00 	13,21,41,56		0.00,4.46	1000,1 	0
2698    	23.69, -6.15, -9.02 	-8.73, 5.33, -6.69 	-8.66, 5.00 	13,21,41,66		1.07,1.59	1000,1 	0
2707    	23.69, -6.15, -9.03 	-8.74, 5.33, -6.69 	-8.66, 5.00 	13,21,41,76		0.00,1.07	1000,1 	0
2715    	23.72, -6.14, -9.03 	-8.74, 5.31, -6.69 	-8.66, 5.00 	13,21,41,85		5.00,2.67	1000,1 	0
2724    	23.73, -6.16, -9.04 	-8.73, 5.32, -6.69 	0.00, -0.00 	13,21,41,105		2.60,1.59	1000,1 	0
2732    	23.73, -6.16, -9.03 	-8.74, 5.34, -6.69 	0.00, -0.00 	13,21,41,114		0.00,1.57	1000,1 	0
2741    	23.77, -6.16, -9.02 	-8.76, 5.33, -6.69 	0.00, -0.00 	13,21,41,124		2.41,1.37	1000,1 	0
2750    	23.78, -6.15, -9.02 	-8.76, 5.34, -6.69 	0.00, -0.00 	13,21,41,134		0.90,0.67	1000,1 	0
2758    	23.79, -6.17, -9.02 	-8.76, 5.33, -6.69 	0.00, -0.00 	13,21,41,143		1.56,0.71	1000,1 	0
2767    	23.80, -6.17, -9.01 	-8.78, 5.32, -6.68 	0.00, -0.00 	13,21,41,153		0.60,1.37	1000,1 	0
2776    	23.82, -6.17, -9.02 	-8.77, 5.34, -6.68 	0.00, -0.00 	13,21,41,163		1.20,1.46	1000,1 	0
2784    	23.83, -6.18, -9.02 	-8.77, 5.36, -6.69 	0.00, -0.00 	13,21,41,172		0.90,0.67	1000,1 	0
2793    	23.85, -6.18, -9.04 	-8.76, 5.36, -6.70 	0.00, -0.00 	13,21,41,182		1.20,0.60	1000,1 	0
2802    	23.86, -6.19, -9.03 	-8.76, 5.38, -6.70 	0.00, -0.00 	13,21,41,192		0.90,1.34	1000,1 	0
2811    	23.88, -6.19, -9.02 	-8.73, 5.36, -6.70 	0.00, -0.00 	13,21,41,202		1.28,2.41	1000,1 	0
2819    	23.93, -6.20, -9.03 	-8.76, 5.38, -6.70 	0.00, -0.00 	13,21,41,211		3.29,2.41	1000,1 	0
2828    	23.98, -6.18, -9.02 	-8.74, 5.37, -6.69 	0.00, -0.00 	13,21,41,221		3.85,1.38	1000,1 	0
2837    	24.02, -6.18, -9.01 	-8.78, 5.38, -6.68 	0.00, -0.00 	13,21,41,231		2.57,2.67	1000,1 	0
2845    	24.06, -6.18, -9.01 	-8.78, 5.39, -6.68 	0.00, -0.00 	13,21,41,240		2.57,0.71	1000,1 	0
2854    	24.06, -6.22, -8.99 	-8.80, 5.39, -6.67 	0.00, -0.00 	13,21,41,250		2.84,1.92	1000,1 	0
2863    	24.08, -6.21, -9.00 	-8.80, 5.41, -6.68 	0.00, -0.00 	13,21,41,260		1.47,1.55	1000,1 	0
2871    	24.09, -6.21, -9.01 	-8.80, 5.42, -6.69 	0.00, -0.00 	13,21,41,269		0.64,0.71	1000,1 	0
2880    	24.15, -6.20, -9.02 	-8.80, 5.41, -6.68 	0.00, -0.00 	13,21,41,279		3.67,0.89	1000,1 	0
2889    	24.16, -6.20, -9.02 	-8.79, 5.44, -6.71 	0.00, -0.00 	13,21,41,289		0.64,2.48	1000,1 	0
2897    	24.20, -6.22, -9.01 	-8.79, 5.45, -6.71 	0.00, -0.00 	13,21,41,298		2.93,0.71	1000,1 	0
2906    	24.23, -6.23, -9.00 	-8.73, 5.44, -6.70 	0.00, -0.00 	13,21,41,308		1.92,3.68	1000,1 	0
2915    	24.28, -6.26, -8.99 	-8.74, 5.47, -6.71 	0.00, -0.00 	13,21,41,318		4.11,2.24	1000,1 	0
2923    	24.32, -6.26, -8.98 	-8.74, 5.48, -6.71 	0.00, -0.00 	13,21,41,327		2.57,0.71	1000,1 	0
2932    	24.33, -6.26, -8.97 	-8.72, 5.48, -6.72 	0.00, -0.00 	13,21,41,337		0.60,1.20	1000,1 	0
2941    	24.33, -6.30, -8.96 	-8.74, 5.49, -6.70 	0.00, -0.00 	13,21,41,347		2.84,1.48	1000,1 	0
2949    	24.32, -6.31, -8.96 	-8.78, 5.49, -6.69 	0.00, -0.00 	13,21,41,356		0.96,2.57	1000,1 	0
2958    	24.33, -6.35, -8.95 	-8.75, 5.49, -6.68 	0.00, -0.00 	13,21,41,366		2.73,1.80	1000,1 	0
2967    	24.36, -6.34, -8.96 	-8.74, 5.51, -6.68 	0.00, -0.00 	13,21,41,376		2.05,0.95	1000,1 	0
2975    	24.40, -6.36, -8.95 	-8.75, 5.48, -6.69 	0.00, -0.00 	13,21,41,385		2.93,1.55	1000,1 	0
2984    	24.41, -6.34, -8.97 	-8.74, 5.49, -6.69 	0.00, -0.00 	13,21,41,395		1.46,0.89	1000,1 	0
2993    	24.45, -6.35, -8.96 	-8.74, 5.52, -6.69 	0.00, -0.00 	13,21,41,405		2.66,1.43	1000,1 	0
3001    	24.47, -6.36, -8.96 	-8.72, 5.53, -6.70 	0.00, -0.00 	13,21,41,414		1.47,1.46	1000,1 	0
3010    	24.49, -6.36, -8.96 	-8.70, 5.53, -6.70 	0.00, -0.00 	13,21,41,424		1.20,1.20	1000,1 	0
3019    	24.50, -6.39, -8.95 	-8.73, 5.55, -6.70 	0.00, -0.00 	13,21,41,434		2.49,2.41	1000,1 	0
3028    	24.51, -6.42, -8.95 	-8.73, 5.54, -6.70 	0.00, -0.00 	13,21,41,444		1.56,0.71	1000,1 	0
3036    	24.50, -6.44, -8.94 	-8.74, 5.55, -6.70 	0.00, -0.00 	13,21,41,453		1.56,0.97	1000,1 	0
3044    	24.49, -6.44, -8.95 	-8.76, 5.55, -6.70 	0.00, -0.00 	13,21,41,462		0.64,1.28	1000,1 	0
3054    	24.49, -6.46, -8.95 	-8.75, 5.54, -6.70 	0.00, -0.00 	13,21,41,473		1.33,0.91	1000,1 	0
3062    	24.49, -6.46, -8.95 	-8.75, 5.54, -6.69 	0.00, -0.00 	13,21,41,482		0.64,0.00	1000,1 	0
3071    	24.50, -6.46, -8.95 	-8.76, 5.55, -6.70 	0.00, -0.00 	13,21,41,492		1.20,0.91	1000,1 	0
3080    	24.51, -6.45, -8.96 	-8.74, 5.54, -6.70 	0.00, -0.00 	13,21,41,502		0.96,1.48	1000,1 	0
3088    	24.52, -6.44, -8.96 	-8.75, 5.54, -6.69 	0.00, -0.00 	13,21,41,511		0.96,0.64	1000,1 	0
3097    	24.54, -6.45, -8.96 	-8.74, 5.54, -6.69 	0.00, -0.00 	13,21,41,521		1.38,0.60	1000,1 	0
3106    	24.56, -6.45, -8.95 	-8.74, 5.54, -6.69 	0.00, -0.00 	13,21,41,531		1.28,0.00	1000,1 	0
3114    	24.57, -6.45, -8.96 	-8.74, 5.54, -6.68 	0.00, -0.00 	13,21,41,540		0.64,0.00	1000,1 	0
3123    	24.57, -6.45, -8.96 	-8.74, 5.55, -6.68 	0.00, -0.00 	13,21,41,550		0.00,0.67	1000,1 	0
3132    	24.55, -6.46, -8.95 	-8.74, 5.55, -6.68 	0.00, -0.00 	13,21,41,560		1.47,0.00	1000,1 	0
3140    	24.55, -6.45, -8.96 	-8.72, 5.52, -6.68 	0.00, -0.00 	13,21,41,569		0.71,2.51	1000,1 	0
3149    	24.58, -6.45, -8.96 	-8.73, 5.52, -6.68 	0.00, -0.00 	13,21,41,579		1.81,0.60	1000,1 	0
3158    	24.61, -6.43, -8.97 	-8.74, 5.53, -6.68 	0.00, -0.00 	13,21,41,589		2.39,0.97	1000,1 	0
3166    	24.62, -6.42, -8.97 	-8.74, 5.54, -6.68 	0.00, -0.00 	13,21,41,598		0.96,0.71	1000,1 	0
3175    	24.63, -6.44, -8.96 	-8.76, 5.54, -6.68 	0.00, -0.00 	13,21,41,608		1.46,1.20	1000,1 	0
3185    	24.64, -6.43, -8.96 	-8.73, 5.54, -6.68 	0.00, -0.00 	13,21,41,618		0.96,1.92	1000,1 	0
3194    	24.64, -6.45, -8.96 	-8.73, 5.54, -6.68 	0.00, -0.00 	13,21,41,628		1.52,0.00	1000,1 	0
3202    	24.65, -6.45, -8.96 	-8.74, 5.53, -6.69 	0.00, -0.00 	13,21,41,637		0.69,1.02	1000,1 	0
3211    	24.63, -6.45, -8.95 	-8.74, 5.54, -6.69 	0.00, -0.00 	13,21,41,647		1.38,0.76	1000,1 	0
3220    	24.66, -6.46, -8.94 	-8.74, 5.54, -6.68 	0.00, -0.00 	13,21,41,657		2.20,0.00	1000,1 	0
3228    	24.66, -6.47, -8.94 	-8.72, 5.53, -6.68 	0.00, -0.00 	13,21,41,666		0.76,1.58	1000,1 	0
3236    	24.67, -6.47, -8.94 	-8.72, 5.53, -6.69 	0.00, -0.00 	13,21,41,675		0.64,0.00	1000,1 	0
3246    	24.67, -6.47, -8.95 	-8.73, 5.53, -6.69 	0.00, -0.00 	13,21,41,686		0.00,0.64	1000,1 	0
3254    	24.67, -6.47, -8.95 	-8.73, 5.52, -6.69 	0.00, -0.00 	13,21,41,695		0.00,0.76	1000,1 	0
3263    	24.68, -6.46, -8.95 	-8.70, 5.53, -6.69 	0.00, -0.00 	13,21,41,705		0.96,2.04	1000,1 	0
3272    	24.68, -6.46, -8.95 	-8.71, 5.54, -6.68 	0.00, -0.00 	13,21,41,715		0.00,1.04	1000,1 	0
3280    	24.70, -6.47, -8.94 	-8.71, 5.54, -6.69 	0.00, -0.00 	13,21,41,724		1.57,0.00	1000,1 	0
3289    	24.70, -6.48, -8.95 	-8.72, 5.54, -6.69 	0.00, -0.00 	13,21,41,734		0.71,0.64	1000,1 	0
3298    	24.71, -6.48, -8.95 	-8.73, 5.54, -6.68 	0.00, -0.00 	13,21,41,744		0.69,0.69	1000,1 	0
3306    	24.71, -6.49, -8.95 	-8.74, 5.55, -6.69 	0.00, -0.00 	13,21,41,753		0.76,1.04	1000,1 	0
3315    	24.72, -6.48, -8.94 	-8.74, 5.55, -6.69 	0.00, -0.00 	13,21,41,763		0.85,0.00	1000,1 	0
3324    	24.72, -6.49, -8.94 	-8.74, 5.55, -6.69 	0.00, -0.00 	13,21,41,773		0.71,0.00	1000,1 	0
3332    	24.71, -6.49, -8.94 	-8.74, 5.57, -6.70 	0.00, -0.00 	13,21,41,782		0.69,1.53	1000,1 	0
3341    	24.70, -6.49, -8.94 	-8.74, 5.57, -6.69 	0.00, -0.00 	13,21,41,792		0.64,0.00	1000,1 	0
3350    	24.71, -6.49, -8.94 	-8.71, 5.57, -6.69 	0.00, -0.00 	13,21,41,802		0.64,1.92	1000,1 	0
3358    	24.71, -6.49, -8.94 	-8.72, 5.57, -6.70 	0.00, -0.00 	13,21,41,811		0.00,0.69	1000,1 	0
3367    	24.72, -6.49, -8.94 	-8.73, 5.57, -6.70 	0.00, -0.00 	13,21,41,821		0.64,0.64	1000,1 	0
3376    	24.73, -6.48, -8.95 	-8.72, 5.57, -6.70 	0.00, -0.00 	13,21,41,831		1.03,0.69	1000,1 	0
3385    	24.75, -6.50, -8.93 	-8.73, 5.56, -6.69 	0.00, -0.00 	13,21,41,841		2.05,1.02	1000,1 	0
3393    	24.74, -6.50, -8.94 	-8.72, 5.56, -6.68 	0.00, -0.00 	13,21,41,850		0.69,0.69	1000,1 	0
3402    	24.74, -6.53, -8.93 	-8.74, 5.57, -6.68 	0.00, -0.00 	13,21,41,860		2.28,1.58	1000,1 	0
3411    	24.73, -6.52, -8.93 	-8.74, 5.57, -6.68 	0.00, -0.00 	13,21,41,870		1.03,0.00	1000,1 	0
3419    	24.72, -6.54, -8.93 	-8.74, 5.57, -6.68 	0.00, -0.00 	13,21,41,879		1.67,0.00	1000,1 	0
3427    	24.76, -6.53, -8.93 	-8.74, 5.57, -6.68 	0.00, -0.00 	13,21,41,888		3.29,0.00	1000,1 	0
3437    	24.75, -6.52, -8.93 	-8.75, 5.56, -6.69 	0.00, -0.00 	13,21,41,899		0.96,0.95	1000,1 	0
3445    	24.75, -6.51, -8.94 	-8.75, 5.57, -6.68 	0.00, -0.00 	13,21,41,908		1.03,0.76	1000,1 	0
3453    	24.75, -6.53, -8.93 	-8.75, 5.57, -6.68 	0.00, -0.00 	13,21,41,917		1.56,0.00	1000,1 	0
3463    	24.76, -6.54, -8.93 	-8.72, 5.56, -6.68 	0.00, -0.00 	13,21,41,928		0.96,2.06	1000,1 	0
3471    	24.76, -6.54, -8.93 	-8.74, 5.56, -6.69 	0.00, -0.00 	13,21,41,937		0.00,1.37	1000,1 	0
3480    	24.76, -6.54, -8.92 	-8.74, 5.57, -6.69 	0.00, -0.00 	13,21,41,947		0.00,0.71	1000,1 	0
3489    	24.76, -6.55, -8.92 	-8.74, 5.56, -6.69 	0.00, -0.00 	13,21,41,957		0.76,0.76	1000,1 	0
3497    	24.75, -6.55, -8.93 	-8.74, 5.56, -6.69 	0.00, -0.00 	13,21,41,966		0.69,0.00	1000,1 	0
3506    	24.76, -6.54, -8.93 	-8.75, 5.55, -6.69 	0.00, -0.00 	13,21,41,976		0.96,0.95	1000,1 	0
3515    	24.76, -6.55, -8.92 	-8.75, 5.55, -6.69 	0.00, -0.00 	13,21,41,986		0.76,0.00	1000,1 	0
3523    	24.76, -6.55, -8.92 	-8.75, 5.55, -6.69 	0.00, -0.00 	13,21,41,995		0.00,0.00	1000,1 	0
3532    	24.78, -6.54, -8.92 	-8.72, 5.56, -6.69 	0.00, -0.00 	13,21,42,5		1.47,2.04	1000,1 	0
3541    	24.79, -6.53, -8.92 	-8.72, 5.56, -6.69 	0.00, -0.00 	13,21,42,15		1.03,0.00	1000,1 	0
3549    	24.79, -6.52, -8.92 	-8.73, 5.54, -6.69 	0.00, -0.00 	13,21,42,24		0.76,1.67	1000,1 	0
3558    	24.77, -6.53, -8.91 	-8.74, 5.54, -6.68 	0.00, -0.00 	13,21,42,34		1.47,0.64	1000,1 	0
3567    	24.80, -6.54, -8.91 	-8.74, 5.55, -6.68 	0.00, -0.00 	13,21,42,44		2.20,0.76	1000,1 	0
3576    	24.80, -6.54, -8.91 	-8.74, 5.55, -6.68 	0.00, -0.00 	13,21,42,54		0.00,0.00	1000,1 	0
3584    	24.79, -6.52, -8.91 	-8.74, 5.54, -6.68 	0.00, -0.00 	13,21,42,63		1.67,0.76	1000,1 	0
3593    	24.79, -6.54, -8.92 	-8.74, 5.54, -6.68 	0.00, -0.00 	13,21,42,73		1.42,0.00	1000,1 	0
3602    	24.78, -6.54, -8.92 	-8.71, 5.53, -6.68 	0.00, -0.00 	13,21,42,83		0.69,2.21	1000,1 	0
3610    	24.78, -6.54, -8.92 	-8.72, 5.55, -6.68 	0.00, -0.00 	13,21,42,92		0.00,1.68	1000,1 	0
3618    	24.78, -6.54, -8.92 	-8.72, 5.55, -6.68 	0.00, -0.00 	13,21,42,101		0.00,0.00	1000,1 	0
3628    	24.81, -6.54, -8.92 	-8.73, 5.55, -6.68 	0.00, -0.00 	13,21,42,112		1.93,0.64	1000,1 	0
3636    	24.81, -6.52, -8.92 	-8.70, 5.55, -6.68 	0.00, -0.00 	13,21,42,121		1.52,2.06	1000,1 	0
3645    	24.82, -6.52, -8.92 	-8.71, 5.56, -6.68 	0.00, -0.00 	13,21,42,131		0.64,0.97	1000,1 	0
3654    	24.82, -6.53, -8.92 	-8.72, 5.55, -6.69 	0.00, -0.00 	13,21,42,141		0.76,1.02	1000,1 	0
3662    	24.84, -6.56, -8.92 	-8.72, 5.55, -6.69 	0.00, -0.00 	13,21,42,150		2.66,0.00	1000,1 	0
3671    	24.83, -6.56, -8.92 	-8.73, 5.56, -6.68 	0.00, -0.00 	13,21,42,160		0.64,0.97	1000,1 	0
3680    	24.83, -6.55, -8.91 	-8.73, 5.55, -6.68 	0.00, -0.00 	13,21,42,170		0.76,0.76	1000,1 	0
3688    	24.85, -6.54, -8.93 	-8.71, 5.53, -6.68 	0.00, -0.00 	13,21,42,179		1.57,2.07	1000,1 	0
3697    	24.85, -6.54, -8.93 	-8.72, 5.55, -6.68 	0.00, -0.00 	13,21,42,189		0.00,1.57	1000,1 	0
3706    	24.84, -6.53, -8.92 	-8.74, 5.55, -6.69 	0.00, -0.00 	13,21,42,199		1.03,1.37	1000,1 	0
3714    	24.83, -6.54, -8.92 	-8.72, 5.56, -6.69 	0.00, -0.00 	13,21,42,208		1.03,1.56	1000,1 	0
3723    	24.84, -6.54, -8.92 	-8.73, 5.57, -6.70 	0.00, -0.00 	13,21,42,218		0.64,0.97	1000,1 	0
3732    	24.88, -6.54, -8.93 	-8.68, 5.57, -6.71 	0.00, -0.00 	13,21,42,228		2.75,3.44	1000,1 	0
3740    	24.87, -6.56, -8.92 	-8.65, 5.57, -6.69 	0.00, -0.00 	13,21,42,237		1.67,2.06	1000,1 	0
3749    	24.87, -6.56, -8.93 	-8.58, 5.57, -6.68 	0.00, -0.00 	13,21,42,247		0.00,4.49	1000,1 	0
3758    	24.85, -6.60, -8.92 	-8.52, 5.56, -6.69 	0.00, -0.00 	13,21,42,257		2.67,4.88	1000,1 	0
3767    	24.88, -6.61, -8.92 	-8.37, 5.57, -6.69 	0.00, -0.00 	13,21,42,267		2.20,10.33	1000,1 	0
3775    	24.88, -6.59, -8.93 	-8.23, 5.53, -6.68 	0.00, -0.00 	13,21,42,276		1.52,10.60	1000,1 	0
3784    	24.87, -6.61, -8.93 	-8.10, 5.50, -6.67 	0.00, -0.00 	13,21,42,286		1.56,8.64	1000,1 	0
3793    	24.88, -6.65, -8.94 	-7.94, 5.41, -6.65 	0.00, -0.00 	13,21,42,296		3.12,13.27	1000,1 	0
3801    	24.88, -6.73, -8.95 	-7.72, 5.28, -6.64 	0.00, -0.00 	13,21,42,305		6.09,18.39	1000,1 	0
3809    	24.92, -6.80, -8.94 	-7.47, 5.18, -6.62 	0.00, -0.00 	13,21,42,314		4.97,17.96	1000,1 	0
3819    	25.00, -6.85, -8.93 	-7.25, 5.08, -6.62 	0.00, -0.00 	13,21,42,325		6.78,15.91	1000,1 	0
3827    	25.05, -6.97, -8.93 	-6.95, 4.89, -6.60 	0.00, -0.00 	13,21,42,334		9.05,25.12	1000,1 	0
3836    	25.14, -7.12, -8.94 	-6.53, 4.70, -6.60 	0.00, -0.00 	13,21,42,344		11.50,31.19	1000,1 	0
3845    	25.21, -7.31, -8.94 	-5.98, 4.53, -6.61 	0.00, -0.00 	13,21,42,354		14.52,40.99	1000,1 	0
3853    	25.28, -7.49, -8.94 	-5.60, 4.39, -6.62 	0.00, -0.00 	13,21,42,363		14.06,28.73	1000,1 	0
3862    	25.33, -7.61, -8.96 	-5.37, 4.28, -6.64 	0.00, -0.00 	13,21,42,373		8.45,17.07	1000,1 	0
3871    	25.37, -7.70, -9.00 	-5.06, 4.14, -6.66 	0.00, -0.00 	13,21,42,383		7.38,24.27	1000,1 	0
3879    	25.49, -7.70, -9.02 	-4.70, 4.02, -6.73 	0.00, -0.00 	13,21,42,392		8.95,27.56	1000,1 	0
3888    	25.61, -7.72, -9.03 	-4.44, 3.87, -6.76 	0.00, -0.00 	13,21,42,402		7.74,19.57	1000,1 	0
3897    	25.66, -7.78, -9.02 	-4.38, 3.74, -6.77 	0.00, -0.00 	13,21,42,412		5.33,9.72	1000,1 	0
3905    	25.73, -7.89, -9.01 	-4.30, 3.67, -6.80 	0.00, -0.00 	13,21,42,421		9.00,7.21	1000,1 	0
3914    	25.79, -7.99, -9.00 	-4.21, 3.62, -6.85 	0.00, -0.00 	13,21,42,431		8.40,6.83	1000,1 	0
3923    	25.86, -8.14, -8.98 	-4.07, 3.61, -6.90 	0.00, -0.00 	13,21,42,441		11.69,10.35	1000,1 	0
3931    	25.90, -8.26, -8.96 	-4.00, 3.60, -6.94 	0.00, -0.00 	13,21,42,450		8.81,4.88	1000,1 	0
3940    	25.89, -8.34, -8.96 	-3.99, 3.60, -6.98 	0.00, -0.00 	13,21,42,460		5.72,0.64	1000,1 	0
3949    	25.91, -8.43, -8.95 	-3.94, 3.61, -7.02 	0.00, -0.00 	13,21,42,470		6.24,3.51	0,0 	0
3958    	25.94, -8.44, -8.95 	-3.88, 3.60, -7.06 	0.00, -0.00 	13,21,42,480		2.20,4.12	0,0 	0
3966    	25.99, -8.49, -8.95 	-3.82, 3.59, -7.08 	0.00, -0.00 	13,21,42,489		5.13,4.88	0,0 	0
3975    	26.06, -8.49, -8.95 	-3.80, 3.59, -7.13 	0.00, -0.00 	13,21,42,499		5.51,1.37	0,0 	0
3984    	26.10, -8.51, -8.96 	-3.75, 3.60, -7.14 	0.00, -0.00 	13,21,42,509		3.14,3.51	0,0 	0
3992    	26.15, -8.55, -8.96 	-3.71, 3.57, -7.16 	0.00, -0.00 	13,21,42,518		4.13,3.61	0,0 	0
4001    	26.21, -8.58, -8.98 	-3.66, 3.55, -7.19 	0.00, -0.00 	13,21,42,528		4.40,3.53	0,0 	0
4010    	26.26, -8.63, -8.99 	-3.60, 3.52, -7.22 	0.00, -0.00 	13,21,42,538		5.61,5.36	0,0 	0
4018    	26.30, -8.67, -8.98 	-3.56, 3.48, -7.23 	0.00, -0.00 	13,21,42,547		4.10,3.61	0,0 	0
4027    	26.32, -8.73, -8.96 	-3.49, 3.48, -7.27 	0.00, -0.00 	13,21,42,557		3.78,4.49	0,0 	0
4036    	26.33, -8.79, -8.95 	-3.49, 3.46, -7.29 	0.00, -0.00 	13,21,42,567		4.62,1.53	0,0 	0
4044    	26.33, -8.78, -8.95 	-3.46, 3.44, -7.32 	0.00, -0.00 	13,21,42,576		0.76,2.58	0,0 	0
4053    	26.36, -8.76, -8.95 	-3.44, 3.45, -7.36 	0.00, -0.00 	13,21,42,586		2.39,1.46	0,0 	0
4062    	26.40, -8.76, -8.95 	-3.39, 3.48, -7.39 	0.00, -0.00 	13,21,42,596		2.75,4.10	0,0 	0
4070    	26.40, -8.75, -8.97 	-3.38, 3.45, -7.41 	0.00, -0.00 	13,21,42,605		0.76,2.40	0,0 	0
4080    	26.44, -8.77, -8.97 	-3.35, 3.52, -7.45 	0.00, -0.00 	13,21,42,616		2.93,4.66	0,0 	0
4089    	26.45, -8.75, -8.96 	-3.30, 3.50, -7.44 	0.00, -0.00 	13,21,42,625		1.67,4.21	0,0 	0
4097    	26.48, -8.77, -8.97 	-3.28, 3.50, -7.46 	0.00, -0.00 	13,21,42,634		2.76,1.48	0,0 	0
4106    	26.50, -8.77, -8.95 	-3.28, 3.54, -7.48 	0.00, -0.00 	13,21,42,644		1.38,2.29	0,0 	0
4115    	26.51, -8.79, -8.95 	-3.26, 3.58, -7.51 	0.00, -0.00 	13,21,42,654		2.05,3.33	0,0 	0
4123    	26.53, -8.79, -8.94 	-3.28, 3.56, -7.51 	0.00, -0.00 	13,21,42,663		1.48,2.20	0,0 	0
4132    	26.53, -8.81, -8.93 	-3.26, 3.58, -7.52 	0.00, -0.00 	13,21,42,673		1.52,2.04	0,0 	0
4141    	26.52, -8.82, -8.94 	-3.19, 3.61, -7.54 	0.00, -0.00 	13,21,42,683		1.03,5.30	0,0 	0
4150    	26.54, -8.82, -8.93 	-3.21, 3.61, -7.54 	0.00, -0.00 	13,21,42,693		1.48,1.48	0,0 	0
4158    	26.54, -8.83, -8.93 	-3.21, 3.67, -7.56 	0.00, -0.00 	13,21,42,702		0.82,4.93	0,0 	0
4167    	26.54, -8.82, -8.94 	-3.18, 3.70, -7.58 	0.00, -0.00 	13,21,42,712		0.76,2.55	0,0 	0
4176    	26.57, -8.82, -8.93 	-3.16, 3.70, -7.57 	0.00, -0.00 	13,21,42,722		2.22,1.48	0,0 	0
4184    	26.54, -8.83, -8.93 	-3.15, 3.71, -7.58 	0.00, -0.00 	13,21,42,731		2.37,1.10	0,0 	0
4192    	26.59, -8.82, -8.94 	-3.12, 3.71, -7.57 	0.00, -0.00 	13,21,42,740		3.52,2.75	0,0 	0
4202    	26.57, -8.83, -8.94 	-3.08, 3.69, -7.56 	0.00, -0.00 	13,21,42,751		1.57,2.86	0,0 	0
4210    	26.58, -8.86, -8.93 	-3.08, 3.68, -7.56 	0.00, -0.00 	13,21,42,760		1.80,0.82	0,0 	0
4219    	26.58, -8.87, -8.93 	-3.11, 3.67, -7.55 	0.00, -0.00 	13,21,42,770		0.76,2.19	0,0 	0
4228    	26.59, -8.87, -8.93 	-3.07, 3.64, -7.55 	0.00, -0.00 	13,21,42,780		0.74,3.88	0,0 	0
4236    	26.60, -8.87, -8.93 	-3.07, 3.62, -7.53 	0.00, -0.00 	13,21,42,789		0.74,1.64	0,0 	0
4245    	26.60, -8.90, -8.93 	-3.08, 3.58, -7.53 	0.00, -0.00 	13,21,42,799		2.28,3.12	0,0 	0
4254    	26.61, -8.88, -8.93 	-3.05, 3.56, -7.52 	0.00, -0.00 	13,21,42,809		1.80,2.78	0,0 	0
4262    	26.65, -8.89, -8.92 	-3.01, 3.48, -7.51 	0.00, -0.00 	13,21,42,818		3.07,6.51	0,0 	0
4271    	26.67, -8.90, -8.93 	-2.98, 3.39, -7.49 	0.00, -0.00 	13,21,42,828		1.57,6.48	0,0 	0
4280    	26.68, -8.92, -8.92 	-2.87, 3.24, -7.47 	0.00, -0.00 	13,21,42,838		1.80,14.20	0,0 	0
4288    	26.71, -8.92, -8.91 	-2.79, 3.05, -7.45 	0.00, -0.00 	13,21,42,847		2.22,16.03	0,0 	0
4297    	26.72, -8.94, -8.92 	-2.74, 2.87, -7.45 	0.00, -0.00 	13,21,42,857		1.67,13.48	0,0 	0
4306    	26.75, -8.96, -8.91 	-2.62, 2.75, -7.45 	0.00, -0.00 	13,21,42,867		2.76,13.31	0,0 	0
4314    	26.75, -9.05, -8.90 	-2.62, 2.63, -7.44 	0.00, -0.00 	13,21,42,876		6.56,9.05	0,0 	0
4323    	26.79, -9.08, -8.89 	-2.56, 2.52, -7.42 	0.00, -0.00 	13,21,42,886		4.45,9.41	0,0 	0
4332    	26.82, -9.14, -8.89 	-2.50, 2.47, -7.41 	0.00, -0.00 	13,21,42,896		5.40,6.10	0,0 	0
4341    	26.86, -9.19, -8.89 	-2.45, 2.43, -7.43 	0.00, -0.00 	13,21,42,906		4.42,4.99	0,0 	0
4349    	26.93, -9.22, -8.89 	-2.32, 2.39, -7.44 	0.00, -0.00 	13,21,42,915		6.22,11.58	0,0 	0
4358    	27.01, -9.24, -8.89 	-2.24, 2.38, -7.45 	0.00, -0.00 	13,21,42,925		6.15,5.99	0,0 	0
4367    	27.07, -9.28, -8.88 	-2.20, 2.37, -7.46 	0.00, -0.00 	13,21,42,935		6.13,3.09	0,0 	0
4375    	27.12, -9.40, -8.86 	-2.15, 2.32, -7.46 	0.00, -0.00 	13,21,42,944		10.56,6.04	0,0 	0
4383    	27.25, -9.55, -8.83 	-2.09, 2.25, -7.44 	0.00, -0.00 	13,21,42,953		14.98,7.21	0,0 	0
4393    	27.37, -9.69, -8.79 	-2.06, 2.22, -7.42 	0.00, -0.00 	13,21,42,964		13.33,3.11	0,0 	0
4401    	27.44, -9.82, -8.79 	-1.98, 2.16, -7.40 	0.00, -0.00 	13,21,42,973		12.04,8.41	0,0 	0
4410    	27.51, -9.96, -8.80 	-1.96, 2.09, -7.37 	0.00, -0.00 	13,21,42,983		12.59,5.17	0,0 	0
4419    	27.62, -10.09, -8.82 	-1.80, 2.06, -7.37 	0.00, -0.00 	13,21,42,993		13.25,12.14	0,0 	0
4427    	27.73, -10.18, -8.82 	-1.67, 1.99, -7.34 	0.00, -0.00 	13,21,43,2		10.46,11.55	0,0 	0
4436    	27.86, -10.26, -8.81 	-1.45, 1.91, -7.31 	0.00, -0.00 	13,21,43,12		12.27,18.35	0,0 	0
4445    	27.99, -10.34, -8.79 	-1.24, 1.84, -7.26 	0.00, -0.00 	13,21,43,22		12.14,18.51	0,0 	0
4453    	28.10, -10.48, -8.76 	-0.95, 1.78, -7.21 	0.00, -0.00 	13,21,43,31		13.87,22.65	0,0 	0
4462    	28.21, -10.70, -8.69 	-0.72, 1.73, -7.13 	0.00, -0.00 	13,21,43,41		19.04,17.58	0,0 	0
4471    	28.29, -10.93, -8.61 	-0.58, 1.61, -7.03 	0.00, -0.00 	13,21,43,51		19.22,14.43	0,0 	0
4479    	28.38, -11.14, -8.53 	-0.49, 1.57, -6.95 	0.00, -0.00 	13,21,43,60		16.94,7.48	0,0 	0
4488    	28.46, -11.36, -8.47 	-0.43, 1.53, -6.92 	0.00, -0.00 	13,21,43,70		18.20,5.11	0,0 	0
4497    	28.56, -11.53, -8.46 	-0.42, 1.50, -6.90 	0.00, -0.00 	13,21,43,80		15.44,2.90	0,0 	0
4505    	28.72, -11.77, -8.43 	-0.39, 1.45, -6.90 	0.00, -0.00 	13,21,43,89		21.57,4.70	0,0 	0
4514    	28.86, -11.99, -8.40 	-0.32, 1.38, -6.88 	0.00, -0.00 	13,21,43,99		20.48,7.21	0,0 	0
