#Time 	Sensor1         Sensor2         Target          Time            Vel             
#================================================================

16      	30.50, -13.74, -7.88 	-0.01, 0.40, -6.66 	6.84, 18.79 	13,23,13,193		0.00,0.00	0,0 	0
21      	30.50, -13.73, -7.88 	-0.01, 0.39, -6.66 	6.84, 18.79 	13,23,13,202		2.13,2.14	0,0 	0
30      	30.51, -13.76, -7.82 	-0.01, 0.39, -6.65 	6.84, 18.79 	13,23,13,212		3.71,0.00	0,0 	0
39      	30.55, -13.74, -7.83 	-0.02, 0.38, -6.64 	6.84, 18.79 	13,23,13,222		4.89,1.59	0,0 	0
47      	30.51, -13.77, -7.84 	-0.02, 0.39, -6.66 	6.84, 18.79 	13,23,13,231		6.26,1.34	0,0 	0
56      	30.52, -13.81, -7.81 	-0.03, 0.39, -6.66 	6.84, 18.79 	13,23,13,241		4.85,1.07	0,0 	0
65      	30.52, -13.82, -7.81 	-0.02, 0.40, -6.65 	6.84, 18.79 	13,23,13,251		1.18,1.59	0,0 	0
73      	30.52, -13.81, -7.79 	-0.04, 0.43, -6.68 	6.84, 18.79 	13,23,13,260		1.33,4.71	0,0 	0
82      	30.50, -13.90, -7.80 	-0.08, 0.44, -6.68 	6.84, 18.79 	13,23,13,270		9.71,4.46	0,0 	0
91      	30.48, -13.89, -7.79 	-0.10, 0.45, -6.66 	6.84, 18.79 	13,23,13,280		2.45,2.46	0,0 	0
100     	30.52, -13.86, -7.79 	-0.10, 0.44, -6.66 	6.84, 18.79 	13,23,13,290		5.56,1.19	0,0 	0
108     	30.51, -13.88, -7.80 	-0.10, 0.44, -6.66 	6.84, 18.79 	13,23,13,299		2.92,0.00	0,0 	0
117     	30.54, -13.89, -7.78 	-0.11, 0.45, -6.65 	6.84, 18.79 	13,23,13,309		4.44,1.61	0,0 	0
126     	30.59, -13.87, -7.79 	-0.14, 0.44, -6.65 	6.84, 18.79 	13,23,13,319		5.85,3.40	0,0 	0
134     	30.61, -13.84, -7.79 	-0.14, 0.46, -6.65 	6.84, 18.79 	13,23,13,328		3.59,2.67	0,0 	0
143     	30.54, -13.91, -7.79 	-0.13, 0.47, -6.65 	6.84, 18.79 	13,23,13,338		10.33,1.59	0,0 	0
152     	30.54, -13.91, -7.79 	-0.14, 0.47, -6.66 	6.84, 18.79 	13,23,13,348		0.00,1.07	0,0 	0
160     	30.54, -13.92, -7.78 	-0.16, 0.47, -6.65 	6.84, 18.79 	13,23,13,357		1.80,2.41	0,0 	0
169     	30.49, -13.94, -7.80 	-0.15, 0.48, -6.66 	6.84, 18.79 	13,23,13,367		5.85,1.59	0,0 	0
178     	30.49, -13.94, -7.80 	-0.14, 0.52, -6.67 	6.84, 18.79 	13,23,13,377		0.00,3.71	0,0 	0
186     	30.55, -13.95, -7.77 	-0.16, 0.52, -6.68 	6.84, 18.79 	13,23,13,386		8.53,2.41	0,0 	0
195     	30.61, -13.93, -7.77 	-0.11, 0.52, -6.67 	6.84, 18.79 	13,23,13,396		6.85,5.35	0,0 	0
204     	30.60, -13.93, -7.77 	-0.13, 0.52, -6.67 	6.84, 18.79 	13,23,13,406		1.07,2.14	0,0 	0
212     	30.66, -13.87, -7.77 	-0.12, 0.52, -6.66 	6.84, 18.79 	13,23,13,415		10.78,1.20	0,0 	0
221     	30.66, -13.86, -7.77 	-0.14, 0.53, -6.67 	6.84, 18.79 	13,23,13,425		1.18,2.46	0,0 	0
230     	30.61, -13.90, -7.78 	-0.13, 0.53, -6.67 	6.84, 18.79 	13,23,13,435		7.15,1.07	0,0 	0
238     	30.62, -13.90, -7.76 	-0.14, 0.53, -6.66 	6.84, 18.79 	13,23,13,444		1.20,1.20	0,0 	0
247     	30.57, -13.88, -7.77 	-0.14, 0.54, -6.66 	6.84, 18.79 	13,23,13,454		5.85,1.19	0,0 	0
256     	30.57, -13.90, -7.78 	-0.14, 0.55, -6.66 	6.84, 18.79 	13,23,13,464		2.37,1.19	0,0 	0
264     	30.56, -13.89, -7.76 	-0.12, 0.56, -6.66 	6.84, 18.79 	13,23,13,473		1.79,2.73	0,0 	0
273     	30.56, -13.93, -7.77 	-0.13, 0.56, -6.66 	6.84, 18.79 	13,23,13,483		4.74,1.07	0,0 	0
282     	30.62, -13.94, -7.76 	-0.13, 0.55, -6.66 	6.84, 18.79 	13,23,13,493		6.53,1.19	0,0 	0
291     	30.65, -13.91, -7.77 	-0.13, 0.56, -6.68 	6.84, 18.79 	13,23,13,503		4.79,1.19	0,0 	0
299     	30.64, -13.91, -7.77 	-0.16, 0.56, -6.68 	6.84, 18.79 	13,23,13,512		1.20,3.61	0,0 	0
308     	30.63, -13.98, -7.76 	-0.13, 0.56, -6.67 	6.84, 18.79 	13,23,13,522		8.36,3.21	0,0 	0
317     	30.58, -13.98, -7.76 	-0.15, 0.55, -6.67 	6.84, 18.79 	13,23,13,532		5.35,2.43	0,0 	0
325     	30.58, -13.98, -7.76 	-0.17, 0.55, -6.68 	6.84, 18.79 	13,23,13,541		0.00,2.41	0,0 	0
334     	30.57, -13.98, -7.74 	-0.15, 0.55, -6.68 	6.84, 18.79 	13,23,13,551		1.07,2.14	0,0 	0
343     	30.54, -14.00, -7.75 	-0.18, 0.57, -6.68 	6.84, 18.79 	13,23,13,561		4.89,4.02	0,0 	0
351     	30.55, -13.98, -7.75 	-0.15, 0.57, -6.67 	6.84, 18.79 	13,23,13,570		3.59,3.61	0,0 	0
360     	30.55, -13.99, -7.75 	-0.17, 0.56, -6.67 	6.84, 18.79 	13,23,13,580		1.18,2.43	0,0 	0
369     	30.55, -13.98, -7.73 	-0.15, 0.56, -6.67 	6.84, 18.79 	13,23,13,590		1.18,2.14	0,0 	0
377     	30.54, -13.98, -7.73 	-0.14, 0.58, -6.68 	6.84, 18.79 	13,23,13,599		1.20,2.91	0,0 	0
386     	30.54, -13.98, -7.73 	-0.14, 0.58, -6.68 	6.84, 18.79 	13,23,13,609		0.00,0.00	0,0 	0
395     	30.54, -13.98, -7.73 	-0.15, 0.57, -6.68 	6.84, 18.79 	13,23,13,619		0.00,1.59	0,0 	0
403     	30.54, -13.98, -7.73 	-0.14, 0.57, -6.68 	6.84, 18.79 	13,23,13,628		0.00,1.20	0,0 	0
412     	30.54, -13.97, -7.74 	-0.14, 0.56, -6.67 	6.84, 18.79 	13,23,13,638		1.60,1.19	0,0 	0
421     	30.54, -13.97, -7.75 	-0.14, 0.58, -6.68 	6.84, 18.79 	13,23,13,648		0.00,2.38	0,0 	0
429     	30.54, -13.98, -7.76 	-0.15, 0.60, -6.68 	6.84, 18.79 	13,23,13,657		1.33,2.95	0,0 	0
438     	30.53, -13.99, -7.76 	-0.17, 0.58, -6.68 	6.84, 18.79 	13,23,13,667		1.60,3.17	0,0 	0
447     	30.50, -14.04, -7.77 	-0.15, 0.59, -6.68 	6.84, 18.79 	13,23,13,677		5.72,2.43	0,0 	0
456     	30.50, -14.04, -7.77 	-0.16, 0.59, -6.67 	6.84, 18.79 	13,23,13,687		0.00,1.07	0,0 	0
464     	30.54, -14.04, -7.78 	-0.16, 0.59, -6.67 	6.84, 18.79 	13,23,13,696		4.82,0.00	0,0 	0
473     	30.54, -14.04, -7.78 	-0.15, 0.57, -6.67 	6.84, 18.79 	13,23,13,706		0.00,2.62	0,0 	0
482     	30.51, -14.10, -7.75 	-0.14, 0.58, -6.68 	6.84, 18.79 	13,23,13,716		7.80,1.59	0,0 	0
490     	30.53, -14.07, -7.76 	-0.14, 0.58, -6.68 	6.84, 18.79 	13,23,13,725		5.39,0.00	0,0 	0
499     	30.53, -14.08, -7.76 	-0.15, 0.57, -6.68 	6.84, 18.79 	13,23,13,735		1.18,1.59	0,0 	0
508     	30.53, -14.07, -7.75 	-0.15, 0.57, -6.68 	6.84, 18.79 	13,23,13,745		1.60,0.00	0,0 	0
516     	30.53, -14.08, -7.76 	-0.16, 0.57, -6.67 	6.84, 18.79 	13,23,13,754		1.33,1.20	0,0 	0
525     	30.54, -14.12, -7.75 	-0.14, 0.56, -6.68 	6.84, 18.79 	13,23,13,764		5.20,2.46	0,0 	0
534     	30.53, -14.12, -7.73 	-0.17, 0.57, -6.68 	6.84, 18.79 	13,23,13,774		1.07,3.44	0,0 	0
542     	30.53, -14.11, -7.73 	-0.15, 0.58, -6.68 	6.84, 18.79 	13,23,13,783		1.80,2.73	0,0 	0
552     	30.53, -14.11, -7.73 	-0.19, 0.58, -6.67 	6.84, 18.79 	13,23,13,794		0.96,3.85	0,0 	0
560     	30.60, -14.07, -7.74 	-0.15, 0.57, -6.66 	6.84, 18.79 	13,23,13,803		9.98,5.01	0,0 	0
568     	30.57, -14.10, -7.75 	-0.17, 0.59, -6.67 	6.84, 18.79 	13,23,13,812		5.39,3.62	0,0 	0
578     	30.57, -14.12, -7.73 	-0.15, 0.59, -6.67 	6.84, 18.79 	13,23,13,823		2.13,1.92	0,0 	0
586     	30.60, -14.10, -7.73 	-0.17, 0.58, -6.67 	6.84, 18.79 	13,23,13,832		4.49,2.73	0,0 	0
594     	30.62, -14.12, -7.72 	-0.15, 0.57, -6.66 	6.84, 18.79 	13,23,13,841		3.59,2.77	0,0 	0
603     	30.58, -14.14, -7.71 	-0.21, 0.57, -6.65 	6.84, 18.79 	13,23,13,851		4.89,6.42	0,0 	0
612     	30.59, -14.14, -7.72 	-0.19, 0.58, -6.65 	6.84, 18.79 	13,23,13,861		1.07,2.43	0,0 	0
620     	30.61, -14.11, -7.74 	-0.20, 0.59, -6.66 	6.84, 18.79 	13,23,13,870		4.67,1.81	0,0 	0
629     	30.60, -14.11, -7.74 	-0.20, 0.59, -6.66 	6.84, 18.79 	13,23,13,880		1.07,0.00	0,0 	0
638     	30.64, -14.08, -7.76 	-0.19, 0.59, -6.66 	6.84, 18.79 	13,23,13,890		5.56,1.07	0,0 	0
647     	30.66, -14.09, -7.75 	-0.15, 0.60, -6.66 	6.84, 18.79 	13,23,13,900		2.45,4.42	0,0 	0
655     	30.66, -14.09, -7.75 	-0.18, 0.59, -6.65 	6.84, 18.79 	13,23,13,909		0.00,3.83	0,0 	0
664     	30.66, -14.09, -7.75 	-0.15, 0.59, -6.64 	6.84, 18.79 	13,23,13,919		0.00,3.21	0,0 	0
673     	30.70, -14.07, -7.73 	-0.17, 0.56, -6.64 	6.84, 18.79 	13,23,13,929		4.89,4.13	0,0 	0
681     	30.63, -14.09, -7.73 	-0.19, 0.57, -6.64 	6.84, 18.79 	13,23,13,938		8.84,2.77	0,0 	0
690     	30.63, -14.09, -7.72 	-0.17, 0.58, -6.64 	6.84, 18.79 	13,23,13,948		0.00,2.43	0,0 	0
699     	30.63, -14.09, -7.73 	-0.17, 0.57, -6.64 	6.84, 18.79 	13,23,13,958		0.00,1.19	0,0 	0
707     	30.62, -14.08, -7.70 	-0.18, 0.57, -6.64 	6.84, 18.79 	13,23,13,967		1.80,1.20	0,0 	0
716     	30.65, -14.05, -7.70 	-0.18, 0.58, -6.65 	6.84, 18.79 	13,23,13,977		4.79,1.19	0,0 	0
725     	30.65, -14.05, -7.70 	-0.14, 0.58, -6.65 	6.84, 18.79 	13,23,13,987		0.00,4.28	0,0 	0
733     	30.64, -14.04, -7.73 	-0.17, 0.58, -6.65 	6.84, 18.79 	13,23,13,996		1.80,3.61	0,0 	0
742     	30.68, -14.05, -7.73 	-0.14, 0.58, -6.65 	6.84, 18.79 	13,23,14,6		4.44,3.21	0,0 	0
751     	30.69, -14.08, -7.71 	-0.17, 0.59, -6.65 	6.84, 18.79 	13,23,14,16		3.71,3.44	0,0 	0
759     	30.70, -14.09, -7.72 	-0.15, 0.59, -6.65 	6.84, 18.79 	13,23,14,25		1.79,2.41	0,0 	0
768     	30.65, -14.10, -7.72 	-0.17, 0.59, -6.65 	6.84, 18.79 	13,23,14,35		5.48,2.14	0,0 	0
777     	30.65, -14.09, -7.72 	-0.20, 0.58, -6.64 	6.84, 18.79 	13,23,14,45		1.18,3.40	0,0 	0
785     	30.61, -14.12, -7.73 	-0.20, 0.56, -6.65 	6.84, 18.79 	13,23,14,54		6.26,2.67	0,0 	0
794     	30.61, -14.13, -7.73 	-0.14, 0.56, -6.64 	6.84, 18.79 	13,23,14,64		1.18,6.42	0,0 	0
803     	30.61, -14.13, -7.73 	-0.17, 0.56, -6.64 	6.84, 18.79 	13,23,14,74		0.00,3.21	0,0 	0
812     	30.61, -14.13, -7.73 	-0.16, 0.59, -6.64 	6.84, 18.79 	13,23,14,84		0.00,3.71	0,0 	0
820     	30.60, -14.11, -7.74 	-0.16, 0.59, -6.64 	6.84, 18.79 	13,23,14,93		2.92,0.00	0,0 	0
829     	30.64, -14.11, -7.73 	-0.16, 0.59, -6.64 	6.84, 18.79 	13,23,14,103		4.28,0.00	0,0 	0
838     	30.68, -14.08, -7.72 	-0.17, 0.58, -6.63 	6.84, 18.79 	13,23,14,113		5.56,1.59	0,0 	0
846     	30.65, -14.12, -7.72 	-0.15, 0.58, -6.63 	6.84, 18.79 	13,23,14,122		6.44,2.41	0,0 	0
855     	30.67, -14.16, -7.70 	-0.18, 0.58, -6.63 	6.84, 18.79 	13,23,14,132		5.20,3.21	0,0 	0
864     	30.67, -14.16, -7.70 	-0.16, 0.59, -6.64 	6.84, 18.79 	13,23,14,142		0.00,2.43	0,0 	0
872     	30.66, -14.15, -7.69 	-0.16, 0.59, -6.64 	6.84, 18.79 	13,23,14,151		1.80,0.00	0,0 	0
881     	30.65, -14.13, -7.70 	-0.16, 0.60, -6.65 	6.84, 18.79 	13,23,14,161		2.60,1.19	0,0 	0
890     	30.65, -14.14, -7.70 	-0.16, 0.60, -6.65 	6.84, 18.79 	13,23,14,171		1.18,0.00	0,0 	0
898     	30.64, -14.11, -7.72 	-0.16, 0.60, -6.65 	6.84, 18.79 	13,23,14,180		4.17,0.00	0,0 	0
907     	30.64, -14.10, -7.72 	-0.16, 0.60, -6.65 	6.84, 18.79 	13,23,14,190		1.18,0.00	0,0 	0
916     	30.63, -14.09, -7.69 	-0.16, 0.61, -6.66 	6.84, 18.79 	13,23,14,200		1.60,1.19	0,0 	0
924     	30.63, -14.08, -7.68 	-0.17, 0.60, -6.66 	6.84, 18.79 	13,23,14,209		1.33,1.78	0,0 	0
933     	30.63, -14.08, -7.68 	-0.15, 0.61, -6.66 	6.84, 18.79 	13,23,14,219		0.00,2.43	0,0 	0
942     	30.63, -14.08, -7.68 	-0.18, 0.60, -6.66 	6.84, 18.79 	13,23,14,229		0.00,3.40	0,0 	0
950     	30.63, -14.08, -7.68 	-0.17, 0.61, -6.65 	6.84, 18.79 	13,23,14,238		0.00,1.78	0,0 	0
959     	30.63, -14.08, -7.68 	-0.18, 0.62, -6.67 	6.84, 18.79 	13,23,14,248		0.00,1.61	0,0 	0
968     	30.59, -14.11, -7.69 	-0.17, 0.62, -6.67 	6.84, 18.79 	13,23,14,258		5.56,1.07	0,0 	0
976     	30.58, -14.11, -7.69 	-0.16, 0.62, -6.66 	6.84, 18.79 	13,23,14,267		1.20,1.20	0,0 	0
985     	30.59, -14.11, -7.69 	-0.12, 0.63, -6.66 	6.84, 18.79 	13,23,14,277		1.07,4.42	0,0 	0
994     	30.58, -14.11, -7.69 	-0.17, 0.63, -6.66 	6.84, 18.79 	13,23,14,287		1.07,5.35	0,0 	0
1003    	30.63, -14.12, -7.68 	-0.15, 0.63, -6.66 	6.84, 18.79 	13,23,14,297		5.48,2.14	1000,1 	0
1011    	30.66, -14.10, -7.69 	-0.17, 0.63, -6.66 	6.84, 18.79 	13,23,14,306		4.49,2.41	1000,1 	0
1020    	30.66, -14.10, -7.69 	-0.15, 0.62, -6.65 	6.84, 18.79 	13,23,14,316		0.00,2.46	1000,1 	0
1029    	30.68, -14.12, -7.68 	-0.17, 0.63, -6.65 	6.84, 18.79 	13,23,14,326		3.19,2.46	1000,1 	0
1037    	30.67, -14.11, -7.66 	-0.15, 0.62, -6.65 	6.84, 18.79 	13,23,14,335		1.79,2.77	1000,1 	0
1046    	30.67, -14.12, -7.66 	-0.18, 0.66, -6.67 	6.84, 18.79 	13,23,14,345		1.18,4.83	1000,1 	0
1055    	30.66, -14.09, -7.67 	-0.15, 0.66, -6.67 	6.84, 18.79 	13,23,14,355		3.71,3.21	1000,1 	0
1063    	30.61, -14.09, -7.69 	-0.17, 0.66, -6.66 	6.84, 18.79 	13,23,14,364		6.02,2.41	1000,1 	0
1072    	30.61, -14.09, -7.69 	-0.15, 0.63, -6.66 	6.84, 18.79 	13,23,14,374		0.00,3.22	1000,1 	0
1081    	30.54, -14.15, -7.69 	-0.18, 0.65, -6.66 	6.84, 18.79 	13,23,14,384		10.33,3.44	1000,1 	0
1089    	30.56, -14.13, -7.69 	-0.16, 0.65, -6.65 	6.84, 18.79 	13,23,14,393		3.59,2.41	1000,1 	0
1098    	30.56, -14.12, -7.67 	-0.18, 0.65, -6.65 	6.84, 18.79 	13,23,14,403		1.18,2.14	1000,1 	0
1107    	30.62, -14.14, -7.66 	-0.16, 0.65, -6.65 	6.84, 18.79 	13,23,14,413		6.84,2.14	1000,1 	0
1115    	30.58, -14.19, -7.66 	-0.19, 0.66, -6.65 	6.84, 18.79 	13,23,14,422		7.18,3.87	1000,1 	0
1124    	30.57, -14.18, -7.66 	-0.16, 0.65, -6.66 	6.84, 18.79 	13,23,14,432		1.60,3.44	1000,1 	0
1133    	30.57, -14.19, -7.68 	-0.16, 0.65, -6.66 	6.84, 18.79 	13,23,14,442		1.18,0.00	1000,1 	0
1141    	30.57, -14.19, -7.68 	-0.16, 0.65, -6.66 	6.84, 18.79 	13,23,14,451		0.00,0.00	1000,1 	0
1151    	30.58, -14.19, -7.68 	-0.16, 0.66, -6.68 	6.84, 18.79 	13,23,14,462		0.96,1.07	1000,1 	0
1159    	30.57, -14.19, -7.68 	-0.17, 0.66, -6.67 	6.84, 18.79 	13,23,14,471		1.20,1.20	1000,1 	0
1168    	30.54, -14.21, -7.68 	-0.18, 0.67, -6.67 	6.84, 18.79 	13,23,14,481		3.99,1.61	1000,1 	0
1176    	30.56, -14.19, -7.66 	-0.17, 0.67, -6.67 	6.84, 18.79 	13,23,14,490		3.59,1.20	1000,1 	0
1185    	30.60, -14.16, -7.67 	-0.18, 0.66, -6.67 	6.84, 18.79 	13,23,14,500		4.89,1.59	1000,1 	0
1194    	30.60, -14.16, -7.67 	-0.18, 0.67, -6.67 	6.84, 18.79 	13,23,14,510		0.00,1.19	1000,1 	0
1202    	30.60, -14.18, -7.68 	-0.20, 0.67, -6.66 	6.84, 18.79 	13,23,14,519		1.33,2.41	1000,1 	0
1211    	30.61, -14.21, -7.66 	-0.20, 0.67, -6.66 	6.84, 18.79 	13,23,14,529		3.71,0.00	1000,1 	0
1220    	30.61, -14.21, -7.66 	-0.20, 0.67, -6.66 	6.84, 18.79 	13,23,14,539		0.00,0.00	1000,1 	0
1228    	30.60, -14.20, -7.65 	-0.20, 0.68, -6.66 	6.84, 18.79 	13,23,14,548		1.79,1.34	1000,1 	0
1237    	30.61, -14.21, -7.64 	-0.20, 0.68, -6.66 	6.84, 18.79 	13,23,14,558		1.60,0.00	1000,1 	0
1246    	30.63, -14.19, -7.66 	-0.21, 0.69, -6.66 	6.84, 18.79 	13,23,14,568		3.19,1.61	1000,1 	0
1254    	30.63, -14.19, -7.66 	-0.21, 0.69, -6.66 	6.84, 18.79 	13,23,14,577		0.00,0.00	1000,1 	0
1263    	30.63, -14.20, -7.66 	-0.21, 0.69, -6.68 	6.84, 18.79 	13,23,14,587		1.18,0.00	1000,1 	0
1272    	30.63, -14.19, -7.66 	-0.22, 0.68, -6.67 	6.84, 18.79 	13,23,14,597		1.18,1.59	1000,1 	0
1280    	30.63, -14.19, -7.66 	-0.18, 0.68, -6.67 	6.84, 18.79 	13,23,14,606		0.00,4.81	1000,1 	0
1289    	30.63, -14.20, -7.66 	-0.18, 0.67, -6.68 	6.84, 18.79 	13,23,14,616		1.18,1.19	1000,1 	0
1298    	30.66, -14.16, -7.66 	-0.18, 0.67, -6.68 	6.84, 18.79 	13,23,14,626		4.79,0.00	1000,1 	0
1306    	30.65, -14.15, -7.65 	-0.18, 0.67, -6.68 	6.84, 18.79 	13,23,14,635		1.80,0.00	1000,1 	0
1316    	30.63, -14.23, -7.64 	-0.18, 0.67, -6.68 	6.84, 18.79 	13,23,14,646		7.70,0.00	1000,1 	0
1324    	30.63, -14.23, -7.64 	-0.18, 0.67, -6.68 	6.84, 18.79 	13,23,14,655		0.00,0.00	1000,1 	0
1332    	30.63, -14.23, -7.64 	-0.19, 0.67, -6.67 	6.84, 18.79 	13,23,14,664		0.00,1.20	1000,1 	0
1341    	30.58, -14.22, -7.64 	-0.19, 0.67, -6.67 	6.84, 18.79 	13,23,14,674		5.48,0.00	1000,1 	0
1350    	30.56, -14.19, -7.66 	-0.20, 0.68, -6.67 	6.84, 18.79 	13,23,14,684		4.15,1.61	1000,1 	0
1359    	30.59, -14.16, -7.66 	-0.20, 0.68, -6.67 	6.84, 18.79 	13,23,14,694		3.99,0.00	1000,1 	0
1367    	30.61, -14.20, -7.66 	-0.20, 0.68, -6.67 	6.84, 18.79 	13,23,14,703		4.66,0.00	1000,1 	0
1376    	30.62, -14.22, -7.67 	-0.14, 0.68, -6.66 	6.84, 18.79 	13,23,14,713		2.60,6.42	1000,1 	0
1385    	30.66, -14.22, -7.67 	-0.16, 0.67, -6.66 	6.84, 18.79 	13,23,14,723		4.28,2.43	1000,1 	0
1393    	30.65, -14.22, -7.69 	-0.15, 0.68, -6.66 	6.84, 18.79 	13,23,14,732		1.20,1.78	1000,1 	0
1402    	30.62, -14.21, -7.67 	-0.16, 0.68, -6.65 	6.84, 18.79 	13,23,14,742		3.42,1.07	1000,1 	0
1411    	30.59, -14.25, -7.68 	-0.16, 0.68, -6.65 	6.84, 18.79 	13,23,14,752		5.72,0.00	1000,1 	0
1419    	30.60, -14.27, -7.66 	-0.16, 0.68, -6.65 	6.84, 18.79 	13,23,14,761		2.92,0.00	1000,1 	0
1428    	30.60, -14.27, -7.66 	-0.21, 0.69, -6.65 	6.84, 18.79 	13,23,14,771		0.00,5.49	1000,1 	0
1437    	30.60, -14.27, -7.66 	-0.17, 0.69, -6.65 	6.84, 18.79 	13,23,14,781		0.00,4.28	1000,1 	0
1445    	30.60, -14.27, -7.66 	-0.17, 0.70, -6.67 	6.84, 18.79 	13,23,14,790		0.00,1.34	1000,1 	0
1454    	30.60, -14.27, -7.66 	-0.15, 0.70, -6.66 	6.84, 18.79 	13,23,14,800		0.00,2.14	1000,1 	0
1463    	30.60, -14.27, -7.66 	-0.15, 0.70, -6.66 	6.84, 18.79 	13,23,14,810		0.00,0.00	1000,1 	0
1471    	30.60, -14.27, -7.66 	-0.17, 0.70, -6.68 	6.84, 18.79 	13,23,14,819		0.00,2.41	1000,1 	0
1480    	30.64, -14.25, -7.67 	-0.17, 0.70, -6.68 	6.84, 18.79 	13,23,14,829		4.89,0.00	1000,1 	0
1489    	30.64, -14.25, -7.65 	-0.17, 0.69, -6.65 	6.84, 18.79 	13,23,14,839		0.00,1.19	1000,1 	0
1497    	30.60, -14.28, -7.66 	-0.18, 0.69, -6.67 	6.84, 18.79 	13,23,14,848		6.26,1.20	1000,1 	0
1507    	30.59, -14.28, -7.66 	-0.18, 0.70, -6.67 	6.84, 18.79 	13,23,14,859		0.96,1.07	1000,1 	0
1515    	30.62, -14.30, -7.67 	-0.19, 0.69, -6.66 	6.84, 18.79 	13,23,14,868		4.49,1.78	1000,1 	0
1523    	30.62, -14.31, -7.67 	-0.18, 0.68, -6.66 	6.84, 18.79 	13,23,14,877		1.33,1.81	1000,1 	0
1532    	30.63, -14.33, -7.65 	-0.15, 0.68, -6.65 	6.84, 18.79 	13,23,14,887		2.60,3.21	1000,1 	0
1541    	30.62, -14.33, -7.68 	-0.15, 0.69, -6.64 	6.84, 18.79 	13,23,14,897		1.07,1.19	1000,1 	0
1550    	30.62, -14.32, -7.68 	-0.16, 0.70, -6.66 	6.84, 18.79 	13,23,14,907		1.18,1.61	1000,1 	0
1558    	30.60, -14.39, -7.66 	-0.17, 0.71, -6.66 	6.84, 18.79 	13,23,14,916		8.35,1.81	1000,1 	0
1567    	30.59, -14.38, -7.64 	-0.14, 0.70, -6.65 	6.84, 18.79 	13,23,14,926		1.60,3.44	1000,1 	0
1576    	30.61, -14.42, -7.65 	-0.20, 0.71, -6.66 	6.84, 18.79 	13,23,14,936		5.20,6.54	1000,1 	0
1584    	30.52, -14.44, -7.63 	-0.11, 0.70, -6.65 	6.84, 18.79 	13,23,14,945		11.16,10.93	1000,1 	0
1593    	30.53, -14.45, -7.65 	-0.16, 0.73, -6.65 	6.84, 18.79 	13,23,14,955		1.60,6.47	1000,1 	0
1602    	30.52, -14.44, -7.65 	-0.07, 0.76, -6.64 	6.84, 18.79 	13,23,14,965		1.60,10.21	1000,1 	0
1610    	30.52, -14.43, -7.62 	-0.14, 0.79, -6.63 	6.84, 18.79 	13,23,14,974		1.79,9.38	1000,1 	0
1619    	30.52, -14.46, -7.63 	-0.04, 0.78, -6.64 	6.84, 18.79 	13,23,14,984		3.71,10.78	1000,1 	0
1628    	30.52, -14.43, -7.65 	0.00, 0.83, -6.65 	6.84, 18.79 	13,23,14,994		3.55,7.10	1000,1 	0
1636    	30.52, -14.42, -7.64 	0.11, 0.88, -6.67 	6.84, 18.79 	13,23,15,3		1.79,14.73	1000,1 	0
1645    	30.56, -14.41, -7.64 	0.25, 0.91, -6.67 	6.84, 18.79 	13,23,15,13		5.48,16.38	1000,1 	0
1654    	30.55, -14.41, -7.64 	0.40, 0.94, -6.66 	6.84, 18.79 	13,23,15,23		1.07,16.38	1000,1 	0
1662    	30.54, -14.45, -7.62 	0.48, 0.96, -6.67 	6.84, 18.79 	13,23,15,32		5.46,11.11	1000,1 	0
1671    	30.52, -14.42, -7.62 	0.64, 0.95, -6.65 	6.84, 18.79 	13,23,15,42		4.79,17.17	1000,1 	0
1680    	30.58, -14.44, -7.62 	0.79, 1.00, -6.65 	6.84, 18.79 	13,23,15,52		7.86,18.03	1000,1 	0
1688    	30.57, -14.44, -7.62 	0.91, 1.12, -6.69 	6.84, 18.79 	13,23,15,61		1.20,20.45	1000,1 	0
1698    	30.53, -14.44, -7.63 	1.00, 1.23, -6.75 	6.84, 18.79 	13,23,15,72		3.85,15.08	1000,1 	0
1706    	30.52, -14.45, -7.63 	1.14, 1.39, -6.81 	6.84, 18.79 	13,23,15,81		1.80,26.77	1000,1 	0
1715    	30.52, -14.44, -7.62 	1.32, 1.52, -6.84 	6.84, 18.79 	13,23,15,91		1.18,23.78	1000,1 	0
1723    	30.55, -14.42, -7.64 	1.45, 1.63, -6.87 	6.84, 18.79 	13,23,15,100		4.49,21.34	1000,1 	0
1732    	30.54, -14.42, -7.65 	1.55, 1.74, -6.89 	6.84, 18.79 	13,23,15,110		1.07,16.76	1000,1 	0
1741    	30.51, -14.41, -7.63 	1.60, 1.87, -6.89 	6.84, 18.79 	13,23,15,120		4.44,15.54	1000,1 	0
1749    	30.53, -14.38, -7.66 	1.64, 1.97, -6.90 	6.84, 18.79 	13,23,15,129		5.39,12.89	1000,1 	0
1758    	30.53, -14.44, -7.62 	1.62, 2.07, -6.90 	6.84, 18.79 	13,23,15,139		7.10,12.10	1000,1 	0
1767    	30.51, -14.49, -7.61 	1.69, 2.16, -6.89 	6.84, 18.79 	13,23,15,149		6.74,12.01	1000,1 	0
1775    	30.40, -14.51, -7.63 	1.72, 2.34, -6.90 	6.84, 18.79 	13,23,15,158		13.31,22.95	1000,1 	0
1784    	30.42, -14.45, -7.66 	1.76, 2.50, -6.93 	6.84, 18.79 	13,23,15,168		6.30,18.53	1000,1 	0
1793    	30.47, -14.46, -7.66 	1.90, 2.68, -6.97 	6.84, 18.79 	13,23,15,178		5.48,24.96	1000,1 	0
1801    	30.43, -14.43, -7.69 	1.96, 2.88, -7.00 	6.84, 18.79 	13,23,15,187		6.26,26.63	1000,1 	0
1810    	30.44, -14.36, -7.71 	2.09, 3.09, -7.02 	6.84, 18.79 	13,23,15,197		8.36,26.33	1000,1 	0
1819    	30.49, -14.33, -7.70 	2.20, 3.31, -7.08 	6.84, 18.79 	13,23,15,207		5.85,27.88	1000,1 	0
1827    	30.52, -14.26, -7.78 	2.26, 3.53, -7.14 	6.84, 18.79 	13,23,15,216		10.00,28.87	1000,1 	0
1836    	30.52, -14.23, -7.76 	2.31, 3.68, -7.19 	6.84, 18.79 	13,23,15,226		3.55,17.74	1000,1 	0
1845    	30.55, -14.19, -7.78 	2.32, 3.83, -7.22 	6.84, 18.79 	13,23,15,236		6.39,16.65	1000,1 	0
1853    	30.51, -14.13, -7.80 	2.36, 3.99, -7.23 	6.84, 18.79 	13,23,15,245		8.97,20.55	1000,1 	0
1862    	30.52, -13.99, -7.83 	2.36, 4.17, -7.29 	6.84, 18.79 	13,23,15,255		15.43,20.20	1000,1 	0
1871    	30.35, -14.08, -7.88 	2.38, 4.44, -7.35 	6.84, 18.79 	13,23,15,265		20.52,29.82	1000,1 	0
1879    	30.36, -14.04, -7.93 	2.41, 4.74, -7.41 	6.84, 18.79 	13,23,15,274		5.46,37.54	1000,1 	0
1888    	30.17, -14.06, -7.95 	2.35, 5.05, -7.46 	6.84, 18.79 	13,23,15,284		21.54,35.14	1000,1 	0
1897    	30.13, -13.92, -8.04 	2.34, 5.35, -7.54 	6.84, 18.79 	13,23,15,294		15.97,33.30	1000,1 	0
1905    	30.17, -13.80, -8.12 	2.33, 5.67, -7.62 	6.84, 18.79 	13,23,15,303		15.42,40.13	1000,1 	0
1914    	30.19, -13.64, -8.19 	2.35, 5.94, -7.69 	6.84, 18.79 	13,23,15,313		17.89,29.82	1000,1 	0
1923    	30.17, -13.42, -8.24 	2.31, 6.14, -7.72 	6.84, 18.79 	13,23,15,323		24.95,23.27	1000,1 	0
1932    	30.15, -13.35, -8.26 	2.21, 6.29, -7.78 	6.84, 18.79 	13,23,15,333		7.42,19.91	1000,1 	0
1940    	30.18, -13.19, -8.30 	2.13, 6.42, -7.84 	6.84, 18.79 	13,23,15,342		20.30,18.83	1000,1 	0
1949    	30.07, -13.11, -8.28 	2.13, 6.58, -7.88 	6.84, 18.79 	13,23,15,352		15.11,17.82	1000,1 	0
1958    	30.04, -13.07, -8.31 	2.06, 6.73, -7.93 	6.84, 18.79 	13,23,15,362		5.72,18.34	1000,1 	0
1966    	29.97, -13.07, -8.33 	1.98, 6.90, -7.98 	6.84, 18.79 	13,23,15,371		9.63,23.58	1000,1 	0
1975    	29.94, -13.01, -8.37 	1.90, 7.10, -8.06 	6.84, 18.79 	13,23,15,381		6.73,23.15	1000,1 	0
1984    	29.93, -12.90, -8.43 	1.85, 7.29, -8.16 	6.84, 18.79 	13,23,15,391		13.07,22.12	1000,1 	0
1992    	29.84, -12.86, -8.46 	1.84, 7.50, -8.25 	6.84, 18.79 	13,23,15,400		11.55,26.77	1000,1 	0
2001    	29.79, -12.74, -8.52 	1.79, 7.68, -8.33 	6.84, 18.79 	13,23,15,410		15.18,20.97	1000,1 	0
2010    	29.82, -12.56, -8.54 	1.70, 7.84, -8.42 	6.84, 18.79 	13,23,15,419		20.38,19.91	1000,1 	0
2018    	29.83, -12.51, -8.56 	1.65, 8.02, -8.52 	6.84, 18.79 	13,23,15,429		5.46,23.59	1000,1 	0
2027    	29.83, -12.43, -8.56 	1.63, 8.27, -8.64 	6.84, 18.79 	13,23,15,439		9.47,28.62	1000,1 	0
2036    	29.85, -12.40, -8.61 	1.59, 8.57, -8.72 	6.84, 18.79 	13,23,15,448		4.15,33.60	1000,1 	0
2044    	29.79, -12.38, -8.61 	1.53, 8.79, -8.78 	6.84, 18.79 	13,23,15,458		8.53,27.79	1000,1 	0
2053    	29.78, -12.27, -8.64 	1.48, 9.00, -8.83 	6.84, 18.79 	13,23,15,467		13.07,24.43	1000,1 	0
2062    	29.68, -12.30, -8.66 	1.54, 9.23, -8.89 	6.84, 18.79 	13,23,15,477		11.28,25.94	1000,1 	0
2070    	29.63, -12.27, -8.64 	1.62, 9.42, -8.90 	6.84, 18.79 	13,23,15,487		7.22,25.77	1000,1 	0
2079    	29.61, -12.28, -8.64 	1.68, 9.56, -8.90 	6.84, 18.79 	13,23,15,496		2.45,16.63	1000,1 	0
2088    	29.64, -12.25, -8.65 	1.70, 9.67, -8.89 	6.84, 18.79 	13,23,15,506		4.79,13.41	1000,1 	0
2096    	29.66, -12.21, -8.67 	1.78, 9.82, -8.89 	6.84, 18.79 	13,23,15,516		4.67,20.91	1000,1 	0
2106    	29.67, -12.19, -8.68 	1.85, 10.00, -8.89 	6.84, 18.79 	13,23,15,526		2.34,19.63	1000,1 	0
2114    	29.64, -12.19, -8.70 	1.98, 10.19, -8.89 	6.84, 18.79 	13,23,15,535		3.61,27.39	1000,1 	0
2123    	29.68, -12.13, -8.71 	2.11, 10.37, -8.86 	6.84, 18.79 	13,23,15,545		8.30,24.96	1000,1 	0
2131    	29.65, -12.16, -8.69 	2.22, 10.57, -8.83 	6.84, 18.79 	13,23,15,554		5.39,28.46	1000,1 	0
2140    	29.70, -12.18, -8.68 	2.42, 10.78, -8.78 	6.84, 18.79 	13,23,15,564		5.85,32.44	1000,1 	0
2149    	29.69, -12.18, -8.67 	2.57, 11.00, -8.73 	6.84, 18.79 	13,23,15,574		1.07,30.04	1000,1 	0
2157    	29.71, -12.17, -8.69 	2.74, 11.24, -8.66 	6.84, 18.79 	13,23,15,583		2.75,36.25	1000,1 	0
2166    	29.65, -12.14, -8.70 	2.97, 11.49, -8.62 	6.84, 18.79 	13,23,15,593		7.34,38.07	1000,1 	0
2175    	29.65, -12.14, -8.69 	3.18, 11.70, -8.57 	6.84, 18.79 	13,23,15,603		0.00,33.18	1000,1 	0
2183    	29.67, -12.13, -8.69 	3.39, 11.89, -8.51 	6.84, 18.79 	13,23,15,612		2.75,35.49	1000,1 	0
2192    	29.71, -12.12, -8.72 	3.53, 11.97, -8.42 	6.84, 18.79 	13,23,15,622		4.44,17.01	1000,1 	0
2201    	29.68, -12.14, -8.68 	3.67, 12.06, -8.34 	6.84, 18.79 	13,23,15,632		3.99,19.14	1000,1 	0
2209    	29.70, -12.11, -8.69 	3.83, 12.19, -8.27 	6.84, 18.79 	13,23,15,641		4.67,25.80	1000,1 	0
2218    	29.66, -12.20, -8.67 	4.03, 12.36, -8.21 	6.84, 18.79 	13,23,15,651		11.49,29.20	1000,1 	0
2227    	29.69, -12.17, -8.67 	4.20, 12.50, -8.17 	6.84, 18.79 	13,23,15,661		4.79,23.67	1000,1 	0
2235    	29.71, -12.22, -8.65 	4.31, 12.66, -8.11 	6.84, 18.79 	13,23,15,670		7.08,24.53	1000,1 	0
2244    	29.72, -12.17, -8.63 	4.42, 12.86, -8.10 	6.84, 18.79 	13,23,15,680		6.02,25.79	1000,1 	0
2253    	29.72, -12.13, -8.65 	4.61, 13.10, -8.10 	6.84, 18.79 	13,23,15,690		4.74,34.44	1000,1 	0
2261    	29.68, -12.12, -8.65 	4.74, 13.32, -8.09 	6.84, 18.79 	13,23,15,699		5.00,30.76	1000,1 	0
2270    	29.75, -12.05, -8.67 	4.85, 13.50, -8.07 	6.84, 18.79 	13,23,15,709		10.33,23.76	1000,1 	0
2279    	29.85, -12.00, -8.67 	4.95, 13.67, -8.06 	6.84, 18.79 	13,23,15,719		13.18,21.67	1000,1 	0
2287    	29.91, -11.98, -8.67 	5.03, 13.81, -8.03 	6.84, 18.79 	13,23,15,728		7.70,20.33	1000,1 	0
2297    	30.01, -12.01, -8.63 	5.16, 13.99, -8.02 	6.84, 18.79 	13,23,15,739		10.15,21.91	1000,1 	0
2305    	30.06, -12.04, -8.60 	5.24, 14.12, -7.99 	6.84, 18.79 	13,23,15,748		7.22,20.33	1000,1 	0
2314    	30.00, -12.09, -8.58 	5.26, 14.26, -7.98 	6.84, 18.79 	13,23,15,758		7.98,15.56	1000,1 	0
2322    	29.98, -12.10, -8.56 	5.27, 14.40, -7.96 	6.84, 18.79 	13,23,15,767		2.75,17.40	1000,1 	0
2331    	30.04, -12.09, -8.58 	5.33, 14.57, -7.96 	6.84, 18.79 	13,23,15,777		6.53,19.97	1000,1 	0
2340    	30.01, -12.07, -8.58 	5.41, 14.73, -7.97 	6.84, 18.79 	13,23,15,787		3.99,20.12	1000,1 	0
2348    	30.00, -12.12, -8.57 	5.45, 14.90, -7.98 	6.84, 18.79 	13,23,15,796		6.77,21.85	1000,1 	0
2357    	29.96, -12.07, -8.60 	5.48, 15.03, -7.98 	6.84, 18.79 	13,23,15,806		7.30,14.56	1000,1 	0
2366    	29.97, -12.02, -8.59 	5.52, 15.17, -7.98 	6.84, 18.79 	13,23,15,816		4.86,16.27	1000,1 	0
2374    	30.03, -11.96, -8.61 	5.54, 15.26, -7.98 	6.84, 18.79 	13,23,15,825		10.78,10.92	1000,1 	0
2383    	30.04, -11.95, -8.56 	5.57, 15.33, -7.97 	6.84, 18.79 	13,23,15,835		1.60,8.87	1000,1 	0
2392    	30.13, -11.89, -8.56 	5.59, 15.43, -7.96 	6.84, 18.79 	13,23,15,845		12.24,10.87	1000,1 	0
2400    	30.03, -11.91, -8.56 	5.63, 15.53, -7.95 	6.84, 18.79 	13,23,15,854		13.31,14.14	1000,1 	0
2409    	30.06, -11.92, -8.56 	5.66, 15.66, -7.95 	6.84, 18.79 	13,23,15,864		3.42,14.82	1000,1 	0
2418    	30.05, -11.91, -8.54 	5.73, 15.80, -7.93 	6.84, 18.79 	13,23,15,874		1.60,17.06	1000,1 	0
2426    	29.95, -11.94, -8.56 	5.77, 15.92, -7.91 	6.84, 18.79 	13,23,15,883		12.69,15.40	1000,1 	0
2435    	29.97, -11.87, -8.57 	5.83, 16.04, -7.89 	6.84, 18.79 	13,23,15,893		7.42,15.54	1000,1 	0
2444    	30.01, -11.84, -8.59 	5.86, 16.16, -7.88 	6.84, 18.79 	13,23,15,903		5.56,13.69	1000,1 	0
2452    	29.99, -11.81, -8.59 	5.97, 16.30, -7.86 	6.84, 18.79 	13,23,15,912		4.66,21.68	1000,1 	0
2461    	30.01, -11.73, -8.59 	6.05, 16.42, -7.83 	6.84, 18.79 	13,23,15,922		8.56,16.11	1000,1 	0
2470    	29.99, -11.70, -8.59 	6.12, 16.50, -7.79 	6.84, 18.79 	13,23,15,932		4.15,12.01	1000,1 	0
2479    	30.05, -11.76, -8.59 	6.15, 16.61, -7.76 	6.84, 18.79 	13,23,15,942		8.73,12.26	1000,1 	0
2488    	30.09, -11.69, -8.58 	6.25, 16.75, -7.72 	6.84, 18.79 	13,23,15,952		8.90,19.27	1000,1 	0
2496    	30.13, -11.62, -8.58 	6.33, 16.85, -7.66 	6.84, 18.79 	13,23,15,961		10.50,16.35	1000,1 	0
2505    	30.14, -11.67, -8.56 	6.39, 16.96, -7.60 	6.84, 18.79 	13,23,15,971		6.01,13.42	1000,1 	0
2513    	30.11, -11.64, -8.57 	6.47, 17.06, -7.55 	6.84, 18.79 	13,23,15,980		5.38,17.07	1000,1 	0
2522    	30.11, -11.62, -8.59 	6.57, 17.22, -7.52 	6.84, 18.79 	13,23,15,990		2.37,20.64	1000,1 	0
2531    	30.11, -11.58, -8.62 	6.66, 17.35, -7.48 	6.84, 18.79 	13,23,16,0		4.74,17.69	1000,1 	0
2539    	30.14, -11.58, -8.61 	6.69, 17.47, -7.42 	6.84, 18.79 	13,23,16,9		3.61,15.08	1000,1 	0
2548    	30.12, -11.55, -8.61 	6.77, 17.55, -7.37 	6.84, 18.79 	13,23,16,19		3.19,12.69	1000,1 	0
2557    	30.15, -11.52, -8.64 	6.82, 17.64, -7.33 	6.84, 18.79 	13,23,16,29		4.79,10.83	1000,1 	0
2565    	30.13, -11.48, -8.60 	6.86, 17.71, -7.29 	6.84, 18.79 	13,23,16,38		5.84,11.05	1000,1 	0
2574    	30.18, -11.48, -8.60 	6.88, 17.79, -7.27 	6.84, 18.79 	13,23,16,48		5.35,8.55	1000,1 	0
2583    	30.13, -11.48, -8.60 	6.88, 17.86, -7.26 	6.84, 18.79 	13,23,16,58		5.35,8.32	1000,1 	0
2591    	30.18, -11.43, -8.59 	6.90, 17.95, -7.25 	6.84, 18.79 	13,23,16,67		8.98,10.92	1000,1 	0
2600    	30.10, -11.45, -8.58 	6.89, 18.03, -7.25 	6.84, 18.79 	13,23,16,77		9.92,9.58	1000,1 	0
2609    	30.12, -11.40, -8.57 	6.90, 18.12, -7.24 	6.84, 18.79 	13,23,16,87		5.72,9.55	1000,1 	0
2617    	30.08, -11.40, -8.58 	6.91, 18.17, -7.22 	6.84, 18.79 	13,23,16,96		6.02,6.77	1000,1 	0
2626    	30.05, -11.42, -8.57 	6.90, 18.23, -7.20 	6.84, 18.79 	13,23,16,106		3.42,6.05	1000,1 	0
2635    	30.11, -11.39, -8.60 	6.89, 18.28, -7.18 	6.84, 18.79 	13,23,16,116		7.86,6.05	1000,1 	0
2643    	30.12, -11.38, -8.60 	6.91, 18.33, -7.17 	6.84, 18.79 	13,23,16,125		1.80,7.07	1000,1 	0
2652    	30.10, -11.33, -8.58 	6.90, 18.37, -7.14 	6.84, 18.79 	13,23,16,135		6.29,3.74	1000,1 	0
2661    	30.16, -11.32, -8.59 	6.91, 18.40, -7.12 	6.84, 18.79 	13,23,16,145		6.53,3.71	1000,1 	0
2670    	30.22, -11.27, -8.60 	6.90, 18.43, -7.11 	6.84, 18.79 	13,23,16,155		8.74,3.74	1000,1 	0
2679    	30.16, -11.30, -8.58 	6.90, 18.47, -7.10 	6.84, 18.79 	13,23,16,165		7.34,4.75	1000,1 	0
2687    	30.19, -11.29, -8.59 	6.89, 18.50, -7.08 	6.84, 18.79 	13,23,16,174		3.85,4.20	1000,1 	0
2696    	30.13, -11.32, -8.60 	6.89, 18.50, -7.07 	6.84, 18.79 	13,23,16,184		7.34,0.00	1000,1 	0
2704    	30.09, -11.33, -8.59 	6.88, 18.50, -7.05 	6.84, 18.79 	13,23,16,193		6.17,1.20	1000,1 	0
2713    	30.06, -11.31, -8.59 	6.87, 18.52, -7.04 	6.84, 18.79 	13,23,16,203		3.99,1.61	1000,1 	0
2722    	30.09, -11.24, -8.60 	6.89, 18.54, -7.02 	6.84, 18.79 	13,23,16,213		7.80,3.17	1000,1 	0
2730    	30.13, -11.21, -8.58 	6.89, 18.54, -7.01 	6.84, 18.79 	13,23,16,222		7.23,0.00	1000,1 	0
2739    	30.12, -11.20, -8.60 	6.88, 18.56, -7.00 	6.84, 18.79 	13,23,16,232		1.60,2.62	1000,1 	0
2748    	30.14, -11.19, -8.61 	6.87, 18.56, -7.00 	6.84, 18.79 	13,23,16,242		2.45,1.07	1000,1 	0
2756    	30.16, -11.21, -8.60 	6.87, 18.56, -7.00 	6.84, 18.79 	13,23,16,251		3.59,0.00	1000,1 	0
2765    	30.16, -11.21, -8.60 	6.86, 18.58, -7.00 	6.84, 18.79 	13,23,16,261		0.00,2.62	1000,1 	0
2774    	30.13, -11.20, -8.60 	6.86, 18.58, -6.99 	6.84, 18.79 	13,23,16,271		3.42,0.00	1000,1 	0
2782    	30.09, -11.22, -8.60 	6.84, 18.59, -6.99 	6.84, 18.79 	13,23,16,280		6.59,2.77	1000,1 	0
2791    	30.11, -11.15, -8.61 	6.84, 18.59, -6.97 	6.84, 18.79 	13,23,16,290		8.89,0.00	1000,1 	0
2800    	30.14, -11.13, -8.59 	6.84, 18.59, -6.97 	6.84, 18.79 	13,23,16,300		3.99,0.00	1000,1 	0
2808    	30.16, -11.12, -8.60 	6.84, 18.60, -6.97 	6.84, 18.79 	13,23,16,309		2.75,1.34	1000,1 	0
2817    	30.16, -11.13, -8.60 	6.85, 18.61, -6.97 	6.84, 18.79 	13,23,16,319		1.18,1.59	1000,1 	0
2826    	30.17, -11.15, -8.62 	6.84, 18.62, -6.97 	6.84, 18.79 	13,23,16,329		2.60,1.61	1000,1 	0
2834    	30.15, -11.14, -8.62 	6.83, 18.62, -6.97 	6.84, 18.79 	13,23,16,338		2.75,1.20	1000,1 	0
2843    	30.17, -11.16, -8.60 	6.85, 18.63, -6.97 	6.84, 18.79 	13,23,16,348		3.19,2.43	1000,1 	0
2852    	30.14, -11.16, -8.61 	6.84, 18.63, -6.97 	6.84, 18.79 	13,23,16,358		3.21,1.07	1000,1 	0
2861    	30.13, -11.16, -8.61 	6.83, 18.62, -6.97 	6.84, 18.79 	13,23,16,368		1.07,1.59	1000,1 	0
2870    	30.15, -11.18, -8.60 	6.82, 18.64, -6.97 	6.84, 18.79 	13,23,16,378		3.19,2.62	1000,1 	0
2878    	30.20, -11.14, -8.58 	6.83, 18.64, -6.97 	6.84, 18.79 	13,23,16,387		8.04,1.20	1000,1 	0
2887    	30.19, -11.18, -8.60 	6.83, 18.65, -6.97 	6.84, 18.79 	13,23,16,397		4.86,1.19	1000,1 	0
2895    	30.18, -11.21, -8.57 	6.81, 18.67, -6.97 	6.84, 18.79 	13,23,16,406		4.17,2.77	1000,1 	0
2904    	30.20, -11.19, -8.56 	6.80, 18.68, -6.97 	6.84, 18.79 	13,23,16,416		3.19,1.61	1000,1 	0
2913    	30.19, -11.19, -8.60 	6.79, 18.68, -6.97 	6.84, 18.79 	13,23,16,426		1.07,1.07	1000,1 	0
2921    	30.18, -11.18, -8.57 	6.78, 18.69, -6.97 	6.84, 18.79 	13,23,16,435		1.80,1.81	1000,1 	0
2930    	30.17, -11.18, -8.56 	6.76, 18.70, -6.97 	6.84, 18.79 	13,23,16,445		1.07,2.46	1000,1 	0
2939    	30.18, -11.20, -8.58 	6.73, 18.73, -6.98 	6.84, 18.79 	13,23,16,455		2.60,4.83	1000,1 	0
2947    	30.20, -11.19, -8.57 	6.73, 18.75, -6.98 	6.84, 18.79 	13,23,16,464		2.75,2.67	1000,1 	0
2956    	30.17, -11.18, -8.60 	6.71, 18.78, -6.99 	6.84, 18.79 	13,23,16,474		3.42,4.18	1000,1 	0
2965    	30.18, -11.20, -8.55 	6.69, 18.78, -6.97 	6.84, 18.79 	13,23,16,484		2.60,2.14	1000,1 	0
2973    	30.24, -11.16, -8.56 	6.65, 18.80, -6.97 	6.84, 18.79 	13,23,16,493		8.98,5.01	1000,1 	0
2982    	30.20, -11.18, -8.58 	6.65, 18.81, -6.98 	6.84, 18.79 	13,23,16,503		4.89,1.19	1000,1 	0
2991    	30.22, -11.20, -8.56 	6.64, 18.82, -6.98 	6.84, 18.79 	13,23,16,513		3.19,1.61	1000,1 	0
2999    	30.21, -11.19, -8.55 	6.66, 18.83, -6.98 	6.84, 18.79 	13,23,16,522		1.79,2.73	1000,1 	0
3008    	30.20, -11.18, -8.56 	6.65, 18.84, -6.98 	6.84, 18.79 	13,23,16,532		1.60,1.61	1000,1 	0
3017    	30.20, -11.12, -8.59 	6.64, 18.83, -6.98 	6.84, 18.79 	13,23,16,542		7.10,1.59	1000,1 	0
3026    	30.26, -11.13, -8.56 	6.64, 18.83, -6.98 	6.84, 18.79 	13,23,16,552		6.53,0.00	1000,1 	0
3034    	30.27, -11.07, -8.56 	6.63, 18.83, -6.98 	6.84, 18.79 	13,23,16,561		6.77,1.20	1000,1 	0
3043    	30.19, -11.10, -8.57 	6.62, 18.83, -6.98 	0.00, -0.00 	13,23,16,581		8.89,1.07	1000,1 	0
3052    	30.20, -11.10, -8.55 	6.61, 18.84, -6.97 	0.00, -0.00 	13,23,16,591		1.93,2.90	1000,1 	0
3060    	30.19, -11.09, -8.56 	6.61, 18.84, -6.97 	0.00, -0.00 	13,23,16,600		2.87,0.00	1000,1 	0
3069    	30.20, -11.09, -8.56 	6.61, 18.84, -6.97 	0.00, -0.00 	13,23,16,610		1.61,0.00	1000,1 	0
3077    	30.26, -11.10, -8.56 	6.61, 18.83, -6.97 	0.00, -0.00 	13,23,16,619		11.75,2.86	1000,1 	0
3086    	30.27, -11.13, -8.56 	6.61, 18.83, -6.97 	0.00, -0.00 	13,23,16,629		6.68,0.00	1000,1 	0
3095    	30.29, -11.14, -8.56 	6.61, 18.84, -6.97 	0.00, -0.00 	13,23,16,639		3.67,2.38	1000,1 	0
3103    	30.25, -11.16, -8.56 	6.61, 18.84, -6.97 	0.00, -0.00 	13,23,16,648		8.81,1.92	1000,1 	0
3112    	30.26, -11.17, -8.57 	6.61, 18.84, -6.97 	0.00, -0.00 	13,23,16,658		2.39,0.00	1000,1 	0
3121    	30.29, -11.19, -8.55 	6.61, 18.83, -6.97 	0.00, -0.00 	13,23,16,668		5.98,2.42	1000,1 	0
3129    	30.28, -11.19, -8.54 	6.61, 18.83, -6.96 	0.00, -0.00 	13,23,16,677		1.93,0.00	1000,1 	0
3138    	30.30, -11.19, -8.55 	6.61, 18.83, -6.97 	0.00, -0.00 	13,23,16,687		3.21,1.60	1000,1 	0
3147    	30.24, -11.20, -8.53 	6.61, 18.83, -6.96 	0.00, -0.00 	13,23,16,697		9.80,0.00	1000,1 	0
3155    	30.26, -11.21, -8.54 	6.61, 18.83, -6.96 	0.00, -0.00 	13,23,16,706		4.40,0.00	1000,1 	0
3164    	30.25, -11.20, -8.56 	6.61, 18.83, -6.96 	0.00, -0.00 	13,23,16,716		2.39,0.00	1000,1 	0
3173    	30.28, -11.19, -8.55 	6.60, 18.83, -6.96 	0.00, -0.00 	13,23,16,726		6.16,1.92	1000,1 	0
3181    	30.28, -11.19, -8.57 	6.61, 18.84, -6.97 	0.00, -0.00 	13,23,16,735		0.00,2.86	1000,1 	0
3190    	30.30, -11.20, -8.54 	6.61, 18.84, -6.97 	0.00, -0.00 	13,23,16,745		3.67,0.00	1000,1 	0
3199    	30.30, -11.20, -8.55 	6.61, 18.84, -6.97 	0.00, -0.00 	13,23,16,755		0.00,0.00	1000,1 	0
3208    	30.31, -11.19, -8.55 	6.61, 18.84, -6.96 	0.00, -0.00 	13,23,16,765		2.87,0.00	1000,1 	0
3216    	30.32, -11.19, -8.55 	6.60, 18.84, -6.96 	0.00, -0.00 	13,23,16,774		1.93,1.92	1000,1 	0
3225    	30.31, -11.16, -8.56 	6.60, 18.83, -6.96 	0.00, -0.00 	13,23,16,784		5.56,1.78	1000,1 	0
3234    	30.28, -11.18, -8.54 	6.60, 18.83, -6.96 	0.00, -0.00 	13,23,16,794		7.18,0.00	1000,1 	0
3243    	30.23, -11.19, -8.55 	6.60, 18.83, -6.96 	0.00, -0.00 	13,23,16,804		9.87,0.00	1000,1 	0
3251    	30.23, -11.20, -8.56 	6.60, 18.83, -6.96 	0.00, -0.00 	13,23,16,813		2.13,0.00	1000,1 	0
3260    	30.25, -11.22, -8.53 	6.59, 18.83, -6.96 	0.00, -0.00 	13,23,16,823		5.74,1.92	1000,1 	0
3268    	30.24, -11.19, -8.56 	6.60, 18.83, -6.96 	0.00, -0.00 	13,23,16,832		8.34,2.41	1000,1 	0
3277    	30.25, -11.19, -8.53 	6.60, 18.83, -6.96 	0.00, -0.00 	13,23,16,842		1.61,0.00	1000,1 	0
3286    	30.22, -11.21, -8.53 	6.60, 18.83, -6.96 	0.00, -0.00 	13,23,16,852		7.18,0.00	1000,1 	0
3294    	30.25, -11.19, -8.54 	6.61, 18.83, -6.96 	0.00, -0.00 	13,23,16,861		7.18,1.92	1000,1 	0
3303    	30.25, -11.19, -8.53 	6.61, 18.83, -6.96 	0.00, -0.00 	13,23,16,871		0.00,0.00	1000,1 	0
3312    	30.28, -11.22, -8.52 	6.61, 18.82, -6.96 	0.00, -0.00 	13,23,16,881		8.62,2.14	1000,1 	0
3320    	30.27, -11.21, -8.52 	6.60, 18.82, -6.95 	0.00, -0.00 	13,23,16,890		2.87,1.92	1000,1 	0
3329    	30.25, -11.26, -8.52 	6.61, 18.82, -6.95 	0.00, -0.00 	13,23,16,900		7.80,1.60	1000,1 	0
3338    	30.24, -11.23, -8.53 	6.60, 18.82, -6.95 	0.00, -0.00 	13,23,16,910		4.68,1.92	1000,1 	0
3346    	30.26, -11.26, -8.52 	6.61, 18.83, -6.95 	0.00, -0.00 	13,23,16,919		5.74,2.86	1000,1 	0
3355    	30.29, -11.22, -8.52 	6.60, 18.83, -6.96 	0.00, -0.00 	13,23,16,929		7.18,1.60	1000,1 	0
3365    	30.31, -11.24, -8.53 	6.59, 18.83, -6.96 	0.00, -0.00 	13,23,16,939		5.74,1.92	1000,1 	0
3373    	30.29, -11.22, -8.54 	6.60, 18.82, -6.95 	0.00, -0.00 	13,23,16,948		7.18,3.62	1000,1 	0
3382    	30.29, -11.22, -8.54 	6.61, 18.83, -6.95 	0.00, -0.00 	13,23,16,958		0.00,2.86	1000,1 	0
3391    	30.30, -11.23, -8.51 	6.61, 18.83, -6.95 	0.00, -0.00 	13,23,16,968		3.59,0.00	1000,1 	0
3400    	30.30, -11.22, -8.51 	6.61, 18.82, -6.95 	0.00, -0.00 	13,23,16,978		2.66,2.67	1000,1 	0
3408    	30.32, -11.24, -8.53 	6.61, 18.82, -6.96 	0.00, -0.00 	13,23,16,987		7.18,0.00	1000,1 	0
3417    	30.33, -11.27, -8.51 	6.61, 18.83, -6.96 	0.00, -0.00 	13,23,16,997		4.68,2.14	1000,1 	0
3426    	30.34, -11.27, -8.52 	6.60, 18.83, -6.96 	0.00, -0.00 	13,23,17,7		2.41,2.41	1000,1 	0
3434    	30.34, -11.27, -8.52 	6.61, 18.83, -6.96 	0.00, -0.00 	13,23,17,16		0.00,2.41	1000,1 	0
3443    	30.35, -11.28, -8.53 	6.61, 18.84, -6.96 	0.00, -0.00 	13,23,17,26		2.87,2.14	1000,1 	0
3452    	30.33, -11.27, -8.53 	6.61, 18.83, -6.96 	0.00, -0.00 	13,23,17,36		5.50,2.67	1000,1 	0
3460    	30.35, -11.28, -8.51 	6.60, 18.84, -6.96 	0.00, -0.00 	13,23,17,45		7.34,4.83	1000,1 	0
3469    	30.36, -11.28, -8.52 	6.61, 18.84, -6.96 	0.00, -0.00 	13,23,17,55		1.93,3.85	1000,1 	0
3478    	30.36, -11.28, -8.52 	6.61, 18.85, -6.96 	0.00, -0.00 	13,23,17,65		0.00,2.67	1000,1 	0
3486    	30.35, -11.29, -8.52 	6.61, 18.84, -6.96 	0.00, -0.00 	13,23,17,74		4.79,3.56	1000,1 	0
3495    	30.30, -11.26, -8.51 	6.61, 18.85, -6.96 	0.00, -0.00 	13,23,17,84		11.56,2.14	1000,1 	0
3505    	30.29, -11.24, -8.52 	6.61, 18.84, -6.96 	0.00, -0.00 	13,23,17,95		3.59,2.67	1000,1 	0
3513    	30.31, -11.27, -8.49 	6.61, 18.85, -6.96 	0.00, -0.00 	13,23,17,103		9.57,4.83	1000,1 	0
3522    	30.31, -11.24, -8.51 	6.60, 18.85, -6.97 	0.00, -0.00 	13,23,17,113		5.33,2.41	1000,1 	0
3531    	30.30, -11.22, -8.52 	6.61, 18.85, -6.96 	0.00, -0.00 	13,23,17,123		7.79,3.21	1000,1 	0
3539    	30.30, -11.22, -8.54 	6.60, 18.86, -6.97 	0.00, -0.00 	13,23,17,132		0.00,3.56	1000,1 	0
3548    	30.31, -11.22, -8.51 	6.60, 18.86, -6.97 	0.00, -0.00 	13,23,17,142		2.41,0.00	1000,1 	0
3557    	30.31, -11.22, -8.51 	6.60, 18.86, -6.97 	0.00, -0.00 	13,23,17,152		0.00,0.00	1000,1 	0
3566    	30.32, -11.23, -8.52 	6.61, 18.86, -6.96 	0.00, -0.00 	13,23,17,162		4.79,3.21	1000,1 	0
3574    	30.31, -11.23, -8.52 	6.61, 18.87, -6.97 	0.00, -0.00 	13,23,17,171		3.21,3.56	1000,1 	0
3583    	30.36, -11.21, -8.50 	6.60, 18.87, -6.97 	0.00, -0.00 	13,23,17,181		17.56,3.21	1000,1 	0
3592    	30.33, -11.23, -8.50 	6.61, 18.87, -6.96 	0.00, -0.00 	13,23,17,191		11.97,3.21	1000,1 	0
3600    	30.34, -11.26, -8.51 	6.60, 18.87, -6.96 	0.00, -0.00 	13,23,17,200		7.79,3.21	1000,1 	0
3609    	30.34, -11.26, -8.50 	6.60, 18.86, -6.96 	0.00, -0.00 	13,23,17,210		0.00,2.67	1000,1 	0
3618    	30.30, -11.27, -8.50 	6.60, 18.86, -6.96 	0.00, -0.00 	13,23,17,220		13.33,0.00	1000,1 	0
3627    	30.29, -11.26, -8.50 	6.60, 18.87, -6.96 	0.00, -0.00 	13,23,17,230		4.79,3.56	1000,1 	0
3635    	30.34, -11.26, -8.50 	6.60, 18.87, -6.96 	0.00, -0.00 	13,23,17,239		9.63,0.00	1000,1 	0
3644    	30.37, -11.23, -8.50 	6.60, 18.88, -6.96 	0.00, -0.00 	13,23,17,249		11.01,2.67	1000,1 	0
3652    	30.38, -11.24, -8.48 	6.61, 18.88, -6.96 	0.00, -0.00 	13,23,17,258		4.79,3.21	1000,1 	0
3661    	30.33, -11.28, -8.50 	6.61, 18.90, -6.97 	0.00, -0.00 	13,23,17,268		13.21,4.28	1000,1 	0
3670    	30.33, -11.29, -8.51 	6.61, 18.90, -6.97 	0.00, -0.00 	13,23,17,278		2.66,0.00	1000,1 	0
3678    	30.32, -11.28, -8.52 	6.61, 18.90, -6.97 	0.00, -0.00 	13,23,17,287		3.59,0.00	1000,1 	0
3687    	30.33, -11.29, -8.53 	6.61, 18.90, -6.97 	0.00, -0.00 	13,23,17,297		2.87,0.00	1000,1 	0
3696    	30.34, -11.30, -8.50 	6.60, 18.90, -6.97 	0.00, -0.00 	13,23,17,307		3.59,2.41	1000,1 	0
3704    	30.34, -11.30, -8.50 	6.60, 18.90, -6.97 	0.00, -0.00 	13,23,17,316		0.00,2.41	1000,1 	0
3713    	30.35, -11.30, -8.51 	6.59, 18.90, -6.97 	0.00, -0.00 	13,23,17,326		1.93,1.92	1000,1 	0
3722    	30.35, -11.30, -8.51 	6.59, 18.90, -6.96 	0.00, -0.00 	13,23,17,336		0.00,0.00	1000,1 	0
3730    	30.34, -11.28, -8.52 	6.59, 18.90, -6.96 	0.00, -0.00 	13,23,17,345		5.84,0.00	1000,1 	0
3739    	30.34, -11.28, -8.52 	6.60, 18.90, -6.96 	0.00, -0.00 	13,23,17,355		0.00,1.92	1000,1 	0
3748    	30.35, -11.29, -8.49 	6.59, 18.91, -6.96 	0.00, -0.00 	13,23,17,365		3.59,2.67	1000,1 	0
3757    	30.36, -11.29, -8.50 	6.58, 18.90, -6.96 	0.00, -0.00 	13,23,17,375		2.41,5.47	1000,1 	0
3765    	30.36, -11.29, -8.50 	6.59, 18.91, -6.96 	0.00, -0.00 	13,23,17,384		0.00,3.57	1000,1 	0
3774    	30.36, -11.29, -8.50 	6.59, 18.91, -6.96 	0.00, -0.00 	13,23,17,394		0.00,0.00	1000,1 	0
3783    	30.37, -11.31, -8.48 	6.58, 18.91, -6.96 	0.00, -0.00 	13,23,17,404		5.84,2.41	1000,1 	0
3791    	30.37, -11.31, -8.49 	6.58, 18.91, -6.96 	0.00, -0.00 	13,23,17,413		2.41,0.00	1000,1 	0
3800    	30.37, -11.31, -8.49 	6.59, 18.91, -6.96 	0.00, -0.00 	13,23,17,423		0.00,1.92	1000,1 	0
3809    	30.37, -11.31, -8.49 	6.59, 18.91, -6.96 	0.00, -0.00 	13,23,17,433		0.00,2.41	1000,1 	0
3818    	30.37, -11.28, -8.50 	6.59, 18.92, -6.96 	0.00, -0.00 	13,23,17,443		7.99,3.62	1000,1 	0
3826    	30.37, -11.28, -8.49 	6.59, 18.92, -6.96 	0.00, -0.00 	13,23,17,452		2.41,2.41	1000,1 	0
3835    	30.37, -11.29, -8.49 	6.59, 18.93, -6.96 	0.00, -0.00 	13,23,17,462		3.59,2.67	1000,1 	0
3843    	30.37, -11.31, -8.48 	6.59, 18.93, -6.96 	0.00, -0.00 	13,23,17,471		7.10,3.21	1000,1 	0
3852    	30.39, -11.32, -8.49 	6.59, 18.92, -6.96 	0.00, -0.00 	13,23,17,481		4.40,2.14	1000,1 	0
3861    	30.35, -11.33, -8.47 	6.59, 18.93, -6.96 	0.00, -0.00 	13,23,17,491		12.34,2.67	1000,1 	0
3869    	30.35, -11.33, -8.47 	6.58, 18.94, -6.95 	0.00, -0.00 	13,23,17,500		0.00,2.41	1000,1 	0
3878    	30.36, -11.35, -8.48 	6.58, 18.92, -6.96 	0.00, -0.00 	13,23,17,510		5.74,2.14	1000,1 	0
3887    	30.36, -11.35, -8.48 	6.57, 18.95, -6.96 	0.00, -0.00 	13,23,17,520		0.00,5.90	1000,1 	0
3895    	30.36, -11.35, -8.49 	6.57, 18.94, -6.96 	0.00, -0.00 	13,23,17,529		0.00,2.67	1000,1 	0
3904    	30.36, -11.35, -8.49 	6.58, 18.94, -6.96 	0.00, -0.00 	13,23,17,539		0.00,1.92	1000,1 	0
3913    	30.37, -11.35, -8.46 	6.57, 18.94, -6.96 	0.00, -0.00 	13,23,17,549		2.41,2.41	1000,1 	0
3922    	30.38, -11.36, -8.46 	6.57, 18.94, -6.96 	0.00, -0.00 	13,23,17,559		3.59,0.00	1000,1 	0
3930    	30.37, -11.33, -8.47 	6.58, 18.94, -6.96 	0.00, -0.00 	13,23,17,568		9.33,2.41	1000,1 	0
3939    	30.39, -11.35, -8.46 	6.57, 18.94, -6.96 	0.00, -0.00 	13,23,17,578		8.97,2.41	1000,1 	0
3948    	30.35, -11.35, -8.46 	6.59, 18.93, -6.96 	0.00, -0.00 	13,23,17,588		12.04,4.81	1000,1 	0
3956    	30.35, -11.36, -8.47 	6.58, 18.95, -6.96 	0.00, -0.00 	13,23,17,597		2.66,3.62	0,0 	0
3965    	30.36, -11.36, -8.46 	6.58, 18.96, -6.96 	0.00, -0.00 	13,23,17,607		2.41,2.67	0,0 	0
3974    	30.33, -11.37, -8.47 	6.57, 18.95, -6.96 	0.00, -0.00 	13,23,17,617		7.70,3.57	0,0 	0
3982    	30.36, -11.40, -8.46 	6.56, 18.95, -6.97 	0.00, -0.00 	13,23,17,626		10.77,2.41	0,0 	0
3991    	30.38, -11.38, -8.47 	6.56, 18.96, -6.97 	0.00, -0.00 	13,23,17,636		7.18,2.14	0,0 	0
4000    	30.37, -11.42, -8.47 	6.57, 18.95, -6.97 	0.00, -0.00 	13,23,17,646		8.35,3.62	0,0 	0
4008    	30.36, -11.40, -8.49 	6.55, 18.96, -6.97 	0.00, -0.00 	13,23,17,655		3.59,5.54	0,0 	0
4017    	30.36, -11.39, -8.49 	6.52, 18.91, -6.97 	0.00, -0.00 	13,23,17,665		2.13,10.25	0,0 	0
4026    	30.34, -11.40, -8.49 	6.49, 18.88, -6.96 	0.00, -0.00 	13,23,17,675		7.70,10.71	0,0 	0
4034    	30.35, -11.40, -8.47 	6.45, 18.82, -6.94 	0.00, -0.00 	13,23,17,684		2.41,18.58	0,0 	0
4043    	30.34, -11.42, -8.49 	6.43, 18.74, -6.93 	0.00, -0.00 	13,23,17,694		2.87,15.40	0,0 	0
4052    	30.34, -11.44, -8.47 	6.39, 18.66, -6.91 	0.00, -0.00 	13,23,17,704		5.33,23.32	0,0 	0
4060    	30.36, -11.43, -8.48 	6.38, 18.58, -6.90 	0.00, -0.00 	13,23,17,713		7.34,25.66	0,0 	0
4069    	30.30, -11.44, -8.48 	6.33, 18.45, -6.89 	0.00, -0.00 	13,23,17,723		11.76,29.28	0,0 	0
4078    	30.37, -11.46, -8.46 	6.26, 18.10, -6.85 	0.00, -0.00 	13,23,17,733		19.99,86.92	0,0 	0
4086    	30.36, -11.46, -8.47 	6.13, 17.61, -6.80 	0.00, -0.00 	13,23,17,742		4.82,126.99	0,0 	0
4095    	30.44, -11.40, -8.46 	6.06, 17.30, -6.77 	0.00, -0.00 	13,23,17,752		20.36,63.67	0,0 	0
4104    	30.39, -11.43, -8.47 	6.00, 17.00, -6.76 	0.00, -0.00 	13,23,17,762		13.17,76.01	0,0 	0
4113    	30.47, -11.44, -8.45 	5.91, 16.67, -6.74 	0.00, -0.00 	13,23,17,772		19.45,85.93	0,0 	0
4121    	30.50, -11.47, -8.47 	5.80, 16.29, -6.71 	0.00, -0.00 	13,23,17,781		10.77,100.04	0,0 	0
4130    	30.40, -11.59, -8.44 	5.67, 15.95, -6.70 	0.00, -0.00 	13,23,17,791		37.94,90.63	0,0 	0
4139    	30.45, -11.63, -8.42 	5.58, 15.63, -6.68 	0.00, -0.00 	13,23,17,801		16.07,83.37	0,0 	0
4147    	30.40, -11.71, -8.41 	5.51, 15.33, -6.69 	0.00, -0.00 	13,23,17,810		24.48,76.46	0,0 	0
4156    	30.41, -11.76, -8.42 	5.39, 15.03, -6.71 	0.00, -0.00 	13,23,17,820		10.92,80.68	0,0 	0
4165    	30.40, -11.80, -8.41 	5.25, 14.70, -6.73 	0.00, -0.00 	13,23,17,830		10.93,89.88	0,0 	0
4173    	30.52, -11.80, -8.40 	5.13, 14.38, -6.75 	0.00, -0.00 	13,23,17,839		28.90,85.63	0,0 	0
4182    	30.54, -11.82, -8.42 	4.99, 14.01, -6.77 	0.00, -0.00 	13,23,17,849		5.74,79.16	0,0 	0
4191    	30.58, -11.85, -8.39 	4.85, 13.63, -6.76 	0.00, -0.00 	13,23,17,859		12.51,102.26	0,0 	0
4200    	30.59, -11.93, -8.36 	4.66, 13.23, -6.76 	0.00, -0.00 	13,23,17,869		18.80,109.32	0,0 	0
4208    	30.60, -12.04, -8.33 	4.46, 12.86, -6.75 	0.00, -0.00 	13,23,17,878		29.69,105.65	0,0 	0
4217    	30.58, -12.16, -8.29 	4.27, 12.51, -6.79 	0.00, -0.00 	13,23,17,888		30.18,99.84	0,0 	0
4225    	30.60, -12.25, -8.29 	4.10, 12.19, -6.83 	0.00, -0.00 	13,23,17,897		29.99,120.74	0,0 	0
4234    	30.57, -12.40, -8.28 	3.90, 11.87, -6.87 	0.00, -0.00 	13,23,17,907		30.82,75.30	0,0 	0
4243    	30.50, -12.49, -8.24 	3.68, 11.50, -6.90 	0.00, -0.00 	13,23,17,917		29.32,107.97	0,0 	0
4251    	30.49, -12.45, -8.28 	3.51, 11.10, -6.92 	0.00, -0.00 	13,23,17,926		10.92,107.36	0,0 	0
4260    	30.47, -12.47, -8.27 	3.40, 10.74, -6.94 	0.00, -0.00 	13,23,17,936		5.75,75.95	0,0 	0
4269    	30.50, -12.46, -8.30 	3.28, 10.35, -6.96 	0.00, -0.00 	13,23,17,946		7.70,103.27	0,0 	0
4277    	30.59, -12.46, -8.30 	3.14, 10.03, -7.00 	0.00, -0.00 	13,23,17,955		21.68,86.50	0,0 	0
4286    	30.56, -12.44, -8.30 	3.00, 9.67, -7.05 	0.00, -0.00 	13,23,17,965		7.18,75.84	0,0 	0
4295    	30.54, -12.42, -8.32 	2.88, 9.35, -7.09 	0.00, -0.00 	13,23,17,975		7.18,85.63	0,0 	0
4304    	30.61, -12.42, -8.31 	2.72, 9.04, -7.13 	0.00, -0.00 	13,23,17,985		19.27,89.46	0,0 	0
4312    	30.59, -12.43, -8.31 	2.58, 8.75, -7.18 	0.00, -0.00 	13,23,17,994		5.51,80.20	0,0 	0
4321    	30.49, -12.45, -8.31 	2.40, 8.42, -7.23 	0.00, -0.00 	13,23,18,4		27.03,94.03	0,0 	0
4330    	30.40, -12.45, -8.32 	2.29, 8.13, -7.27 	0.00, -0.00 	13,23,18,14		21.68,76.49	0,0 	0
4338    	30.47, -12.32, -8.34 	2.23, 7.92, -7.32 	0.00, -0.00 	13,23,18,23		36.15,55.16	0,0 	0
4347    	30.46, -12.26, -8.34 	2.15, 7.71, -7.35 	0.00, -0.00 	13,23,18,33		16.16,54.91	0,0 	0
4356    	30.50, -12.20, -8.35 	2.00, 7.48, -7.40 	0.00, -0.00 	13,23,18,43		16.44,69.79	0,0 	0
4364    	30.51, -12.17, -8.36 	1.93, 7.23, -7.44 	0.00, -0.00 	13,23,18,52		8.35,63.50	0,0 	0
4373    	30.50, -12.19, -8.35 	1.86, 6.93, -7.45 	0.00, -0.00 	13,23,18,62		4.68,63.67	0,0 	0
4382    	30.51, -12.17, -8.34 	1.74, 6.61, -7.42 	0.00, -0.00 	13,23,18,72		5.85,84.81	0,0 	0
4391    	30.50, -12.21, -8.31 	1.52, 6.27, -7.36 	0.00, -0.00 	13,23,18,82		10.92,102.47	0,0 	0
4399    	30.51, -12.25, -8.29 	1.36, 5.97, -7.34 	0.00, -0.00 	13,23,18,91		8.34,83.64	0,0 	0
4408    	30.50, -12.26, -8.30 	1.32, 5.68, -7.37 	0.00, -0.00 	13,23,18,101		3.59,72.98	0,0 	0
4416    	30.36, -12.28, -8.28 	1.26, 5.42, -7.40 	0.00, -0.00 	13,23,18,110		45.52,87.39	0,0 	0
4425    	30.35, -12.28, -8.28 	1.20, 5.18, -7.42 	0.00, -0.00 	13,23,18,120		1.93,50.80	0,0 	0
4434    	30.32, -12.26, -8.30 	1.10, 4.92, -7.43 	0.00, -0.00 	13,23,18,130		11.01,68.17	0,0 	0
4442    	30.33, -12.24, -8.29 	1.04, 4.70, -7.48 	0.00, -0.00 	13,23,18,139		7.18,57.75	0,0 	0
4451    	30.29, -12.24, -8.29 	0.99, 4.46, -7.52 	0.00, -0.00 	13,23,18,149		9.63,48.27	0,0 	0
4460    	30.37, -12.18, -8.33 	0.91, 4.12, -7.49 	0.00, -0.00 	13,23,18,159		25.45,87.39	0,0 	0
4469    	30.34, -12.23, -8.30 	0.77, 3.78, -7.45 	0.00, -0.00 	13,23,18,169		12.88,92.33	0,0 	0
4477    	30.31, -12.21, -8.31 	0.67, 3.46, -7.42 	0.00, -0.00 	13,23,18,178		9.99,84.06	0,0 	0
4486    	30.33, -12.26, -8.24 	0.60, 3.16, -7.45 	0.00, -0.00 	13,23,18,188		11.69,76.46	0,0 	0
4495    	30.29, -12.33, -8.25 	0.60, 2.92, -7.46 	0.00, -0.00 	13,23,18,198		20.99,61.49	0,0 	0
4503    	30.29, -12.29, -8.26 	0.49, 2.68, -7.48 	0.00, -0.00 	13,23,18,207		10.65,64.12	0,0 	0
4512    	30.31, -12.29, -8.25 	0.41, 2.39, -7.45 	0.00, -0.00 	13,23,18,217		4.82,75.03	0,0 	0
4521    	30.25, -12.37, -8.22 	0.36, 2.14, -7.48 	0.00, -0.00 	13,23,18,227		25.75,65.09	0,0 	0
4529    	30.27, -12.41, -8.25 	0.35, 1.91, -7.51 	0.00, -0.00 	13,23,18,236		7.46,44.92	0,0 	0
4538    	30.11, -12.42, -8.23 	0.32, 1.73, -7.52 	0.00, -0.00 	13,23,18,246		30.90,36.72	0,0 	0
4547    	30.17, -12.36, -8.26 	0.29, 1.55, -7.55 	0.00, -0.00 	13,23,18,256		15.73,37.04	0,0 	0
4555    	30.09, -12.38, -8.27 	0.17, 1.34, -7.55 	0.00, -0.00 	13,23,18,265		16.00,48.30	0,0 	0
